350	0.037030
351	0.037101
352	0.037181
353	0.037270
354	0.037370
355	0.037481
356	0.037604
357	0.037738
358	0.037881
359	0.038029
360	0.038186
361	0.038395
362	0.038636
363	0.038905
364	0.039189
365	0.039469
366	0.039725
367	0.039946
368	0.040136
369	0.040311
370	0.040484
371	0.040665
372	0.040857
373	0.041061
374	0.041281
375	0.041519
376	0.041773
377	0.042043
378	0.042325
379	0.042615
380	0.042913
381	0.043229
382	0.043562
383	0.043900
384	0.044240
385	0.044583
386	0.044931
387	0.045281
388	0.045632
389	0.045979
390	0.046317
391	0.046644
392	0.046964
393	0.047282
394	0.047607
395	0.047944
396	0.048289
397	0.048632
398	0.048963
399	0.049284
400	0.049595
401	0.049892
402	0.050169
403	0.050426
404	0.050670
405	0.050910
406	0.051161
407	0.051433
408	0.051727
409	0.052042
410	0.052367
411	0.052692
412	0.053008
413	0.053312
414	0.053611
415	0.053917
416	0.054235
417	0.054560
418	0.054887
419	0.055213
420	0.055542
421	0.055880
422	0.056229
423	0.056584
424	0.056943
425	0.057305
426	0.057673
427	0.058055
428	0.058457
429	0.058875
430	0.059298
431	0.059718
432	0.060129
433	0.060533
434	0.060932
435	0.061325
436	0.061711
437	0.062092
438	0.062470
439	0.062851
440	0.063238
441	0.063630
442	0.064024
443	0.064417
444	0.064806
445	0.065188
446	0.065561
447	0.065925
448	0.066283
449	0.066637
450	0.066987
451	0.067330
452	0.067661
453	0.067980
454	0.068291
455	0.068599
456	0.068899
457	0.069190
458	0.069470
459	0.069737
460	0.069993
461	0.070238
462	0.070475
463	0.070706
464	0.070929
465	0.071145
466	0.071359
467	0.071576
468	0.071800
469	0.072029
470	0.072259
471	0.072489
472	0.072718
473	0.072948
474	0.073178
475	0.073410
476	0.073643
477	0.073879
478	0.074122
479	0.074369
480	0.074621
481	0.074880
482	0.075145
483	0.075418
484	0.075702
485	0.075996
486	0.076300
487	0.076615
488	0.076942
489	0.077276
490	0.077614
491	0.077956
492	0.078301
493	0.078652
494	0.079007
495	0.079369
496	0.079738
497	0.080113
498	0.080496
499	0.080888
500	0.081290
501	0.081701
502	0.082118
503	0.082539
504	0.082967
505	0.083408
506	0.083864
507	0.084332
508	0.084806
509	0.085283
510	0.085765
511	0.086255
512	0.086758
513	0.087274
514	0.087806
515	0.088351
516	0.088909
517	0.089480
518	0.090066
519	0.090663
520	0.091265
521	0.091869
522	0.092471
523	0.093069
524	0.093663
525	0.094254
526	0.094841
527	0.095423
528	0.096000
529	0.096572
530	0.097137
531	0.097696
532	0.098248
533	0.098796
534	0.099337
535	0.099870
536	0.100393
537	0.100906
538	0.101411
539	0.101911
540	0.102407
541	0.102902
542	0.103399
543	0.103900
544	0.104408
545	0.104923
546	0.105445
547	0.105972
548	0.106502
549	0.107031
550	0.107558
551	0.108085
552	0.108614
553	0.109146
554	0.109680
555	0.110216
556	0.110750
557	0.111270
558	0.111762
559	0.112214
560	0.112620
561	0.112983
562	0.113313
563	0.113620
564	0.113916
565	0.114212
566	0.114517
567	0.114836
568	0.115169
569	0.115512
570	0.115856
571	0.116194
572	0.116519
573	0.116836
574	0.117156
575	0.117489
576	0.117838
577	0.118195
578	0.118545
579	0.118877
580	0.119185
581	0.119466
582	0.119723
583	0.119959
584	0.120184
585	0.120413
586	0.120658
587	0.120932
588	0.121237
589	0.121567
590	0.121913
591	0.122262
592	0.122609
593	0.122952
594	0.123290
595	0.123620
596	0.123940
597	0.124250
598	0.124550
599	0.124837
600	0.125109
601	0.125362
602	0.125594
603	0.125807
604	0.126001
605	0.126182
606	0.126354
607	0.126524
608	0.126695
609	0.126870
610	0.127045
611	0.127221
612	0.127393
613	0.127562
614	0.127726
615	0.127889
616	0.128047
617	0.128201
618	0.128350
619	0.128502
620	0.128659
621	0.128826
622	0.129000
623	0.129180
624	0.129365
625	0.129553
626	0.129745
627	0.129943
628	0.130146
629	0.130351
630	0.130556
631	0.130760
632	0.130962
633	0.131159
634	0.131344
635	0.131515
636	0.131669
637	0.131808
638	0.131937
639	0.132058
640	0.132171
641	0.132275
642	0.132371
643	0.132460
644	0.132550
645	0.132642
646	0.132740
647	0.132844
648	0.132959
649	0.133088
650	0.133229
651	0.133380
652	0.133537
653	0.133694
654	0.133848
655	0.133993
656	0.134129
657	0.134256
658	0.134375
659	0.134487
660	0.134593
661	0.134698
662	0.134804
663	0.134911
664	0.135022
665	0.135141
666	0.135272
667	0.135416
668	0.135572
669	0.135737
670	0.135909
671	0.136087
672	0.136270
673	0.136458
674	0.136650
675	0.136847
676	0.137047
677	0.137249
678	0.137459
679	0.137683
680	0.137926
681	0.138192
682	0.138478
683	0.138784
684	0.139113
685	0.139469
686	0.139855
687	0.140271
688	0.140719
689	0.141202
690	0.141735
691	0.142330
692	0.142997
693	0.143740
694	0.144554
695	0.145434
696	0.146375
697	0.147371
698	0.148415
699	0.149499
700	0.150613
701	0.151748
702	0.152898
703	0.154064
704	0.155251
705	0.156457
706	0.157680
707	0.158918
708	0.160178
709	0.161459
710	0.162751
711	0.164033
712	0.165288
713	0.166513
714	0.167724
715	0.168943
716	0.170191
717	0.171482
718	0.172819
719	0.174196
720	0.175603
721	0.177027
722	0.178450
723	0.179854
724	0.181221
725	0.182544
726	0.183835
727	0.185116
728	0.186401
729	0.187691
730	0.188969
731	0.190217
732	0.191423
733	0.192580
734	0.193684
735	0.194733
736	0.195728
737	0.196674
738	0.197579
739	0.198447
740	0.199277
741	0.200066
742	0.200807
743	0.201499
744	0.202143
745	0.202743
746	0.203305
747	0.203832
748	0.204324
749	0.204782
750	0.205211
751	0.205616
752	0.206005
753	0.206387
754	0.206764
755	0.207132
756	0.207487
757	0.207817
758	0.208114
759	0.208374
760	0.208599
761	0.208795
762	0.208971
763	0.209138
764	0.209307
765	0.209491
766	0.209699
767	0.209935
768	0.210193
769	0.210462
770	0.210727
771	0.210980
772	0.211217
773	0.211439
774	0.211653
775	0.211861
776	0.212061
777	0.212255
778	0.212443
779	0.212628
780	0.212814
781	0.213001
782	0.213187
783	0.213363
784	0.213522
785	0.213662
786	0.213790
787	0.213918
788	0.214055
789	0.214203
790	0.214360
791	0.214521
792	0.214686
793	0.214854
794	0.215025
795	0.215198
796	0.215364
797	0.215516
798	0.215650
799	0.215775
800	0.215906
801	0.216057
802	0.216227
803	0.216404
804	0.216581
805	0.216751
806	0.216910
807	0.217050
808	0.217162
809	0.217232
810	0.217252
811	0.217229
812	0.217183
813	0.217138
814	0.217120
815	0.217141
816	0.217201
817	0.217293
818	0.217414
819	0.217567
820	0.217749
821	0.217948
822	0.218149
823	0.218340
824	0.218510
825	0.218663
826	0.218809
827	0.218954
828	0.219102
829	0.219251
830	0.219400
831	0.219548
832	0.219705
833	0.219879
834	0.220069
835	0.220266
836	0.220458
837	0.220637
838	0.220805
839	0.220966
840	0.221127
841	0.221287
842	0.221445
843	0.221602
844	0.221757
845	0.221909
846	0.222056
847	0.222199
848	0.222337
849	0.222470
850	0.222598
851	0.222726
852	0.222853
853	0.222974
854	0.223080
855	0.223175
856	0.223263
857	0.223353
858	0.223453
859	0.223563
860	0.223685
861	0.223821
862	0.223967
863	0.224115
864	0.224250
865	0.224359
866	0.224435
867	0.224484
868	0.224522
869	0.224564
870	0.224618
871	0.224687
872	0.224774
873	0.224881
874	0.225003
875	0.225136
876	0.225275
877	0.225414
878	0.225549
879	0.225674
880	0.225792
881	0.225907
882	0.226018
883	0.226118
884	0.226204
885	0.226278
886	0.226344
887	0.226398
888	0.226436
889	0.226459
890	0.226464
891	0.226446
892	0.226399
893	0.226322
894	0.226219
895	0.226101
896	0.225985
897	0.225889
898	0.225837
899	0.225851
900	0.225934
901	0.226075
902	0.226243
903	0.226399
904	0.226511
905	0.226566
906	0.226575
907	0.226552
908	0.226500
909	0.226423
910	0.226343
911	0.226287
912	0.226277
913	0.226348
914	0.226525
915	0.226798
916	0.227127
917	0.227466
918	0.227773
919	0.228016
920	0.228169
921	0.228205
922	0.228098
923	0.227843
924	0.227465
925	0.227010
926	0.226530
927	0.226073
928	0.225675
929	0.225339
930	0.225042
931	0.224772
932	0.224529
933	0.224311
934	0.224118
935	0.223950
936	0.223806
937	0.223685
938	0.223587
939	0.223511
940	0.223456
941	0.223421
942	0.223407
943	0.223413
944	0.223437
945	0.223480
946	0.223540
947	0.223617
948	0.223710
949	0.223820
950	0.223944
951	0.224083
952	0.224235
953	0.224401
954	0.224579
955	0.224769
956	0.224971
957	0.225183
958	0.225405
959	0.225637
960	0.225877
961	0.226126
962	0.226382
963	0.226645
964	0.226915
965	0.227190
966	0.227470
967	0.227754
968	0.228042
969	0.228333
970	0.228627
971	0.228923
972	0.229220
973	0.229517
974	0.229815
975	0.230112
976	0.230407
977	0.230701
978	0.230992
979	0.231280
980	0.231564
981	0.231844
982	0.232116
983	0.232373
984	0.232618
985	0.232860
986	0.233111
987	0.233380
988	0.233672
989	0.233988
990	0.234325
991	0.234680
992	0.235049
993	0.235426
994	0.235803
995	0.236170
996	0.236522
997	0.236858
998	0.237185
999	0.237510
1000	0.237839
1001	0.238168
1002	0.238494
1003	0.238818
1004	0.239139
1005	0.239457
1006	0.239772
1007	0.240083
1008	0.240391
1009	0.240694
1010	0.240993
1011	0.241288
1012	0.241579
1013	0.241865
1014	0.242146
1015	0.242422
1016	0.242693
1017	0.242959
1018	0.243220
1019	0.243475
1020	0.243725
1021	0.243970
1022	0.244208
1023	0.244442
1024	0.244670
1025	0.244892
1026	0.245108
1027	0.245319
1028	0.245524
1029	0.245724
1030	0.245918
1031	0.246105
1032	0.246286
1033	0.246461
1034	0.246634
1035	0.246806
1036	0.246977
1037	0.247146
1038	0.247311
1039	0.247468
1040	0.247616
1041	0.247756
1042	0.247885
1043	0.248004
1044	0.248114
1045	0.248217
1046	0.248315
1047	0.248412
1048	0.248513
1049	0.248617
1050	0.248721
1051	0.248826
1052	0.248931
1053	0.249036
1054	0.249140
1055	0.249244
1056	0.249347
1057	0.249449
1058	0.249550
1059	0.249649
1060	0.249747
1061	0.249844
1062	0.249939
1063	0.250032
1064	0.250123
1065	0.250212
1066	0.250298
1067	0.250382
1068	0.250463
1069	0.250541
1070	0.250616
1071	0.250688
1072	0.250756
1073	0.250821
1074	0.250882
1075	0.250939
1076	0.250993
1077	0.251041
1078	0.251086
1079	0.251126
1080	0.251161
1081	0.251192
1082	0.251217
1083	0.251237
1084	0.251252
1085	0.251261
1086	0.251265
1087	0.251263
1088	0.251254
1089	0.251240
1090	0.251219
1091	0.251191
1092	0.251159
1093	0.251125
1094	0.251088
1095	0.251041
1096	0.250972
1097	0.250868
1098	0.250729
1099	0.250564
1100	0.250390
1101	0.250233
1102	0.250105
1103	0.250010
1104	0.249942
1105	0.249898
1106	0.249876
1107	0.249864
1108	0.249833
1109	0.249733
1110	0.249515
1111	0.249152
1112	0.248646
1113	0.248040
1114	0.247394
1115	0.246732
1116	0.246042
1117	0.245311
1118	0.244565
1119	0.243867
1120	0.243297
1121	0.242918
1122	0.242714
1123	0.242616
1124	0.242557
1125	0.242501
1126	0.242444
1127	0.242391
1128	0.242347
1129	0.242314
1130	0.242286
1131	0.242298
1132	0.242414
1133	0.242664
1134	0.243016
1135	0.243391
1136	0.243686
1137	0.243791
1138	0.243649
1139	0.243274
1140	0.242712
1141	0.242027
1142	0.241303
1143	0.240617
1144	0.240027
1145	0.239569
1146	0.239272
1147	0.239148
1148	0.239188
1149	0.239371
1150	0.239677
1151	0.240081
1152	0.240549
1153	0.241059
1154	0.241587
1155	0.242106
1156	0.242592
1157	0.243036
1158	0.243437
1159	0.243800
1160	0.244140
1161	0.244472
1162	0.244799
1163	0.245116
1164	0.245415
1165	0.245690
1166	0.245931
1167	0.246137
1168	0.246315
1169	0.246482
1170	0.246646
1171	0.246812
1172	0.246981
1173	0.247151
1174	0.247319
1175	0.247473
1176	0.247603
1177	0.247694
1178	0.247738
1179	0.247744
1180	0.247731
1181	0.247716
1182	0.247720
1183	0.247754
1184	0.247823
1185	0.247924
1186	0.248048
1187	0.248187
1188	0.248328
1189	0.248465
1190	0.248592
1191	0.248707
1192	0.248813
1193	0.248916
1194	0.249019
1195	0.249124
1196	0.249232
1197	0.249344
1198	0.249459
1199	0.249576
1200	0.249693
1201	0.249811
1202	0.249931
1203	0.250061
1204	0.250207
1205	0.250366
1206	0.250530
1207	0.250686
1208	0.250826
1209	0.250952
1210	0.251079
1211	0.251221
1212	0.251384
1213	0.251566
1214	0.251761
1215	0.251965
1216	0.252174
1217	0.252389
1218	0.252612
1219	0.252838
1220	0.253058
1221	0.253266
1222	0.253464
1223	0.253653
1224	0.253834
1225	0.254005
1226	0.254159
1227	0.254294
1228	0.254418
1229	0.254543
1230	0.254684
1231	0.254853
1232	0.255054
1233	0.255280
1234	0.255521
1235	0.255760
1236	0.255986
1237	0.256188
1238	0.256361
1239	0.256504
1240	0.256625
1241	0.256732
1242	0.256833
1243	0.256939
1244	0.257054
1245	0.257182
1246	0.257323
1247	0.257474
1248	0.257630
1249	0.257780
1250	0.257913
1251	0.258021
1252	0.258105
1253	0.258174
1254	0.258239
1255	0.258312
1256	0.258394
1257	0.258481
1258	0.258566
1259	0.258646
1260	0.258717
1261	0.258783
1262	0.258847
1263	0.258916
1264	0.258997
1265	0.259098
1266	0.259224
1267	0.259370
1268	0.259526
1269	0.259674
1270	0.259800
1271	0.259897
1272	0.259971
1273	0.260037
1274	0.260109
1275	0.260199
1276	0.260312
1277	0.260447
1278	0.260591
1279	0.260732
1280	0.260853
1281	0.260938
1282	0.260975
1283	0.260960
1284	0.260901
1285	0.260812
1286	0.260715
1287	0.260629
1288	0.260556
1289	0.260486
1290	0.260412
1291	0.260330
1292	0.260237
1293	0.260131
1294	0.260012
1295	0.259877
1296	0.259729
1297	0.259578
1298	0.259440
1299	0.259319
1300	0.259206
1301	0.259086
1302	0.258942
1303	0.258761
1304	0.258547
1305	0.258308
1306	0.258045
1307	0.257757
1308	0.257449
1309	0.257132
1310	0.256815
1311	0.256503
1312	0.256197
1313	0.255887
1314	0.255569
1315	0.255247
1316	0.254925
1317	0.254609
1318	0.254300
1319	0.253995
1320	0.253691
1321	0.253383
1322	0.253071
1323	0.252756
1324	0.252439
1325	0.252119
1326	0.251797
1327	0.251472
1328	0.251144
1329	0.250813
1330	0.250478
1331	0.250140
1332	0.249798
1333	0.249452
1334	0.249101
1335	0.248747
1336	0.248388
1337	0.248024
1338	0.247656
1339	0.247282
1340	0.246903
1341	0.246519
1342	0.246129
1343	0.245734
1344	0.245333
1345	0.244925
1346	0.244511
1347	0.244091
1348	0.243664
1349	0.243230
1350	0.242790
1351	0.242342
1352	0.241886
1353	0.241423
1354	0.240953
1355	0.240474
1356	0.239988
1357	0.239493
1358	0.238990
1359	0.238478
1360	0.237957
1361	0.237427
1362	0.236888
1363	0.236340
1364	0.235782
1365	0.235212
1366	0.234622
1367	0.234015
1368	0.233403
1369	0.232799
1370	0.232213
1371	0.231651
1372	0.231113
1373	0.230597
1374	0.230099
1375	0.229615
1376	0.229138
1377	0.228659
1378	0.228168
1379	0.227661
1380	0.227136
1381	0.226602
1382	0.226068
1383	0.225541
1384	0.225016
1385	0.224491
1386	0.223966
1387	0.223441
1388	0.222916
1389	0.222391
1390	0.221865
1391	0.221324
1392	0.220740
1393	0.220152
1394	0.219631
1395	0.219224
1396	0.218933
1397	0.218720
1398	0.218523
1399	0.218282
1400	0.217949
1401	0.217497
1402	0.216898
1403	0.216136
1404	0.215215
1405	0.214169
1406	0.213068
1407	0.212001
1408	0.211044
1409	0.210216
1410	0.209472
1411	0.208788
1412	0.208163
1413	0.207595
1414	0.207083
1415	0.206626
1416	0.206220
1417	0.205865
1418	0.205558
1419	0.205299
1420	0.205086
1421	0.204916
1422	0.204788
1423	0.204700
1424	0.204651
1425	0.204639
1426	0.204662
1427	0.204719
1428	0.204807
1429	0.204926
1430	0.205073
1431	0.205247
1432	0.205446
1433	0.205668
1434	0.205911
1435	0.206175
1436	0.206457
1437	0.206755
1438	0.207068
1439	0.207394
1440	0.207732
1441	0.208079
1442	0.208434
1443	0.208796
1444	0.209162
1445	0.209531
1446	0.209901
1447	0.210270
1448	0.210638
1449	0.211001
1450	0.211359
1451	0.211710
1452	0.212061
1453	0.212431
1454	0.212810
1455	0.213155
1456	0.213411
1457	0.213552
1458	0.213574
1459	0.213482
1460	0.213288
1461	0.213011
1462	0.212678
1463	0.212321
1464	0.211977
1465	0.211684
1466	0.211475
1467	0.211368
1468	0.211357
1469	0.211420
1470	0.211532
1471	0.211697
1472	0.211914
1473	0.212176
1474	0.212476
1475	0.212814
1476	0.213200
1477	0.213628
1478	0.214093
1479	0.214599
1480	0.215155
1481	0.215760
1482	0.216398
1483	0.217045
1484	0.217675
1485	0.218277
1486	0.218860
1487	0.219449
1488	0.220060
1489	0.220700
1490	0.221367
1491	0.222046
1492	0.222709
1493	0.223329
1494	0.223879
1495	0.224345
1496	0.224728
1497	0.225042
1498	0.225306
1499	0.225540
1500	0.225760
1501	0.225981
1502	0.226222
1503	0.226500
1504	0.226831
1505	0.227217
1506	0.227642
1507	0.228089
1508	0.228544
1509	0.228997
1510	0.229437
1511	0.229850
1512	0.230217
1513	0.230522
1514	0.230769
1515	0.230979
1516	0.231184
1517	0.231413
1518	0.231678
1519	0.231975
1520	0.232295
1521	0.232627
1522	0.232966
1523	0.233308
1524	0.233650
1525	0.233987
1526	0.234315
1527	0.234636
1528	0.234957
1529	0.235277
1530	0.235587
1531	0.235879
1532	0.236143
1533	0.236378
1534	0.236591
1535	0.236792
1536	0.236987
1537	0.237177
1538	0.237364
1539	0.237553
1540	0.237756
1541	0.237987
1542	0.238253
1543	0.238544
1544	0.238844
1545	0.239139
1546	0.239428
1547	0.239715
1548	0.240003
1549	0.240293
1550	0.240575
1551	0.240841
1552	0.241094
1553	0.241343
1554	0.241602
1555	0.241874
1556	0.242158
1557	0.242443
1558	0.242720
1559	0.242989
1560	0.243249
1561	0.243504
1562	0.243750
1563	0.243974
1564	0.244169
1565	0.244335
1566	0.244482
1567	0.244630
1568	0.244794
1569	0.244975
1570	0.245166
1571	0.245356
1572	0.245541
1573	0.245732
1574	0.245946
1575	0.246196
1576	0.246483
1577	0.246792
1578	0.247108
1579	0.247418
1580	0.247713
1581	0.247982
1582	0.248212
1583	0.248396
1584	0.248538
1585	0.248660
1586	0.248787
1587	0.248941
1588	0.249131
1589	0.249354
1590	0.249599
1591	0.249857
1592	0.250116
1593	0.250367
1594	0.250597
1595	0.250792
1596	0.250947
1597	0.251072
1598	0.251180
1599	0.251286
1600	0.251400
1601	0.251525
1602	0.251662
1603	0.251806
1604	0.251954
1605	0.252106
1606	0.252263
1607	0.252429
1608	0.252608
1609	0.252800
1610	0.253002
1611	0.253214
1612	0.253433
1613	0.253649
1614	0.253850
1615	0.254021
1616	0.254149
1617	0.254235
1618	0.254301
1619	0.254373
1620	0.254474
1621	0.254614
1622	0.254791
1623	0.255002
1624	0.255246
1625	0.255521
1626	0.255817
1627	0.256115
1628	0.256394
1629	0.256643
1630	0.256859
1631	0.257050
1632	0.257219
1633	0.257365
1634	0.257484
1635	0.257573
1636	0.257638
1637	0.257689
1638	0.257737
1639	0.257801
1640	0.257899
1641	0.258046
1642	0.258250
1643	0.258502
1644	0.258781
1645	0.259065
1646	0.259337
1647	0.259586
1648	0.259802
1649	0.259974
1650	0.260093
1651	0.260166
1652	0.260218
1653	0.260286
1654	0.260397
1655	0.260561
1656	0.260752
1657	0.260935
1658	0.261084
1659	0.261190
1660	0.261269
1661	0.261343
1662	0.261421
1663	0.261507
1664	0.261597
1665	0.261689
1666	0.261788
1667	0.261897
1668	0.262009
1669	0.262109
1670	0.262176
1671	0.262196
1672	0.262167
1673	0.262103
1674	0.262018
1675	0.261931
1676	0.261853
1677	0.261790
1678	0.261752
1679	0.261750
1680	0.261785
1681	0.261850
1682	0.261930
1683	0.261997
1684	0.262027
1685	0.262009
1686	0.261943
1687	0.261838
1688	0.261706
1689	0.261560
1690	0.261413
1691	0.261275
1692	0.261165
1693	0.261094
1694	0.261061
1695	0.261046
1696	0.261032
1697	0.261006
1698	0.260971
1699	0.260947
1700	0.260953
1701	0.260992
1702	0.261048
1703	0.261096
1704	0.261114
1705	0.261095
1706	0.261044
1707	0.260979
1708	0.260921
1709	0.260874
1710	0.260841
1711	0.260828
1712	0.260836
1713	0.260869
1714	0.260928
1715	0.261005
1716	0.261073
1717	0.261101
1718	0.261064
1719	0.260959
1720	0.260800
1721	0.260618
1722	0.260445
1723	0.260302
1724	0.260191
1725	0.260119
1726	0.260091
1727	0.260106
1728	0.260151
1729	0.260206
1730	0.260235
1731	0.260205
1732	0.260108
1733	0.259950
1734	0.259750
1735	0.259534
1736	0.259327
1737	0.259146
1738	0.258996
1739	0.258880
1740	0.258796
1741	0.258734
1742	0.258683
1743	0.258641
1744	0.258608
1745	0.258592
1746	0.258605
1747	0.258639
1748	0.258672
1749	0.258697
1750	0.258727
1751	0.258777
1752	0.258855
1753	0.258948
1754	0.259022
1755	0.259036
1756	0.258964
1757	0.258796
1758	0.258534
1759	0.258185
1760	0.257761
1761	0.257291
1762	0.256818
1763	0.256410
1764	0.256136
1765	0.256008
1766	0.255980
1767	0.255986
1768	0.255960
1769	0.255880
1770	0.255763
1771	0.255600
1772	0.255356
1773	0.255021
1774	0.254620
1775	0.254205
1776	0.253822
1777	0.253503
1778	0.253248
1779	0.253033
1780	0.252836
1781	0.252660
1782	0.252523
1783	0.252432
1784	0.252371
1785	0.252306
1786	0.252202
1787	0.252059
1788	0.251911
1789	0.251776
1790	0.251645
1791	0.251514
1792	0.251384
1793	0.251253
1794	0.251122
1795	0.250991
1796	0.250860
1797	0.250730
1798	0.250599
1799	0.250468
1800	0.250337
1801	0.250206
1802	0.250076
1803	0.249945
1804	0.249814
1805	0.249683
1806	0.249552
1807	0.249422
1808	0.249291
1809	0.249160
1810	0.249029
1811	0.248898
1812	0.248768
1813	0.248637
1814	0.248506
1815	0.248375
1816	0.248244
1817	0.248114
1818	0.247983
1819	0.247852
1820	0.247721
1821	0.247590
1822	0.247460
1823	0.247329
1824	0.247198
1825	0.247067
1826	0.246936
1827	0.246806
1828	0.246675
1829	0.246544
1830	0.246413
1831	0.246282
1832	0.246152
1833	0.246021
1834	0.245890
1835	0.245759
1836	0.245628
1837	0.245498
1838	0.245367
1839	0.245236
1840	0.245105
1841	0.244974
1842	0.244844
1843	0.244713
1844	0.244582
1845	0.244451
1846	0.244320
1847	0.244190
1848	0.244059
1849	0.243928
1850	0.243797
1851	0.243666
1852	0.243536
1853	0.243405
1854	0.243274
1855	0.243143
1856	0.243012
1857	0.242882
1858	0.242751
1859	0.242620
1860	0.242489
1861	0.242358
1862	0.242228
1863	0.242097
1864	0.241966
1865	0.241835
1866	0.241704
1867	0.241574
1868	0.241443
1869	0.241312
1870	0.241181
1871	0.241050
1872	0.240920
1873	0.240789
1874	0.240658
1875	0.240527
1876	0.240396
1877	0.240266
1878	0.240135
1879	0.240004
1880	0.239873
1881	0.239742
1882	0.239612
1883	0.239481
1884	0.239350
1885	0.239219
1886	0.239088
1887	0.238958
1888	0.238827
1889	0.238696
1890	0.238565
1891	0.238434
1892	0.238304
1893	0.238173
1894	0.238042
1895	0.237911
1896	0.237780
1897	0.237650
1898	0.237519
1899	0.237388
1900	0.237257
1901	0.237126
1902	0.236996
1903	0.236865
1904	0.236734
1905	0.236603
1906	0.236472
1907	0.236342
1908	0.236211
1909	0.236080
1910	0.235949
1911	0.235818
1912	0.235688
1913	0.235557
1914	0.235426
1915	0.235295
1916	0.235164
1917	0.235034
1918	0.234903
1919	0.234772
1920	0.234641
1921	0.234510
1922	0.234380
1923	0.234249
1924	0.234118
1925	0.233987
1926	0.233856
1927	0.233725
1928	0.233595
1929	0.233464
1930	0.233333
1931	0.233202
1932	0.233071
1933	0.232941
1934	0.232810
1935	0.232679
1936	0.232548
1937	0.232417
1938	0.232287
1939	0.232156
1940	0.232025
1941	0.231898
1942	0.231779
1943	0.231663
1944	0.231534
1945	0.231383
1946	0.231206
1947	0.231008
1948	0.230800
1949	0.230594
1950	0.230398
1951	0.230219
1952	0.230065
1953	0.229943
1954	0.229854
1955	0.229796
1956	0.229758
1957	0.229726
1958	0.229684
1959	0.229630
1960	0.229570
1961	0.229510
1962	0.229450
1963	0.229391
1964	0.229333
1965	0.229277
1966	0.229224
1967	0.229174
1968	0.229128
1969	0.229087
1970	0.229051
1971	0.229020
1972	0.228996
1973	0.228979
1974	0.228969
1975	0.228967
1976	0.228975
1977	0.228991
1978	0.229018
1979	0.229056
1980	0.229104
1981	0.229165
1982	0.229238
1983	0.229325
1984	0.229425
1985	0.229539
1986	0.229669
1987	0.229814
1988	0.229975
1989	0.230153
1990	0.230349
1991	0.230563
1992	0.230795
1993	0.231047
1994	0.231318
1995	0.231610
1996	0.231924
1997	0.232259
1998	0.232617
1999	0.232997
2000	0.233401
2001	0.233830
2002	0.234290
2003	0.234800
2004	0.235361
2005	0.235926
2006	0.236433
2007	0.236872
2008	0.237294
2009	0.237751
2010	0.238262
2011	0.238804
2012	0.239323
2013	0.239742
2014	0.240024
2015	0.240199
2016	0.240328
2017	0.240482
2018	0.240704
2019	0.241013
2020	0.241426
2021	0.241979
2022	0.242700
2023	0.243540
2024	0.244391
2025	0.245154
2026	0.245770
2027	0.246221
2028	0.246539
2029	0.246789
2030	0.247039
2031	0.247304
2032	0.247561
2033	0.247778
2034	0.247928
2035	0.248015
2036	0.248069
2037	0.248139
2038	0.248281
2039	0.248522
2040	0.248859
2041	0.249251
2042	0.249635
2043	0.249940
2044	0.250105
2045	0.250091
2046	0.249907
2047	0.249601
2048	0.249265
2049	0.249007
2050	0.248911
2051	0.249030
2052	0.249394
2053	0.250005
2054	0.250797
2055	0.251664
2056	0.252503
2057	0.253233
2058	0.253817
2059	0.254259
2060	0.254588
2061	0.254844
2062	0.255060
2063	0.255261
2064	0.255474
2065	0.255722
2066	0.256022
2067	0.256375
2068	0.256748
2069	0.257095
2070	0.257396
2071	0.257672
2072	0.257932
2073	0.258179
2074	0.258413
2075	0.258636
2076	0.258848
2077	0.259050
2078	0.259243
2079	0.259429
2080	0.259608
2081	0.259780
2082	0.259947
2083	0.260109
2084	0.260267
2085	0.260422
2086	0.260574
2087	0.260725
2088	0.260874
2089	0.261022
2090	0.261169
2091	0.261317
2092	0.261465
2093	0.261615
2094	0.261765
2095	0.261918
2096	0.262072
2097	0.262229
2098	0.262389
2099	0.262551
2100	0.262717
2101	0.262886
2102	0.263058
2103	0.263233
2104	0.263412
2105	0.263595
2106	0.263781
2107	0.263971
2108	0.264164
2109	0.264360
2110	0.264560
2111	0.264763
2112	0.264968
2113	0.265176
2114	0.265387
2115	0.265600
2116	0.265814
2117	0.266029
2118	0.266246
2119	0.266463
2120	0.266681
2121	0.266898
2122	0.267113
2123	0.267328
2124	0.267540
2125	0.267750
2126	0.267956
2127	0.268159
2128	0.268356
2129	0.268549
2130	0.268734
2131	0.268913
2132	0.269084
2133	0.269246
2134	0.269398
2135	0.269539
2136	0.269669
2137	0.269786
2138	0.269889
2139	0.269978
2140	0.270050
2141	0.270105
2142	0.270143
2143	0.270160
2144	0.270157
2145	0.270132
2146	0.270084
2147	0.270011
2148	0.269912
2149	0.269785
2150	0.269630
2151	0.269444
2152	0.269213
2153	0.268906
2154	0.268542
2155	0.268173
2156	0.267854
2157	0.267619
2158	0.267473
2159	0.267403
2160	0.267387
2161	0.267399
2162	0.267420
2163	0.267421
2164	0.267370
2165	0.267237
2166	0.267014
2167	0.266719
2168	0.266398
2169	0.266102
2170	0.265855
2171	0.265633
2172	0.265423
2173	0.265223
2174	0.265033
2175	0.264853
2176	0.264683
2177	0.264522
2178	0.264369
2179	0.264224
2180	0.264087
2181	0.263958
2182	0.263836
2183	0.263720
2184	0.263610
2185	0.263507
2186	0.263409
2187	0.263317
2188	0.263229
2189	0.263147
2190	0.263069
2191	0.262995
2192	0.262925
2193	0.262859
2194	0.262796
2195	0.262737
2196	0.262680
2197	0.262627
2198	0.262576
2199	0.262528
2200	0.262483
2201	0.262439
2202	0.262398
2203	0.262359
2204	0.262322
2205	0.262286
2206	0.262253
2207	0.262221
2208	0.262190
2209	0.262161
2210	0.262134
2211	0.262108
2212	0.262084
2213	0.262061
2214	0.262040
2215	0.262021
2216	0.262002
2217	0.261986
2218	0.261971
2219	0.261958
2220	0.261947
2221	0.261938
2222	0.261931
2223	0.261926
2224	0.261924
2225	0.261924
2226	0.261926
2227	0.261932
2228	0.261940
2229	0.261952
2230	0.261967
2231	0.261985
2232	0.262008
2233	0.262035
2234	0.262065
2235	0.262101
2236	0.262141
2237	0.262187
2238	0.262238
2239	0.262295
2240	0.262358
2241	0.262427
2242	0.262504
2243	0.262587
2244	0.262678
2245	0.262777
2246	0.262884
2247	0.263001
2248	0.263126
2249	0.263261
2250	0.263406
2251	0.263561
2252	0.263783
2253	0.264167
2254	0.264610
2255	0.264886
2256	0.264805
2257	0.264300
2258	0.263430
2259	0.262334
2260	0.261172
2261	0.260081
2262	0.259167
2263	0.258542
2264	0.258312
2265	0.258536
2266	0.259181
2267	0.260098
2268	0.261048
2269	0.261802
2270	0.262287
2271	0.262628
2272	0.262891
2273	0.263084
2274	0.263211
2275	0.263280
2276	0.263294
2277	0.263260
2278	0.263183
2279	0.263068
2280	0.262919
2281	0.262742
2282	0.262540
2283	0.262319
2284	0.262081
2285	0.261832
2286	0.261575
2287	0.261313
2288	0.261051
2289	0.260790
2290	0.260535
2291	0.260288
2292	0.260052
2293	0.259829
2294	0.259622
2295	0.259432
2296	0.259263
2297	0.259116
2298	0.258992
2299	0.258892
2300	0.258819
2301	0.258773
2302	0.258756
2303	0.258767
2304	0.258808
2305	0.258879
2306	0.258980
2307	0.259111
2308	0.259272
2309	0.259464
2310	0.259684
2311	0.259933
2312	0.260210
2313	0.260514
2314	0.260843
2315	0.261197
2316	0.261573
2317	0.261971
2318	0.262387
2319	0.262821
2320	0.263269
2321	0.263730
2322	0.264200
2323	0.264677
2324	0.265158
2325	0.265640
2326	0.266120
2327	0.266594
2328	0.267058
2329	0.267508
2330	0.267941
2331	0.268353
2332	0.268738
2333	0.269092
2334	0.269412
2335	0.269690
2336	0.269924
2337	0.270107
2338	0.270233
2339	0.270298
2340	0.270296
2341	0.270220
2342	0.270064
2343	0.269823
2344	0.269489
2345	0.269055
2346	0.268516
2347	0.267864
2348	0.267091
2349	0.266191
2350	0.265155
2351	0.263977
2352	0.262626
2353	0.261047
2354	0.259250
2355	0.257301
2356	0.255290
2357	0.253289
2358	0.251341
2359	0.249459
2360	0.247635
2361	0.245855
2362	0.244095
2363	0.242317
2364	0.240461
2365	0.238465
2366	0.236284
2367	0.233915
2368	0.231399
2369	0.228804
2370	0.226172
2371	0.223476
2372	0.220702
2373	0.217849
2374	0.214917
2375	0.211906
2376	0.208817
2377	0.205648
2378	0.202401
2379	0.199075
2380	0.195671
2381	0.192187
2382	0.188625
2383	0.184984
2384	0.181265
2385	0.177466
2386	0.173589
2387	0.169633
2388	0.165598
2389	0.161484
2390	0.157292
2391	0.153021
2392	0.148671
2393	0.144242
2394	0.139734
2395	0.135148
2396	0.130483
2397	0.125739
2398	0.120916
2399	0.116015
2400	0.111035
2401	0.105975
2402	0.100838
2403	0.095621
2404	0.090326
2405	0.084952
2406	0.079499
2407	0.073967
2408	0.068356
2409	0.062667
2410	0.056899
2411	0.051052
2412	0.045127
2413	0.039122
2414	0.033039
2415	0.026877
2416	0.020636
2417	0.014317
2418	0.007918
2419	0.001441
2420	-0.005115
2421	-0.011749
2422	-0.018463
2423	-0.025255
2424	-0.032126
2425	-0.039076
2426	-0.046104
2427	-0.053212
2428	-0.060398
2429	-0.067663
2430	-0.075007
2431	-0.082429
2432	-0.089930
2433	-0.097510
2434	-0.105169
2435	-0.112907
2436	-0.120723
2437	-0.128619
2438	-0.136593
2439	-0.144645
2440	-0.152777
2441	-0.160987
2442	-0.169276
2443	-0.177644
2444	-0.186091
2445	-0.194616
2446	-0.203220
2447	-0.211903
2448	-0.220665
2449	-0.229506
2450	-0.238425
2451	-0.247423
2452	-0.256500
2453	-0.265656
2454	-0.274890
2455	-0.284204
2456	-0.293596
2457	-0.303067
2458	-0.312616
2459	-0.322245
2460	-0.331952
2461	-0.341738
2462	-0.351602
2463	-0.361546
2464	-0.371568
2465	-0.381669
2466	-0.391849
2467	-0.402108
2468	-0.412445
2469	-0.422862
2470	-0.433357
2471	-0.443930
2472	-0.454583
2473	-0.465314
2474	-0.476124
2475	-0.487013
2476	-0.497981
2477	-0.509027
2478	-0.520153
2479	-0.531357
2480	-0.542640
2481	-0.554001
2482	-0.565442
2483	-0.576961
2484	-0.588559
2485	-0.600235
2486	-0.611991
2487	-0.623825
2488	-0.635738
2489	-0.647730
2490	-0.659801
2491	-0.671950
2492	-0.684178
2493	-0.696485
2494	-0.708871
2495	-0.721336
2496	-0.733879
2497	-0.746501
2498	-0.759202
2499	-0.771982
2500	-0.784840
