350	0.023015
351	0.023055
352	0.023100
353	0.023150
354	0.023204
355	0.023261
356	0.023321
357	0.023385
358	0.023454
359	0.023529
360	0.023604
361	0.023651
362	0.023695
363	0.023735
364	0.023771
365	0.023811
366	0.023859
367	0.023915
368	0.023980
369	0.024050
370	0.024114
371	0.024165
372	0.024211
373	0.024255
374	0.024290
375	0.024319
376	0.024351
377	0.024394
378	0.024446
379	0.024508
380	0.024576
381	0.024651
382	0.024737
383	0.024840
384	0.024955
385	0.025062
386	0.025144
387	0.025205
388	0.025249
389	0.025291
390	0.025348
391	0.025429
392	0.025527
393	0.025639
394	0.025765
395	0.025905
396	0.026050
397	0.026189
398	0.026308
399	0.026394
400	0.026449
401	0.026484
402	0.026517
403	0.026561
404	0.026615
405	0.026678
406	0.026749
407	0.026828
408	0.026921
409	0.027027
410	0.027141
411	0.027257
412	0.027369
413	0.027478
414	0.027591
415	0.027718
416	0.027861
417	0.028016
418	0.028172
419	0.028322
420	0.028465
421	0.028603
422	0.028738
423	0.028875
424	0.029013
425	0.029155
426	0.029304
427	0.029469
428	0.029654
429	0.029851
430	0.030046
431	0.030229
432	0.030394
433	0.030542
434	0.030676
435	0.030802
436	0.030926
437	0.031053
438	0.031186
439	0.031326
440	0.031475
441	0.031631
442	0.031790
443	0.031942
444	0.032083
445	0.032218
446	0.032349
447	0.032478
448	0.032604
449	0.032727
450	0.032850
451	0.032971
452	0.033092
453	0.033212
454	0.033327
455	0.033435
456	0.033529
457	0.033611
458	0.033685
459	0.033757
460	0.033828
461	0.033895
462	0.033958
463	0.034020
464	0.034084
465	0.034150
466	0.034215
467	0.034278
468	0.034337
469	0.034391
470	0.034442
471	0.034497
472	0.034558
473	0.034623
474	0.034690
475	0.034757
476	0.034825
477	0.034892
478	0.034960
479	0.035032
480	0.035108
481	0.035190
482	0.035277
483	0.035371
484	0.035467
485	0.035567
486	0.035670
487	0.035777
488	0.035890
489	0.036008
490	0.036134
491	0.036269
492	0.036413
493	0.036567
494	0.036729
495	0.036896
496	0.037068
497	0.037248
498	0.037439
499	0.037644
500	0.037864
501	0.038101
502	0.038355
503	0.038628
504	0.038923
505	0.039241
506	0.039584
507	0.039953
508	0.040350
509	0.040776
510	0.041237
511	0.041737
512	0.042280
513	0.042865
514	0.043491
515	0.044153
516	0.044848
517	0.045573
518	0.046321
519	0.047085
520	0.047863
521	0.048651
522	0.049447
523	0.050246
524	0.051043
525	0.051835
526	0.052616
527	0.053380
528	0.054120
529	0.054830
530	0.055505
531	0.056139
532	0.056731
533	0.057284
534	0.057804
535	0.058296
536	0.058761
537	0.059201
538	0.059619
539	0.060018
540	0.060402
541	0.060776
542	0.061139
543	0.061496
544	0.061848
545	0.062195
546	0.062538
547	0.062881
548	0.063225
549	0.063566
550	0.063897
551	0.064210
552	0.064496
553	0.064747
554	0.064958
555	0.065128
556	0.065253
557	0.065330
558	0.065357
559	0.065334
560	0.065264
561	0.065154
562	0.065010
563	0.064836
564	0.064636
565	0.064414
566	0.064175
567	0.063922
568	0.063655
569	0.063377
570	0.063090
571	0.062799
572	0.062511
573	0.062233
574	0.061971
575	0.061731
576	0.061513
577	0.061316
578	0.061135
579	0.060968
580	0.060808
581	0.060652
582	0.060497
583	0.060347
584	0.060209
585	0.060091
586	0.059998
587	0.059930
588	0.059887
589	0.059867
590	0.059869
591	0.059891
592	0.059931
593	0.059987
594	0.060055
595	0.060129
596	0.060208
597	0.060291
598	0.060369
599	0.060435
600	0.060477
601	0.060490
602	0.060474
603	0.060432
604	0.060368
605	0.060285
606	0.060189
607	0.060086
608	0.059977
609	0.059862
610	0.059740
611	0.059610
612	0.059473
613	0.059331
614	0.059190
615	0.059054
616	0.058927
617	0.058810
618	0.058705
619	0.058613
620	0.058537
621	0.058480
622	0.058441
623	0.058420
624	0.058418
625	0.058438
626	0.058477
627	0.058534
628	0.058603
629	0.058680
630	0.058754
631	0.058818
632	0.058864
633	0.058885
634	0.058876
635	0.058835
636	0.058759
637	0.058646
638	0.058497
639	0.058314
640	0.058099
641	0.057857
642	0.057597
643	0.057326
644	0.057054
645	0.056792
646	0.056550
647	0.056335
648	0.056152
649	0.056001
650	0.055881
651	0.055790
652	0.055715
653	0.055647
654	0.055574
655	0.055489
656	0.055386
657	0.055259
658	0.055107
659	0.054933
660	0.054743
661	0.054542
662	0.054338
663	0.054140
664	0.053960
665	0.053803
666	0.053674
667	0.053573
668	0.053501
669	0.053459
670	0.053442
671	0.053444
672	0.053462
673	0.053494
674	0.053542
675	0.053603
676	0.053678
677	0.053772
678	0.053891
679	0.054043
680	0.054238
681	0.054490
682	0.054814
683	0.055221
684	0.055725
685	0.056335
686	0.057065
687	0.057929
688	0.058948
689	0.060150
690	0.061563
691	0.063209
692	0.065108
693	0.067275
694	0.069722
695	0.072456
696	0.075476
697	0.078765
698	0.082297
699	0.086041
700	0.089963
701	0.094035
702	0.098235
703	0.102543
704	0.106937
705	0.111402
706	0.115930
707	0.120523
708	0.125182
709	0.129896
710	0.134637
711	0.139370
712	0.144071
713	0.148752
714	0.153457
715	0.158236
716	0.163115
717	0.168092
718	0.173156
719	0.178290
720	0.183478
721	0.188693
722	0.193890
723	0.199011
724	0.204009
725	0.208878
726	0.213654
727	0.218388
728	0.223103
729	0.227782
730	0.232377
731	0.236839
732	0.241147
733	0.245297
734	0.249278
735	0.253079
736	0.256691
737	0.260115
738	0.263359
739	0.266438
740	0.269360
741	0.272118
742	0.274698
743	0.277090
744	0.279296
745	0.281326
746	0.283196
747	0.284922
748	0.286515
749	0.287985
750	0.289353
751	0.290648
752	0.291882
753	0.293025
754	0.294021
755	0.294831
756	0.295437
757	0.295845
758	0.296090
759	0.296234
760	0.296355
761	0.296534
762	0.296841
763	0.297325
764	0.297998
765	0.298833
766	0.299765
767	0.300703
768	0.301567
769	0.302322
770	0.302963
771	0.303497
772	0.303938
773	0.304319
774	0.304674
775	0.305019
776	0.305356
777	0.305684
778	0.306001
779	0.306306
780	0.306598
781	0.306864
782	0.307092
783	0.307273
784	0.307408
785	0.307507
786	0.307584
787	0.307665
788	0.307772
789	0.307921
790	0.308117
791	0.308360
792	0.308641
793	0.308945
794	0.309246
795	0.309515
796	0.309735
797	0.309910
798	0.310063
799	0.310225
800	0.310426
801	0.310682
802	0.310986
803	0.311321
804	0.311667
805	0.312001
806	0.312287
807	0.312480
808	0.312534
809	0.312423
810	0.312154
811	0.311771
812	0.311347
813	0.310974
814	0.310729
815	0.310644
816	0.310705
817	0.310892
818	0.311197
819	0.311611
820	0.312105
821	0.312622
822	0.313101
823	0.313503
824	0.313825
825	0.314094
826	0.314350
827	0.314621
828	0.314909
829	0.315204
830	0.315502
831	0.315827
832	0.316211
833	0.316658
834	0.317147
835	0.317644
836	0.318126
837	0.318587
838	0.319030
839	0.319460
840	0.319880
841	0.320290
842	0.320687
843	0.321060
844	0.321404
845	0.321720
846	0.322007
847	0.322259
848	0.322476
849	0.322674
850	0.322872
851	0.323082
852	0.323315
853	0.323564
854	0.323817
855	0.324069
856	0.324327
857	0.324594
858	0.324862
859	0.325111
860	0.325323
861	0.325499
862	0.325658
863	0.325827
864	0.326014
865	0.326209
866	0.326396
867	0.326571
868	0.326742
869	0.326923
870	0.327118
871	0.327318
872	0.327509
873	0.327682
874	0.327835
875	0.327974
876	0.328105
877	0.328232
878	0.328352
879	0.328462
880	0.328564
881	0.328656
882	0.328745
883	0.328837
884	0.328936
885	0.329040
886	0.329135
887	0.329194
888	0.329187
889	0.329089
890	0.328878
891	0.328537
892	0.328057
893	0.327454
894	0.326771
895	0.326083
896	0.325479
897	0.325042
898	0.324823
899	0.324827
900	0.325018
901	0.325320
902	0.325638
903	0.325888
904	0.326018
905	0.326010
906	0.325876
907	0.325644
908	0.325342
909	0.325016
910	0.324733
911	0.324535
912	0.324432
913	0.324471
914	0.324705
915	0.325140
916	0.325725
917	0.326376
918	0.326994
919	0.327475
920	0.327726
921	0.327679
922	0.327298
923	0.326591
924	0.325621
925	0.324477
926	0.323265
927	0.322096
928	0.321052
929	0.320144
930	0.319318
931	0.318547
932	0.317830
933	0.317166
934	0.316554
935	0.315992
936	0.315480
937	0.315015
938	0.314597
939	0.314225
940	0.313896
941	0.313610
942	0.313366
943	0.313162
944	0.312997
945	0.312870
946	0.312779
947	0.312723
948	0.312701
949	0.312712
950	0.312754
951	0.312826
952	0.312927
953	0.313055
954	0.313210
955	0.313390
956	0.313593
957	0.313819
958	0.314066
959	0.314333
960	0.314618
961	0.314921
962	0.315239
963	0.315573
964	0.315920
965	0.316279
966	0.316650
967	0.317030
968	0.317418
969	0.317814
970	0.318215
971	0.318621
972	0.319030
973	0.319442
974	0.319854
975	0.320266
976	0.320675
977	0.321082
978	0.321485
979	0.321882
980	0.322272
981	0.322654
982	0.323021
983	0.323363
984	0.323681
985	0.323994
986	0.324320
987	0.324677
988	0.325073
989	0.325510
990	0.325984
991	0.326490
992	0.327022
993	0.327569
994	0.328117
995	0.328651
996	0.329162
997	0.329648
998	0.330121
999	0.330595
1000	0.331080
1001	0.331570
1002	0.332060
1003	0.332550
1004	0.333040
1005	0.333529
1006	0.334017
1007	0.334505
1008	0.334991
1009	0.335475
1010	0.335957
1011	0.336437
1012	0.336914
1013	0.337388
1014	0.337859
1015	0.338327
1016	0.338791
1017	0.339250
1018	0.339706
1019	0.340156
1020	0.340602
1021	0.341042
1022	0.341477
1023	0.341907
1024	0.342330
1025	0.342747
1026	0.343157
1027	0.343560
1028	0.343957
1029	0.344345
1030	0.344726
1031	0.345098
1032	0.345456
1033	0.345804
1034	0.346152
1035	0.346504
1036	0.346861
1037	0.347219
1038	0.347571
1039	0.347909
1040	0.348228
1041	0.348522
1042	0.348789
1043	0.349025
1044	0.349229
1045	0.349405
1046	0.349559
1047	0.349703
1048	0.349845
1049	0.349987
1050	0.350126
1051	0.350257
1052	0.350381
1053	0.350499
1054	0.350609
1055	0.350713
1056	0.350809
1057	0.350898
1058	0.350980
1059	0.351055
1060	0.351123
1061	0.351182
1062	0.351235
1063	0.351280
1064	0.351317
1065	0.351347
1066	0.351369
1067	0.351383
1068	0.351389
1069	0.351387
1070	0.351378
1071	0.351360
1072	0.351334
1073	0.351300
1074	0.351257
1075	0.351207
1076	0.351148
1077	0.351080
1078	0.351004
1079	0.350920
1080	0.350827
1081	0.350725
1082	0.350614
1083	0.350494
1084	0.350366
1085	0.350229
1086	0.350082
1087	0.349927
1088	0.349762
1089	0.349588
1090	0.349405
1091	0.349213
1092	0.349016
1093	0.348822
1094	0.348626
1095	0.348409
1096	0.348153
1097	0.347850
1098	0.347499
1099	0.347101
1100	0.346662
1101	0.346188
1102	0.345689
1103	0.345174
1104	0.344658
1105	0.344147
1106	0.343634
1107	0.343104
1108	0.342529
1109	0.341870
1110	0.341084
1111	0.340147
1112	0.339040
1113	0.337775
1114	0.336400
1115	0.334990
1116	0.333626
1117	0.332395
1118	0.331376
1119	0.330620
1120	0.330120
1121	0.329821
1122	0.329642
1123	0.329495
1124	0.329289
1125	0.328967
1126	0.328516
1127	0.327956
1128	0.327360
1129	0.326833
1130	0.326464
1131	0.326303
1132	0.326337
1133	0.326478
1134	0.326602
1135	0.326595
1136	0.326377
1137	0.325898
1138	0.325139
1139	0.324093
1140	0.322783
1141	0.321276
1142	0.319665
1143	0.318052
1144	0.316521
1145	0.315123
1146	0.313896
1147	0.312867
1148	0.312062
1149	0.311506
1150	0.311210
1151	0.311145
1152	0.311256
1153	0.311470
1154	0.311711
1155	0.311928
1156	0.312108
1157	0.312261
1158	0.312398
1159	0.312532
1160	0.312673
1161	0.312825
1162	0.312991
1163	0.313170
1164	0.313358
1165	0.313543
1166	0.313713
1167	0.313859
1168	0.313978
1169	0.314076
1170	0.314161
1171	0.314235
1172	0.314299
1173	0.314350
1174	0.314381
1175	0.314383
1176	0.314347
1177	0.314273
1178	0.314163
1179	0.314024
1180	0.313865
1181	0.313698
1182	0.313535
1183	0.313387
1184	0.313272
1185	0.313204
1186	0.313190
1187	0.313225
1188	0.313294
1189	0.313375
1190	0.313445
1191	0.313488
1192	0.313496
1193	0.313472
1194	0.313428
1195	0.313385
1196	0.313363
1197	0.313381
1198	0.313449
1199	0.313567
1200	0.313726
1201	0.313908
1202	0.314093
1203	0.314272
1204	0.314438
1205	0.314593
1206	0.314744
1207	0.314907
1208	0.315104
1209	0.315349
1210	0.315648
1211	0.315993
1212	0.316371
1213	0.316770
1214	0.317178
1215	0.317590
1216	0.318006
1217	0.318424
1218	0.318845
1219	0.319267
1220	0.319689
1221	0.320107
1222	0.320520
1223	0.320922
1224	0.321308
1225	0.321676
1226	0.322029
1227	0.322372
1228	0.322717
1229	0.323076
1230	0.323453
1231	0.323848
1232	0.324255
1233	0.324663
1234	0.325055
1235	0.325417
1236	0.325746
1237	0.326047
1238	0.326327
1239	0.326591
1240	0.326844
1241	0.327089
1242	0.327333
1243	0.327580
1244	0.327824
1245	0.328058
1246	0.328275
1247	0.328471
1248	0.328643
1249	0.328795
1250	0.328931
1251	0.329052
1252	0.329154
1253	0.329236
1254	0.329299
1255	0.329342
1256	0.329372
1257	0.329391
1258	0.329405
1259	0.329424
1260	0.329457
1261	0.329505
1262	0.329568
1263	0.329646
1264	0.329738
1265	0.329845
1266	0.329968
1267	0.330111
1268	0.330275
1269	0.330459
1270	0.330668
1271	0.330896
1272	0.331134
1273	0.331369
1274	0.331588
1275	0.331783
1276	0.331952
1277	0.332097
1278	0.332216
1279	0.332302
1280	0.332345
1281	0.332336
1282	0.332268
1283	0.332141
1284	0.331961
1285	0.331734
1286	0.331463
1287	0.331153
1288	0.330807
1289	0.330430
1290	0.330022
1291	0.329584
1292	0.329115
1293	0.328610
1294	0.328072
1295	0.327513
1296	0.326954
1297	0.326413
1298	0.325897
1299	0.325396
1300	0.324886
1301	0.324344
1302	0.323751
1303	0.323097
1304	0.322374
1305	0.321581
1306	0.320721
1307	0.319805
1308	0.318854
1309	0.317895
1310	0.316947
1311	0.316022
1312	0.315120
1313	0.314241
1314	0.313380
1315	0.312532
1316	0.311691
1317	0.310842
1318	0.309972
1319	0.309068
1320	0.308124
1321	0.307136
1322	0.306110
1323	0.305048
1324	0.303954
1325	0.302826
1326	0.301667
1327	0.300477
1328	0.299255
1329	0.298003
1330	0.296722
1331	0.295411
1332	0.294072
1333	0.292705
1334	0.291310
1335	0.289889
1336	0.288441
1337	0.286968
1338	0.285469
1339	0.283946
1340	0.282400
1341	0.280829
1342	0.279236
1343	0.277621
1344	0.275984
1345	0.274326
1346	0.272647
1347	0.270949
1348	0.269231
1349	0.267495
1350	0.265740
1351	0.263968
1352	0.262178
1353	0.260372
1354	0.258551
1355	0.256714
1356	0.254862
1357	0.252996
1358	0.251117
1359	0.249224
1360	0.247319
1361	0.245403
1362	0.243475
1363	0.241536
1364	0.239587
1365	0.237625
1366	0.235643
1367	0.233645
1368	0.231646
1369	0.229664
1370	0.227709
1371	0.225788
1372	0.223900
1373	0.222038
1374	0.220199
1375	0.218375
1376	0.216556
1377	0.214732
1378	0.212891
1379	0.211027
1380	0.209142
1381	0.207244
1382	0.205348
1383	0.203460
1384	0.201575
1385	0.199690
1386	0.197805
1387	0.195920
1388	0.194035
1389	0.192150
1390	0.190265
1391	0.188363
1392	0.186417
1393	0.184467
1394	0.182585
1395	0.180820
1396	0.179177
1397	0.177616
1398	0.176074
1399	0.174488
1400	0.172810
1401	0.171007
1402	0.169052
1403	0.166927
1404	0.164633
1405	0.162206
1406	0.159716
1407	0.157257
1408	0.154908
1409	0.152689
1410	0.150557
1411	0.148490
1412	0.146488
1413	0.144550
1414	0.142676
1415	0.140865
1416	0.139118
1417	0.137434
1418	0.135814
1419	0.134255
1420	0.132760
1421	0.131326
1422	0.129954
1423	0.128644
1424	0.127395
1425	0.126208
1426	0.125081
1427	0.124014
1428	0.123008
1429	0.122062
1430	0.121176
1431	0.120349
1432	0.119581
1433	0.118873
1434	0.118223
1435	0.117631
1436	0.117097
1437	0.116622
1438	0.116204
1439	0.115843
1440	0.115539
1441	0.115293
1442	0.115102
1443	0.114968
1444	0.114890
1445	0.114868
1446	0.114901
1447	0.114990
1448	0.115133
1449	0.115331
1450	0.115584
1451	0.115890
1452	0.116271
1453	0.116769
1454	0.117363
1455	0.117970
1456	0.118493
1457	0.118868
1458	0.119074
1459	0.119122
1460	0.119049
1461	0.118905
1462	0.118725
1463	0.118549
1464	0.118429
1465	0.118428
1466	0.118587
1467	0.118895
1468	0.119288
1469	0.119681
1470	0.120036
1471	0.120397
1472	0.120802
1473	0.121255
1474	0.121738
1475	0.122228
1476	0.122722
1477	0.123225
1478	0.123763
1479	0.124376
1480	0.125082
1481	0.125883
1482	0.126774
1483	0.127752
1484	0.128806
1485	0.129906
1486	0.131009
1487	0.132067
1488	0.133046
1489	0.133940
1490	0.134763
1491	0.135535
1492	0.136275
1493	0.136998
1494	0.137718
1495	0.138450
1496	0.139208
1497	0.140002
1498	0.140835
1499	0.141702
1500	0.142591
1501	0.143491
1502	0.144385
1503	0.145257
1504	0.146092
1505	0.146879
1506	0.147611
1507	0.148294
1508	0.148946
1509	0.149591
1510	0.150251
1511	0.150941
1512	0.151665
1513	0.152421
1514	0.153199
1515	0.153991
1516	0.154794
1517	0.155602
1518	0.156412
1519	0.157222
1520	0.158030
1521	0.158834
1522	0.159629
1523	0.160413
1524	0.161180
1525	0.161929
1526	0.162657
1527	0.163367
1528	0.164064
1529	0.164756
1530	0.165454
1531	0.166167
1532	0.166895
1533	0.167636
1534	0.168383
1535	0.169126
1536	0.169858
1537	0.170573
1538	0.171270
1539	0.171953
1540	0.172629
1541	0.173307
1542	0.173989
1543	0.174675
1544	0.175362
1545	0.176044
1546	0.176720
1547	0.177387
1548	0.178050
1549	0.178712
1550	0.179375
1551	0.180046
1552	0.180722
1553	0.181398
1554	0.182062
1555	0.182699
1556	0.183295
1557	0.183847
1558	0.184363
1559	0.184851
1560	0.185316
1561	0.185763
1562	0.186189
1563	0.186599
1564	0.187003
1565	0.187416
1566	0.187855
1567	0.188332
1568	0.188851
1569	0.189412
1570	0.190010
1571	0.190637
1572	0.191282
1573	0.191929
1574	0.192561
1575	0.193165
1576	0.193738
1577	0.194287
1578	0.194832
1579	0.195391
1580	0.195974
1581	0.196570
1582	0.197159
1583	0.197724
1584	0.198254
1585	0.198757
1586	0.199246
1587	0.199731
1588	0.200215
1589	0.200695
1590	0.201171
1591	0.201645
1592	0.202123
1593	0.202605
1594	0.203080
1595	0.203537
1596	0.203968
1597	0.204378
1598	0.204780
1599	0.205187
1600	0.205606
1601	0.206037
1602	0.206479
1603	0.206926
1604	0.207379
1605	0.207839
1606	0.208302
1607	0.208759
1608	0.209201
1609	0.209632
1610	0.210063
1611	0.210511
1612	0.210985
1613	0.211486
1614	0.211998
1615	0.212508
1616	0.213006
1617	0.213485
1618	0.213938
1619	0.214362
1620	0.214758
1621	0.215133
1622	0.215500
1623	0.215871
1624	0.216251
1625	0.216636
1626	0.217012
1627	0.217372
1628	0.217713
1629	0.218040
1630	0.218360
1631	0.218674
1632	0.218976
1633	0.219260
1634	0.219519
1635	0.219753
1636	0.219965
1637	0.220157
1638	0.220331
1639	0.220496
1640	0.220666
1641	0.220853
1642	0.221062
1643	0.221291
1644	0.221531
1645	0.221768
1646	0.221993
1647	0.222205
1648	0.222406
1649	0.222599
1650	0.222788
1651	0.222972
1652	0.223143
1653	0.223299
1654	0.223434
1655	0.223540
1656	0.223605
1657	0.223621
1658	0.223590
1659	0.223521
1660	0.223430
1661	0.223328
1662	0.223225
1663	0.223134
1664	0.223072
1665	0.223053
1666	0.223083
1667	0.223151
1668	0.223228
1669	0.223286
1670	0.223305
1671	0.223281
1672	0.223220
1673	0.223127
1674	0.223003
1675	0.222859
1676	0.222715
1677	0.222597
1678	0.222529
1679	0.222503
1680	0.222483
1681	0.222425
1682	0.222289
1683	0.222060
1684	0.221750
1685	0.221387
1686	0.220997
1687	0.220603
1688	0.220223
1689	0.219876
1690	0.219582
1691	0.219342
1692	0.219136
1693	0.218931
1694	0.218695
1695	0.218413
1696	0.218096
1697	0.217771
1698	0.217469
1699	0.217207
1700	0.216983
1701	0.216779
1702	0.216566
1703	0.216324
1704	0.216049
1705	0.215748
1706	0.215434
1707	0.215122
1708	0.214821
1709	0.214533
1710	0.214252
1711	0.213968
1712	0.213666
1713	0.213333
1714	0.212955
1715	0.212525
1716	0.212042
1717	0.211524
1718	0.211013
1719	0.210556
1720	0.210191
1721	0.209926
1722	0.209740
1723	0.209601
1724	0.209480
1725	0.209358
1726	0.209226
1727	0.209074
1728	0.208891
1729	0.208664
1730	0.208398
1731	0.208105
1732	0.207809
1733	0.207522
1734	0.207242
1735	0.206958
1736	0.206661
1737	0.206359
1738	0.206073
1739	0.205822
1740	0.205607
1741	0.205414
1742	0.205220
1743	0.205005
1744	0.204766
1745	0.204501
1746	0.204213
1747	0.203900
1748	0.203560
1749	0.203198
1750	0.202824
1751	0.202457
1752	0.202106
1753	0.201767
1754	0.201417
1755	0.201038
1756	0.200622
1757	0.200163
1758	0.199667
1759	0.199148
1760	0.198624
1761	0.198131
1762	0.197712
1763	0.197378
1764	0.197101
1765	0.196832
1766	0.196520
1767	0.196141
1768	0.195702
1769	0.195224
1770	0.194726
1771	0.194225
1772	0.193750
1773	0.193350
1774	0.193076
1775	0.192943
1776	0.192915
1777	0.192914
1778	0.192854
1779	0.192680
1780	0.192390
1781	0.192002
1782	0.191541
1783	0.191021
1784	0.190449
1785	0.189837
1786	0.189211
1787	0.188589
1788	0.187979
1789	0.187379
1790	0.186783
1791	0.186187
1792	0.185591
1793	0.184995
1794	0.184399
1795	0.183803
1796	0.183207
1797	0.182611
1798	0.182015
1799	0.181419
1800	0.180823
1801	0.180227
1802	0.179631
1803	0.179035
1804	0.178439
1805	0.177843
1806	0.177247
1807	0.176651
1808	0.176055
1809	0.175459
1810	0.174862
1811	0.174266
1812	0.173670
1813	0.173074
1814	0.172478
1815	0.171882
1816	0.171286
1817	0.170690
1818	0.170094
1819	0.169498
1820	0.168902
1821	0.168306
1822	0.167710
1823	0.167114
1824	0.166518
1825	0.165922
1826	0.165326
1827	0.164730
1828	0.164134
1829	0.163538
1830	0.162942
1831	0.162346
1832	0.161750
1833	0.161154
1834	0.160557
1835	0.159961
1836	0.159365
1837	0.158769
1838	0.158173
1839	0.157577
1840	0.156981
1841	0.156385
1842	0.155789
1843	0.155193
1844	0.154597
1845	0.154001
1846	0.153405
1847	0.152809
1848	0.152213
1849	0.151617
1850	0.151021
1851	0.150425
1852	0.149829
1853	0.149233
1854	0.148637
1855	0.148041
1856	0.147445
1857	0.146848
1858	0.146252
1859	0.145656
1860	0.145060
1861	0.144464
1862	0.143868
1863	0.143272
1864	0.142676
1865	0.142080
1866	0.141484
1867	0.140888
1868	0.140292
1869	0.139696
1870	0.139100
1871	0.138504
1872	0.137908
1873	0.137312
1874	0.136716
1875	0.136120
1876	0.135524
1877	0.134928
1878	0.134332
1879	0.133736
1880	0.133140
1881	0.132543
1882	0.131947
1883	0.131351
1884	0.130755
1885	0.130159
1886	0.129563
1887	0.128967
1888	0.128371
1889	0.127775
1890	0.127179
1891	0.126583
1892	0.125987
1893	0.125391
1894	0.124795
1895	0.124199
1896	0.123603
1897	0.123007
1898	0.122411
1899	0.121815
1900	0.121219
1901	0.120623
1902	0.120027
1903	0.119431
1904	0.118835
1905	0.118238
1906	0.117642
1907	0.117046
1908	0.116450
1909	0.115854
1910	0.115258
1911	0.114662
1912	0.114066
1913	0.113470
1914	0.112874
1915	0.112278
1916	0.111682
1917	0.111086
1918	0.110490
1919	0.109894
1920	0.109298
1921	0.108702
1922	0.108106
1923	0.107510
1924	0.106914
1925	0.106318
1926	0.105722
1927	0.105126
1928	0.104530
1929	0.103933
1930	0.103337
1931	0.102741
1932	0.102145
1933	0.101549
1934	0.100953
1935	0.100357
1936	0.099761
1937	0.099165
1938	0.098569
1939	0.097973
1940	0.097377
1941	0.096768
1942	0.096126
1943	0.095482
1944	0.094890
1945	0.094388
1946	0.093975
1947	0.093620
1948	0.093274
1949	0.092890
1950	0.092433
1951	0.091878
1952	0.091209
1953	0.090414
1954	0.089497
1955	0.088489
1956	0.087445
1957	0.086437
1958	0.085526
1959	0.084725
1960	0.083999
1961	0.083331
1962	0.082719
1963	0.082163
1964	0.081662
1965	0.081214
1966	0.080819
1967	0.080476
1968	0.080183
1969	0.079941
1970	0.079747
1971	0.079601
1972	0.079501
1973	0.079448
1974	0.079440
1975	0.079475
1976	0.079554
1977	0.079675
1978	0.079837
1979	0.080038
1980	0.080280
1981	0.080559
1982	0.080875
1983	0.081228
1984	0.081616
1985	0.082038
1986	0.082493
1987	0.082981
1988	0.083501
1989	0.084050
1990	0.084630
1991	0.085237
1992	0.085872
1993	0.086534
1994	0.087221
1995	0.087933
1996	0.088669
1997	0.089427
1998	0.090207
1999	0.091008
2000	0.091828
2001	0.092668
2002	0.093572
2003	0.094633
2004	0.095799
2005	0.096901
2006	0.097714
2007	0.098054
2008	0.097848
2009	0.097138
2010	0.096055
2011	0.094799
2012	0.093585
2013	0.092621
2014	0.092081
2015	0.092092
2016	0.092685
2017	0.093751
2018	0.095035
2019	0.096225
2020	0.097101
2021	0.097637
2022	0.097850
2023	0.097796
2024	0.097553
2025	0.097197
2026	0.096821
2027	0.096514
2028	0.096335
2029	0.096322
2030	0.096502
2031	0.096875
2032	0.097432
2033	0.098160
2034	0.099027
2035	0.099967
2036	0.100877
2037	0.101624
2038	0.102099
2039	0.102232
2040	0.101995
2041	0.101433
2042	0.100659
2043	0.099838
2044	0.099173
2045	0.098858
2046	0.099005
2047	0.099629
2048	0.100644
2049	0.101895
2050	0.103212
2051	0.104434
2052	0.105425
2053	0.106103
2054	0.106463
2055	0.106569
2056	0.106537
2057	0.106490
2058	0.106513
2059	0.106635
2060	0.106838
2061	0.107084
2062	0.107339
2063	0.107588
2064	0.107827
2065	0.108067
2066	0.108308
2067	0.108540
2068	0.108763
2069	0.108985
2070	0.109207
2071	0.109429
2072	0.109650
2073	0.109870
2074	0.110091
2075	0.110311
2076	0.110531
2077	0.110752
2078	0.110974
2079	0.111196
2080	0.111419
2081	0.111644
2082	0.111869
2083	0.112096
2084	0.112325
2085	0.112555
2086	0.112787
2087	0.113021
2088	0.113257
2089	0.113495
2090	0.113735
2091	0.113977
2092	0.114222
2093	0.114469
2094	0.114718
2095	0.114969
2096	0.115222
2097	0.115478
2098	0.115736
2099	0.115997
2100	0.116259
2101	0.116524
2102	0.116791
2103	0.117059
2104	0.117330
2105	0.117602
2106	0.117877
2107	0.118153
2108	0.118430
2109	0.118709
2110	0.118989
2111	0.119270
2112	0.119552
2113	0.119834
2114	0.120117
2115	0.120401
2116	0.120685
2117	0.120968
2118	0.121251
2119	0.121534
2120	0.121816
2121	0.122096
2122	0.122376
2123	0.122653
2124	0.122929
2125	0.123203
2126	0.123474
2127	0.123742
2128	0.124007
2129	0.124268
2130	0.124526
2131	0.124779
2132	0.125027
2133	0.125271
2134	0.125509
2135	0.125741
2136	0.125967
2137	0.126186
2138	0.126398
2139	0.126602
2140	0.126799
2141	0.126986
2142	0.127165
2143	0.127334
2144	0.127494
2145	0.127642
2146	0.127780
2147	0.127906
2148	0.128020
2149	0.128121
2150	0.128208
2151	0.128282
2152	0.128325
2153	0.128307
2154	0.128256
2155	0.128237
2156	0.128309
2157	0.128497
2158	0.128792
2159	0.129160
2160	0.129560
2161	0.129955
2162	0.130314
2163	0.130604
2164	0.130793
2165	0.130857
2166	0.130800
2167	0.130660
2168	0.130502
2169	0.130393
2170	0.130355
2171	0.130356
2172	0.130376
2173	0.130415
2174	0.130470
2175	0.130542
2176	0.130628
2177	0.130728
2178	0.130840
2179	0.130964
2180	0.131098
2181	0.131241
2182	0.131393
2183	0.131552
2184	0.131717
2185	0.131888
2186	0.132064
2187	0.132243
2188	0.132425
2189	0.132609
2190	0.132795
2191	0.132981
2192	0.133167
2193	0.133353
2194	0.133536
2195	0.133718
2196	0.133897
2197	0.134072
2198	0.134243
2199	0.134410
2200	0.134572
2201	0.134729
2202	0.134880
2203	0.135024
2204	0.135161
2205	0.135292
2206	0.135415
2207	0.135530
2208	0.135637
2209	0.135736
2210	0.135826
2211	0.135907
2212	0.135980
2213	0.136043
2214	0.136097
2215	0.136141
2216	0.136177
2217	0.136202
2218	0.136218
2219	0.136225
2220	0.136222
2221	0.136210
2222	0.136189
2223	0.136158
2224	0.136118
2225	0.136069
2226	0.136012
2227	0.135946
2228	0.135872
2229	0.135790
2230	0.135700
2231	0.135603
2232	0.135499
2233	0.135389
2234	0.135272
2235	0.135149
2236	0.135022
2237	0.134889
2238	0.134753
2239	0.134612
2240	0.134469
2241	0.134323
2242	0.134175
2243	0.134026
2244	0.133876
2245	0.133726
2246	0.133578
2247	0.133431
2248	0.133286
2249	0.133145
2250	0.133008
2251	0.132876
2252	0.132745
2253	0.132616
2254	0.132525
2255	0.132500
2256	0.132532
2257	0.132567
2258	0.132530
2259	0.132344
2260	0.131951
2261	0.131322
2262	0.130452
2263	0.129356
2264	0.128071
2265	0.126655
2266	0.125191
2267	0.123768
2268	0.122464
2269	0.121318
2270	0.120316
2271	0.119418
2272	0.118604
2273	0.117868
2274	0.117205
2275	0.116611
2276	0.116082
2277	0.115613
2278	0.115199
2279	0.114837
2280	0.114522
2281	0.114250
2282	0.114018
2283	0.113822
2284	0.113657
2285	0.113521
2286	0.113411
2287	0.113322
2288	0.113251
2289	0.113197
2290	0.113155
2291	0.113122
2292	0.113097
2293	0.113077
2294	0.113058
2295	0.113039
2296	0.113018
2297	0.112991
2298	0.112958
2299	0.112917
2300	0.112864
2301	0.112800
2302	0.112722
2303	0.112629
2304	0.112519
2305	0.112392
2306	0.112245
2307	0.112080
2308	0.111893
2309	0.111685
2310	0.111455
2311	0.111202
2312	0.110927
2313	0.110628
2314	0.110305
2315	0.109960
2316	0.109590
2317	0.109198
2318	0.108782
2319	0.108344
2320	0.107884
2321	0.107402
2322	0.106900
2323	0.106378
2324	0.105837
2325	0.105278
2326	0.104703
2327	0.104112
2328	0.103508
2329	0.102891
2330	0.102264
2331	0.101628
2332	0.100985
2333	0.100337
2334	0.099687
2335	0.099036
2336	0.098387
2337	0.097742
2338	0.097104
2339	0.096476
2340	0.095860
2341	0.095260
2342	0.094678
2343	0.094118
2344	0.093583
2345	0.093076
2346	0.092601
2347	0.092161
2348	0.091761
2349	0.091404
2350	0.091093
2351	0.090834
2352	0.090642
2353	0.090543
2354	0.090536
2355	0.090584
2356	0.090645
2357	0.090680
2358	0.090669
2359	0.090604
2360	0.090488
2361	0.090330
2362	0.090140
2363	0.089937
2364	0.089753
2365	0.089618
2366	0.089554
2367	0.089566
2368	0.089630
2369	0.089713
2370	0.089795
2371	0.089888
2372	0.089999
2373	0.090129
2374	0.090278
2375	0.090446
2376	0.090633
2377	0.090839
2378	0.091063
2379	0.091307
2380	0.091569
2381	0.091850
2382	0.092150
2383	0.092469
2384	0.092807
2385	0.093163
2386	0.093539
2387	0.093933
2388	0.094346
2389	0.094778
2390	0.095229
2391	0.095699
2392	0.096187
2393	0.096695
2394	0.097221
2395	0.097766
2396	0.098330
2397	0.098913
2398	0.099515
2399	0.100135
2400	0.100775
2401	0.101433
2402	0.102110
2403	0.102806
2404	0.103521
2405	0.104255
2406	0.105008
2407	0.105779
2408	0.106569
2409	0.107379
2410	0.108207
2411	0.109054
2412	0.109919
2413	0.110804
2414	0.111707
2415	0.112630
2416	0.113571
2417	0.114531
2418	0.115510
2419	0.116508
2420	0.117524
2421	0.118560
2422	0.119614
2423	0.120688
2424	0.121780
2425	0.122891
2426	0.124020
2427	0.125169
2428	0.126337
2429	0.127523
2430	0.128728
2431	0.129952
2432	0.131195
2433	0.132457
2434	0.133738
2435	0.135037
2436	0.136356
2437	0.137693
2438	0.139049
2439	0.140424
2440	0.141818
2441	0.143231
2442	0.144662
2443	0.146113
2444	0.147582
2445	0.149070
2446	0.150577
2447	0.152103
2448	0.153648
2449	0.155211
2450	0.156794
2451	0.158395
2452	0.160015
2453	0.161654
2454	0.163312
2455	0.164989
2456	0.166685
2457	0.168399
2458	0.170132
2459	0.171885
2460	0.173656
2461	0.175446
2462	0.177254
2463	0.179082
2464	0.180928
2465	0.182794
2466	0.184678
2467	0.186581
2468	0.188503
2469	0.190444
2470	0.192403
2471	0.194382
2472	0.196379
2473	0.198395
2474	0.200431
2475	0.202484
2476	0.204557
2477	0.206649
2478	0.208759
2479	0.210889
2480	0.213037
2481	0.215204
2482	0.217390
2483	0.219595
2484	0.221819
2485	0.224061
2486	0.226323
2487	0.228603
2488	0.230902
2489	0.233220
2490	0.235557
2491	0.237912
2492	0.240287
2493	0.242680
2494	0.245093
2495	0.247524
2496	0.249974
2497	0.252443
2498	0.254930
2499	0.257437
2500	0.259962
