350	0.025543
351	0.025566
352	0.025593
353	0.025626
354	0.025667
355	0.025717
356	0.025773
357	0.025834
358	0.025897
359	0.025959
360	0.026049
361	0.026234
362	0.026431
363	0.026611
364	0.026772
365	0.026923
366	0.027063
367	0.027187
368	0.027292
369	0.027375
370	0.027453
371	0.027556
372	0.027699
373	0.027875
374	0.028073
375	0.028279
376	0.028478
377	0.028664
378	0.028835
379	0.028988
380	0.029129
381	0.029273
382	0.029430
383	0.029599
384	0.029784
385	0.029989
386	0.030210
387	0.030431
388	0.030644
389	0.030850
390	0.031054
391	0.031250
392	0.031437
393	0.031631
394	0.031856
395	0.032125
396	0.032426
397	0.032733
398	0.033020
399	0.033279
400	0.033507
401	0.033705
402	0.033879
403	0.034032
404	0.034170
405	0.034300
406	0.034435
407	0.034590
408	0.034778
409	0.034999
410	0.035244
411	0.035496
412	0.035744
413	0.035983
414	0.036216
415	0.036444
416	0.036668
417	0.036889
418	0.037108
419	0.037326
420	0.037545
421	0.037769
422	0.038001
423	0.038236
424	0.038469
425	0.038695
426	0.038920
427	0.039148
428	0.039389
429	0.039651
430	0.039931
431	0.040226
432	0.040527
433	0.040825
434	0.041116
435	0.041398
436	0.041667
437	0.041921
438	0.042164
439	0.042399
440	0.042630
441	0.042863
442	0.043102
443	0.043350
444	0.043604
445	0.043860
446	0.044115
447	0.044363
448	0.044599
449	0.044828
450	0.045051
451	0.045265
452	0.045467
453	0.045658
454	0.045842
455	0.046025
456	0.046213
457	0.046404
458	0.046593
459	0.046775
460	0.046944
461	0.047100
462	0.047246
463	0.047388
464	0.047525
465	0.047656
466	0.047786
467	0.047920
468	0.048060
469	0.048206
470	0.048352
471	0.048493
472	0.048631
473	0.048769
474	0.048907
475	0.049047
476	0.049190
477	0.049339
478	0.049491
479	0.049646
480	0.049802
481	0.049956
482	0.050106
483	0.050257
484	0.050418
485	0.050592
486	0.050779
487	0.050978
488	0.051187
489	0.051404
490	0.051628
491	0.051854
492	0.052078
493	0.052299
494	0.052520
495	0.052749
496	0.052992
497	0.053251
498	0.053525
499	0.053811
500	0.054105
501	0.054407
502	0.054716
503	0.055035
504	0.055364
505	0.055705
506	0.056063
507	0.056438
508	0.056830
509	0.057235
510	0.057648
511	0.058066
512	0.058490
513	0.058927
514	0.059381
515	0.059856
516	0.060352
517	0.060874
518	0.061419
519	0.061980
520	0.062546
521	0.063111
522	0.063673
523	0.064228
524	0.064776
525	0.065315
526	0.065844
527	0.066365
528	0.066879
529	0.067386
530	0.067882
531	0.068364
532	0.068829
533	0.069275
534	0.069702
535	0.070116
536	0.070520
537	0.070912
538	0.071291
539	0.071657
540	0.072014
541	0.072364
542	0.072712
543	0.073058
544	0.073401
545	0.073745
546	0.074091
547	0.074442
548	0.074799
549	0.075162
550	0.075532
551	0.075907
552	0.076284
553	0.076662
554	0.077034
555	0.077394
556	0.077735
557	0.078046
558	0.078318
559	0.078543
560	0.078721
561	0.078858
562	0.078963
563	0.079045
564	0.079111
565	0.079168
566	0.079226
567	0.079297
568	0.079388
569	0.079500
570	0.079630
571	0.079771
572	0.079921
573	0.080076
574	0.080237
575	0.080399
576	0.080558
577	0.080708
578	0.080844
579	0.080963
580	0.081064
581	0.081145
582	0.081203
583	0.081242
584	0.081270
585	0.081299
586	0.081339
587	0.081396
588	0.081477
589	0.081584
590	0.081723
591	0.081896
592	0.082099
593	0.082325
594	0.082568
595	0.082819
596	0.083071
597	0.083316
598	0.083547
599	0.083756
600	0.083938
601	0.084089
602	0.084212
603	0.084310
604	0.084387
605	0.084449
606	0.084502
607	0.084550
608	0.084596
609	0.084642
610	0.084684
611	0.084720
612	0.084752
613	0.084784
614	0.084820
615	0.084859
616	0.084899
617	0.084941
618	0.084985
619	0.085034
620	0.085094
621	0.085167
622	0.085250
623	0.085343
624	0.085443
625	0.085555
626	0.085677
627	0.085809
628	0.085948
629	0.086088
630	0.086222
631	0.086348
632	0.086466
633	0.086573
634	0.086666
635	0.086745
636	0.086811
637	0.086860
638	0.086893
639	0.086908
640	0.086904
641	0.086882
642	0.086847
643	0.086804
644	0.086759
645	0.086714
646	0.086677
647	0.086653
648	0.086645
649	0.086653
650	0.086675
651	0.086709
652	0.086752
653	0.086798
654	0.086844
655	0.086889
656	0.086927
657	0.086950
658	0.086956
659	0.086942
660	0.086913
661	0.086874
662	0.086832
663	0.086792
664	0.086763
665	0.086751
666	0.086758
667	0.086782
668	0.086823
669	0.086879
670	0.086944
671	0.087017
672	0.087098
673	0.087187
674	0.087284
675	0.087392
676	0.087510
677	0.087641
678	0.087790
679	0.087960
680	0.088155
681	0.088379
682	0.088638
683	0.088941
684	0.089290
685	0.089688
686	0.090141
687	0.090652
688	0.091225
689	0.091867
690	0.092589
691	0.093398
692	0.094295
693	0.095279
694	0.096347
695	0.097496
696	0.098726
697	0.100033
698	0.101404
699	0.102831
700	0.104303
701	0.105810
702	0.107344
703	0.108900
704	0.110474
705	0.112063
706	0.113666
707	0.115286
708	0.116929
709	0.118597
710	0.120277
711	0.121951
712	0.123603
713	0.125232
714	0.126860
715	0.128513
716	0.130209
717	0.131951
718	0.133739
719	0.135567
720	0.137426
721	0.139306
722	0.141186
723	0.143040
724	0.144843
725	0.146582
726	0.148269
727	0.149928
728	0.151577
729	0.153217
730	0.154832
731	0.156406
732	0.157929
733	0.159398
734	0.160807
735	0.162150
736	0.163423
737	0.164628
738	0.165765
739	0.166840
740	0.167858
741	0.168822
742	0.169732
743	0.170584
744	0.171375
745	0.172110
746	0.172791
747	0.173427
748	0.174020
749	0.174570
750	0.175079
751	0.175563
752	0.176033
753	0.176481
754	0.176887
755	0.177243
756	0.177547
757	0.177802
758	0.178017
759	0.178211
760	0.178401
761	0.178599
762	0.178817
763	0.179064
764	0.179338
765	0.179635
766	0.179942
767	0.180236
768	0.180497
769	0.180724
770	0.180930
771	0.181121
772	0.181300
773	0.181481
774	0.181670
775	0.181865
776	0.182059
777	0.182249
778	0.182435
779	0.182621
780	0.182809
781	0.182993
782	0.183157
783	0.183294
784	0.183407
785	0.183508
786	0.183605
787	0.183705
788	0.183809
789	0.183921
790	0.184045
791	0.184190
792	0.184355
793	0.184535
794	0.184717
795	0.184887
796	0.185033
797	0.185156
798	0.185267
799	0.185378
800	0.185498
801	0.185630
802	0.185774
803	0.185925
804	0.186080
805	0.186236
806	0.186383
807	0.186509
808	0.186597
809	0.186637
810	0.186627
811	0.186578
812	0.186508
813	0.186449
814	0.186425
815	0.186443
816	0.186494
817	0.186578
818	0.186705
819	0.186880
820	0.187093
821	0.187325
822	0.187553
823	0.187760
824	0.187939
825	0.188093
826	0.188228
827	0.188351
828	0.188463
829	0.188564
830	0.188658
831	0.188763
832	0.188895
833	0.189059
834	0.189241
835	0.189428
836	0.189612
837	0.189789
838	0.189958
839	0.190124
840	0.190288
841	0.190451
842	0.190612
843	0.190769
844	0.190921
845	0.191071
846	0.191218
847	0.191348
848	0.191454
849	0.191534
850	0.191595
851	0.191647
852	0.191702
853	0.191767
854	0.191842
855	0.191930
856	0.192038
857	0.192169
858	0.192315
859	0.192459
860	0.192585
861	0.192687
862	0.192769
863	0.192846
864	0.192924
865	0.193006
866	0.193089
867	0.193177
868	0.193269
869	0.193367
870	0.193472
871	0.193578
872	0.193676
873	0.193762
874	0.193838
875	0.193913
876	0.193992
877	0.194073
878	0.194155
879	0.194235
880	0.194309
881	0.194377
882	0.194445
883	0.194519
884	0.194604
885	0.194701
886	0.194806
887	0.194904
888	0.194981
889	0.195023
890	0.195017
891	0.194950
892	0.194816
893	0.194620
894	0.194385
895	0.194146
896	0.193946
897	0.193827
898	0.193820
899	0.193920
900	0.194098
901	0.194304
902	0.194490
903	0.194631
904	0.194718
905	0.194751
906	0.194738
907	0.194691
908	0.194634
909	0.194593
910	0.194584
911	0.194612
912	0.194677
913	0.194787
914	0.194947
915	0.195158
916	0.195412
917	0.195678
918	0.195920
919	0.196096
920	0.196174
921	0.196130
922	0.195952
923	0.195642
924	0.195223
925	0.194731
926	0.194220
927	0.193739
928	0.193316
929	0.192946
930	0.192607
931	0.192293
932	0.192002
933	0.191734
934	0.191489
935	0.191265
936	0.191064
937	0.190884
938	0.190724
939	0.190584
940	0.190465
941	0.190364
942	0.190282
943	0.190218
944	0.190172
945	0.190143
946	0.190131
947	0.190136
948	0.190156
949	0.190191
950	0.190241
951	0.190305
952	0.190384
953	0.190475
954	0.190580
955	0.190696
956	0.190825
957	0.190965
958	0.191116
959	0.191277
960	0.191448
961	0.191629
962	0.191819
963	0.192017
964	0.192223
965	0.192436
966	0.192657
967	0.192884
968	0.193117
969	0.193356
970	0.193599
971	0.193847
972	0.194100
973	0.194355
974	0.194614
975	0.194876
976	0.195139
977	0.195405
978	0.195671
979	0.195938
980	0.196205
981	0.196472
982	0.196735
983	0.196987
984	0.197232
985	0.197479
986	0.197742
987	0.198031
988	0.198350
989	0.198698
990	0.199072
991	0.199468
992	0.199879
993	0.200297
994	0.200715
995	0.201121
996	0.201510
997	0.201882
998	0.202244
999	0.202607
1000	0.202976
1001	0.203346
1002	0.203715
1003	0.204082
1004	0.204447
1005	0.204810
1006	0.205170
1007	0.205526
1008	0.205880
1009	0.206230
1010	0.206576
1011	0.206918
1012	0.207255
1013	0.207588
1014	0.207916
1015	0.208239
1016	0.208557
1017	0.208869
1018	0.209176
1019	0.209478
1020	0.209773
1021	0.210062
1022	0.210345
1023	0.210622
1024	0.210893
1025	0.211157
1026	0.211415
1027	0.211667
1028	0.211911
1029	0.212149
1030	0.212381
1031	0.212607
1032	0.212828
1033	0.213044
1034	0.213248
1035	0.213440
1036	0.213617
1037	0.213784
1038	0.213944
1039	0.214100
1040	0.214256
1041	0.214413
1042	0.214574
1043	0.214739
1044	0.214909
1045	0.215080
1046	0.215250
1047	0.215412
1048	0.215563
1049	0.215700
1050	0.215828
1051	0.215947
1052	0.216058
1053	0.216161
1054	0.216255
1055	0.216342
1056	0.216422
1057	0.216494
1058	0.216559
1059	0.216617
1060	0.216668
1061	0.216713
1062	0.216752
1063	0.216784
1064	0.216810
1065	0.216831
1066	0.216846
1067	0.216856
1068	0.216860
1069	0.216860
1070	0.216855
1071	0.216845
1072	0.216831
1073	0.216813
1074	0.216791
1075	0.216766
1076	0.216736
1077	0.216704
1078	0.216668
1079	0.216629
1080	0.216588
1081	0.216544
1082	0.216497
1083	0.216449
1084	0.216398
1085	0.216346
1086	0.216293
1087	0.216237
1088	0.216181
1089	0.216124
1090	0.216066
1091	0.216008
1092	0.215953
1093	0.215909
1094	0.215872
1095	0.215827
1096	0.215757
1097	0.215655
1098	0.215518
1099	0.215345
1100	0.215141
1101	0.214912
1102	0.214665
1103	0.214416
1104	0.214185
1105	0.213985
1106	0.213817
1107	0.213664
1108	0.213500
1109	0.213298
1110	0.213054
1111	0.212792
1112	0.212538
1113	0.212287
1114	0.212013
1115	0.211667
1116	0.211199
1117	0.210597
1118	0.209907
1119	0.209212
1120	0.208583
1121	0.208065
1122	0.207668
1123	0.207387
1124	0.207219
1125	0.207158
1126	0.207182
1127	0.207250
1128	0.207302
1129	0.207298
1130	0.207245
1131	0.207189
1132	0.207187
1133	0.207268
1134	0.207409
1135	0.207545
1136	0.207609
1137	0.207542
1138	0.207317
1139	0.206938
1140	0.206423
1141	0.205808
1142	0.205135
1143	0.204450
1144	0.203801
1145	0.203246
1146	0.202833
1147	0.202589
1148	0.202511
1149	0.202571
1150	0.202717
1151	0.202895
1152	0.203073
1153	0.203241
1154	0.203396
1155	0.203541
1156	0.203678
1157	0.203817
1158	0.203971
1159	0.204149
1160	0.204357
1161	0.204581
1162	0.204798
1163	0.204994
1164	0.205169
1165	0.205330
1166	0.205489
1167	0.205661
1168	0.205852
1169	0.206059
1170	0.206280
1171	0.206511
1172	0.206737
1173	0.206939
1174	0.207095
1175	0.207189
1176	0.207220
1177	0.207201
1178	0.207149
1179	0.207087
1180	0.207034
1181	0.207007
1182	0.207021
1183	0.207082
1184	0.207183
1185	0.207311
1186	0.207448
1187	0.207576
1188	0.207686
1189	0.207776
1190	0.207849
1191	0.207906
1192	0.207947
1193	0.207975
1194	0.207995
1195	0.208014
1196	0.208041
1197	0.208081
1198	0.208135
1199	0.208200
1200	0.208273
1201	0.208355
1202	0.208447
1203	0.208549
1204	0.208662
1205	0.208788
1206	0.208928
1207	0.209084
1208	0.209252
1209	0.209430
1210	0.209611
1211	0.209790
1212	0.209962
1213	0.210123
1214	0.210274
1215	0.210419
1216	0.210565
1217	0.210716
1218	0.210874
1219	0.211035
1220	0.211193
1221	0.211345
1222	0.211494
1223	0.211645
1224	0.211803
1225	0.211971
1226	0.212146
1227	0.212326
1228	0.212509
1229	0.212697
1230	0.212891
1231	0.213089
1232	0.213291
1233	0.213491
1234	0.213689
1235	0.213882
1236	0.214068
1237	0.214241
1238	0.214396
1239	0.214532
1240	0.214655
1241	0.214771
1242	0.214891
1243	0.215016
1244	0.215141
1245	0.215260
1246	0.215372
1247	0.215479
1248	0.215591
1249	0.215715
1250	0.215853
1251	0.216004
1252	0.216161
1253	0.216319
1254	0.216469
1255	0.216600
1256	0.216698
1257	0.216756
1258	0.216777
1259	0.216775
1260	0.216777
1261	0.216810
1262	0.216884
1263	0.216998
1264	0.217137
1265	0.217282
1266	0.217414
1267	0.217528
1268	0.217622
1269	0.217698
1270	0.217761
1271	0.217815
1272	0.217869
1273	0.217932
1274	0.218014
1275	0.218115
1276	0.218228
1277	0.218340
1278	0.218436
1279	0.218507
1280	0.218546
1281	0.218548
1282	0.218514
1283	0.218449
1284	0.218356
1285	0.218242
1286	0.218109
1287	0.217962
1288	0.217804
1289	0.217643
1290	0.217483
1291	0.217331
1292	0.217188
1293	0.217052
1294	0.216913
1295	0.216766
1296	0.216607
1297	0.216432
1298	0.216237
1299	0.216019
1300	0.215769
1301	0.215482
1302	0.215159
1303	0.214807
1304	0.214434
1305	0.214049
1306	0.213653
1307	0.213239
1308	0.212804
1309	0.212347
1310	0.211876
1311	0.211402
1312	0.210933
1313	0.210474
1314	0.210025
1315	0.209585
1316	0.209156
1317	0.208741
1318	0.208341
1319	0.207948
1320	0.207553
1321	0.207146
1322	0.206726
1323	0.206295
1324	0.205858
1325	0.205413
1326	0.204961
1327	0.204501
1328	0.204034
1329	0.203560
1330	0.203078
1331	0.202589
1332	0.202092
1333	0.201588
1334	0.201076
1335	0.200556
1336	0.200029
1337	0.199494
1338	0.198952
1339	0.198402
1340	0.197844
1341	0.197278
1342	0.196705
1343	0.196124
1344	0.195535
1345	0.194938
1346	0.194333
1347	0.193721
1348	0.193100
1349	0.192472
1350	0.191835
1351	0.191191
1352	0.190539
1353	0.189878
1354	0.189210
1355	0.188533
1356	0.187848
1357	0.187155
1358	0.186454
1359	0.185745
1360	0.185028
1361	0.184302
1362	0.183568
1363	0.182825
1364	0.182075
1365	0.181313
1366	0.180534
1367	0.179740
1368	0.178943
1369	0.178155
1370	0.177385
1371	0.176640
1372	0.175917
1373	0.175215
1374	0.174530
1375	0.173858
1376	0.173191
1377	0.172522
1378	0.171841
1379	0.171143
1380	0.170429
1381	0.169705
1382	0.168983
1383	0.168266
1384	0.167552
1385	0.166838
1386	0.166124
1387	0.165409
1388	0.164695
1389	0.163981
1390	0.163267
1391	0.162537
1392	0.161768
1393	0.160996
1394	0.160285
1395	0.159680
1396	0.159183
1397	0.158758
1398	0.158347
1399	0.157894
1400	0.157357
1401	0.156707
1402	0.155922
1403	0.154986
1404	0.153902
1405	0.152702
1406	0.151452
1407	0.150235
1408	0.149121
1409	0.148128
1410	0.147213
1411	0.146356
1412	0.145556
1413	0.144812
1414	0.144121
1415	0.143482
1416	0.142894
1417	0.142356
1418	0.141867
1419	0.141424
1420	0.141027
1421	0.140673
1422	0.140363
1423	0.140094
1424	0.139864
1425	0.139673
1426	0.139520
1427	0.139402
1428	0.139318
1429	0.139268
1430	0.139249
1431	0.139260
1432	0.139300
1433	0.139368
1434	0.139461
1435	0.139580
1436	0.139721
1437	0.139884
1438	0.140068
1439	0.140271
1440	0.140492
1441	0.140729
1442	0.140980
1443	0.141246
1444	0.141523
1445	0.141812
1446	0.142109
1447	0.142415
1448	0.142727
1449	0.143045
1450	0.143366
1451	0.143690
1452	0.144026
1453	0.144395
1454	0.144780
1455	0.145138
1456	0.145429
1457	0.145623
1458	0.145701
1459	0.145653
1460	0.145471
1461	0.145168
1462	0.144777
1463	0.144350
1464	0.143956
1465	0.143653
1466	0.143482
1467	0.143462
1468	0.143573
1469	0.143774
1470	0.144032
1471	0.144347
1472	0.144708
1473	0.145101
1474	0.145515
1475	0.145943
1476	0.146382
1477	0.146834
1478	0.147304
1479	0.147808
1480	0.148351
1481	0.148927
1482	0.149514
1483	0.150085
1484	0.150622
1485	0.151134
1486	0.151630
1487	0.152116
1488	0.152593
1489	0.153068
1490	0.153550
1491	0.154059
1492	0.154612
1493	0.155209
1494	0.155828
1495	0.156430
1496	0.156974
1497	0.157437
1498	0.157813
1499	0.158121
1500	0.158393
1501	0.158658
1502	0.158937
1503	0.159247
1504	0.159594
1505	0.159986
1506	0.160425
1507	0.160902
1508	0.161395
1509	0.161878
1510	0.162335
1511	0.162759
1512	0.163153
1513	0.163521
1514	0.163863
1515	0.164174
1516	0.164456
1517	0.164721
1518	0.164992
1519	0.165292
1520	0.165631
1521	0.166006
1522	0.166402
1523	0.166808
1524	0.167223
1525	0.167643
1526	0.168063
1527	0.168473
1528	0.168865
1529	0.169239
1530	0.169605
1531	0.169976
1532	0.170352
1533	0.170723
1534	0.171074
1535	0.171399
1536	0.171706
1537	0.172009
1538	0.172325
1539	0.172660
1540	0.173010
1541	0.173368
1542	0.173724
1543	0.174073
1544	0.174403
1545	0.174706
1546	0.174984
1547	0.175246
1548	0.175511
1549	0.175799
1550	0.176119
1551	0.176470
1552	0.176840
1553	0.177215
1554	0.177579
1555	0.177919
1556	0.178223
1557	0.178492
1558	0.178738
1559	0.178978
1560	0.179230
1561	0.179499
1562	0.179778
1563	0.180050
1564	0.180306
1565	0.180548
1566	0.180778
1567	0.181000
1568	0.181211
1569	0.181409
1570	0.181596
1571	0.181786
1572	0.181996
1573	0.182242
1574	0.182529
1575	0.182845
1576	0.183174
1577	0.183505
1578	0.183834
1579	0.184168
1580	0.184514
1581	0.184866
1582	0.185215
1583	0.185551
1584	0.185867
1585	0.186162
1586	0.186437
1587	0.186692
1588	0.186928
1589	0.187145
1590	0.187344
1591	0.187532
1592	0.187727
1593	0.187942
1594	0.188184
1595	0.188446
1596	0.188710
1597	0.188955
1598	0.189165
1599	0.189339
1600	0.189487
1601	0.189627
1602	0.189779
1603	0.189956
1604	0.190167
1605	0.190414
1606	0.190695
1607	0.191002
1608	0.191317
1609	0.191620
1610	0.191895
1611	0.192140
1612	0.192362
1613	0.192578
1614	0.192800
1615	0.193028
1616	0.193252
1617	0.193464
1618	0.193661
1619	0.193845
1620	0.194019
1621	0.194184
1622	0.194338
1623	0.194484
1624	0.194630
1625	0.194789
1626	0.194967
1627	0.195163
1628	0.195373
1629	0.195590
1630	0.195806
1631	0.196019
1632	0.196228
1633	0.196432
1634	0.196629
1635	0.196817
1636	0.196995
1637	0.197153
1638	0.197284
1639	0.197388
1640	0.197477
1641	0.197566
1642	0.197666
1643	0.197780
1644	0.197902
1645	0.198025
1646	0.198154
1647	0.198300
1648	0.198475
1649	0.198679
1650	0.198902
1651	0.199133
1652	0.199368
1653	0.199606
1654	0.199851
1655	0.200102
1656	0.200341
1657	0.200547
1658	0.200700
1659	0.200796
1660	0.200844
1661	0.200870
1662	0.200902
1663	0.200953
1664	0.201021
1665	0.201102
1666	0.201188
1667	0.201282
1668	0.201385
1669	0.201495
1670	0.201600
1671	0.201679
1672	0.201712
1673	0.201695
1674	0.201637
1675	0.201551
1676	0.201447
1677	0.201336
1678	0.201220
1679	0.201104
1680	0.200993
1681	0.200893
1682	0.200804
1683	0.200725
1684	0.200655
1685	0.200591
1686	0.200529
1687	0.200476
1688	0.200441
1689	0.200436
1690	0.200464
1691	0.200512
1692	0.200562
1693	0.200592
1694	0.200588
1695	0.200555
1696	0.200508
1697	0.200468
1698	0.200448
1699	0.200456
1700	0.200483
1701	0.200510
1702	0.200520
1703	0.200499
1704	0.200445
1705	0.200364
1706	0.200270
1707	0.200177
1708	0.200096
1709	0.200044
1710	0.200032
1711	0.200057
1712	0.200097
1713	0.200125
1714	0.200119
1715	0.200067
1716	0.199973
1717	0.199851
1718	0.199703
1719	0.199527
1720	0.199325
1721	0.199101
1722	0.198865
1723	0.198635
1724	0.198430
1725	0.198252
1726	0.198096
1727	0.197972
1728	0.197895
1729	0.197872
1730	0.197891
1731	0.197921
1732	0.197919
1733	0.197854
1734	0.197725
1735	0.197546
1736	0.197336
1737	0.197115
1738	0.196905
1739	0.196718
1740	0.196560
1741	0.196425
1742	0.196295
1743	0.196154
1744	0.195991
1745	0.195819
1746	0.195664
1747	0.195557
1748	0.195525
1749	0.195564
1750	0.195647
1751	0.195745
1752	0.195832
1753	0.195893
1754	0.195917
1755	0.195882
1756	0.195761
1757	0.195535
1758	0.195213
1759	0.194821
1760	0.194395
1761	0.193962
1762	0.193536
1763	0.193132
1764	0.192779
1765	0.192523
1766	0.192409
1767	0.192450
1768	0.192607
1769	0.192819
1770	0.193018
1771	0.193151
1772	0.193199
1773	0.193147
1774	0.192989
1775	0.192725
1776	0.192367
1777	0.191947
1778	0.191506
1779	0.191075
1780	0.190669
1781	0.190293
1782	0.189945
1783	0.189626
1784	0.189340
1785	0.189080
1786	0.188831
1787	0.188578
1788	0.188320
1789	0.188056
1790	0.187790
1791	0.187525
1792	0.187260
1793	0.186994
1794	0.186729
1795	0.186463
1796	0.186198
1797	0.185933
1798	0.185667
1799	0.185402
1800	0.185137
1801	0.184871
1802	0.184606
1803	0.184340
1804	0.184075
1805	0.183810
1806	0.183544
1807	0.183279
1808	0.183014
1809	0.182748
1810	0.182483
1811	0.182217
1812	0.181952
1813	0.181687
1814	0.181421
1815	0.181156
1816	0.180891
1817	0.180625
1818	0.180360
1819	0.180094
1820	0.179829
1821	0.179564
1822	0.179298
1823	0.179033
1824	0.178768
1825	0.178502
1826	0.178237
1827	0.177971
1828	0.177706
1829	0.177441
1830	0.177175
1831	0.176910
1832	0.176645
1833	0.176379
1834	0.176114
1835	0.175848
1836	0.175583
1837	0.175318
1838	0.175052
1839	0.174787
1840	0.174522
1841	0.174256
1842	0.173991
1843	0.173725
1844	0.173460
1845	0.173195
1846	0.172929
1847	0.172664
1848	0.172399
1849	0.172133
1850	0.171868
1851	0.171602
1852	0.171337
1853	0.171072
1854	0.170806
1855	0.170541
1856	0.170276
1857	0.170010
1858	0.169745
1859	0.169479
1860	0.169214
1861	0.168949
1862	0.168683
1863	0.168418
1864	0.168153
1865	0.167887
1866	0.167622
1867	0.167356
1868	0.167091
1869	0.166826
1870	0.166560
1871	0.166295
1872	0.166030
1873	0.165764
1874	0.165499
1875	0.165233
1876	0.164968
1877	0.164703
1878	0.164437
1879	0.164172
1880	0.163907
1881	0.163641
1882	0.163376
1883	0.163110
1884	0.162845
1885	0.162580
1886	0.162314
1887	0.162049
1888	0.161783
1889	0.161518
1890	0.161253
1891	0.160987
1892	0.160722
1893	0.160457
1894	0.160191
1895	0.159926
1896	0.159660
1897	0.159395
1898	0.159130
1899	0.158864
1900	0.158599
1901	0.158334
1902	0.158068
1903	0.157803
1904	0.157537
1905	0.157272
1906	0.157007
1907	0.156741
1908	0.156476
1909	0.156211
1910	0.155945
1911	0.155680
1912	0.155414
1913	0.155149
1914	0.154884
1915	0.154618
1916	0.154353
1917	0.154088
1918	0.153822
1919	0.153557
1920	0.153291
1921	0.153026
1922	0.152761
1923	0.152495
1924	0.152230
1925	0.151965
1926	0.151699
1927	0.151434
1928	0.151168
1929	0.150903
1930	0.150638
1931	0.150372
1932	0.150107
1933	0.149842
1934	0.149576
1935	0.149311
1936	0.149045
1937	0.148780
1938	0.148515
1939	0.148249
1940	0.147984
1941	0.147725
1942	0.147485
1943	0.147249
1944	0.146989
1945	0.146682
1946	0.146323
1947	0.145921
1948	0.145497
1949	0.145073
1950	0.144670
1951	0.144303
1952	0.143987
1953	0.143738
1954	0.143562
1955	0.143454
1956	0.143394
1957	0.143351
1958	0.143296
1959	0.143219
1960	0.143136
1961	0.143054
1962	0.142974
1963	0.142897
1964	0.142823
1965	0.142752
1966	0.142684
1967	0.142622
1968	0.142563
1969	0.142510
1970	0.142462
1971	0.142420
1972	0.142384
1973	0.142355
1974	0.142334
1975	0.142320
1976	0.142313
1977	0.142316
1978	0.142327
1979	0.142347
1980	0.142377
1981	0.142417
1982	0.142468
1983	0.142530
1984	0.142603
1985	0.142688
1986	0.142785
1987	0.142894
1988	0.143017
1989	0.143154
1990	0.143304
1991	0.143468
1992	0.143648
1993	0.143842
1994	0.144053
1995	0.144279
1996	0.144521
1997	0.144781
1998	0.145058
1999	0.145352
2000	0.145665
2001	0.145997
2002	0.146348
2003	0.146732
2004	0.147166
2005	0.147626
2006	0.148048
2007	0.148366
2008	0.148562
2009	0.148736
2010	0.149048
2011	0.149619
2012	0.150480
2013	0.151538
2014	0.152626
2015	0.153594
2016	0.154358
2017	0.154900
2018	0.155210
2019	0.155267
2020	0.155073
2021	0.154705
2022	0.154347
2023	0.154202
2024	0.154382
2025	0.154859
2026	0.155476
2027	0.156073
2028	0.156546
2029	0.156862
2030	0.157073
2031	0.157237
2032	0.157379
2033	0.157503
2034	0.157617
2035	0.157739
2036	0.157890
2037	0.158094
2038	0.158365
2039	0.158695
2040	0.159065
2041	0.159437
2042	0.159758
2043	0.159992
2044	0.160127
2045	0.160186
2046	0.160205
2047	0.160227
2048	0.160309
2049	0.160516
2050	0.160902
2051	0.161510
2052	0.162337
2053	0.163319
2054	0.164353
2055	0.165326
2056	0.166151
2057	0.166771
2058	0.167181
2059	0.167404
2060	0.167478
2061	0.167456
2062	0.167394
2063	0.167340
2064	0.167324
2065	0.167344
2066	0.167389
2067	0.167449
2068	0.167517
2069	0.167598
2070	0.167695
2071	0.167806
2072	0.167930
2073	0.168064
2074	0.168210
2075	0.168366
2076	0.168533
2077	0.168709
2078	0.168894
2079	0.169089
2080	0.169291
2081	0.169502
2082	0.169720
2083	0.169945
2084	0.170177
2085	0.170415
2086	0.170659
2087	0.170908
2088	0.171162
2089	0.171421
2090	0.171685
2091	0.171952
2092	0.172222
2093	0.172496
2094	0.172772
2095	0.173051
2096	0.173331
2097	0.173614
2098	0.173897
2099	0.174182
2100	0.174467
2101	0.174752
2102	0.175038
2103	0.175322
2104	0.175607
2105	0.175890
2106	0.176172
2107	0.176452
2108	0.176730
2109	0.177006
2110	0.177279
2111	0.177550
2112	0.177817
2113	0.178081
2114	0.178342
2115	0.178598
2116	0.178850
2117	0.179098
2118	0.179341
2119	0.179579
2120	0.179812
2121	0.180040
2122	0.180261
2123	0.180477
2124	0.180687
2125	0.180891
2126	0.181088
2127	0.181278
2128	0.181461
2129	0.181637
2130	0.181806
2131	0.181967
2132	0.182120
2133	0.182266
2134	0.182403
2135	0.182533
2136	0.182653
2137	0.182766
2138	0.182869
2139	0.182964
2140	0.183050
2141	0.183126
2142	0.183194
2143	0.183251
2144	0.183300
2145	0.183338
2146	0.183367
2147	0.183386
2148	0.183395
2149	0.183394
2150	0.183383
2151	0.183362
2152	0.183324
2153	0.183258
2154	0.183176
2155	0.183104
2156	0.183064
2157	0.183062
2158	0.183094
2159	0.183143
2160	0.183191
2161	0.183224
2162	0.183228
2163	0.183193
2164	0.183107
2165	0.182964
2166	0.182767
2167	0.182535
2168	0.182296
2169	0.182078
2170	0.181888
2171	0.181714
2172	0.181550
2173	0.181394
2174	0.181248
2175	0.181111
2176	0.180984
2177	0.180866
2178	0.180757
2179	0.180658
2180	0.180568
2181	0.180487
2182	0.180416
2183	0.180354
2184	0.180302
2185	0.180259
2186	0.180225
2187	0.180200
2188	0.180183
2189	0.180176
2190	0.180178
2191	0.180188
2192	0.180206
2193	0.180233
2194	0.180267
2195	0.180310
2196	0.180360
2197	0.180418
2198	0.180483
2199	0.180555
2200	0.180634
2201	0.180719
2202	0.180810
2203	0.180908
2204	0.181011
2205	0.181119
2206	0.181232
2207	0.181350
2208	0.181473
2209	0.181599
2210	0.181728
2211	0.181861
2212	0.181997
2213	0.182135
2214	0.182275
2215	0.182416
2216	0.182559
2217	0.182701
2218	0.182845
2219	0.182987
2220	0.183129
2221	0.183269
2222	0.183408
2223	0.183544
2224	0.183677
2225	0.183806
2226	0.183932
2227	0.184052
2228	0.184167
2229	0.184277
2230	0.184379
2231	0.184475
2232	0.184562
2233	0.184641
2234	0.184711
2235	0.184771
2236	0.184821
2237	0.184859
2238	0.184885
2239	0.184898
2240	0.184898
2241	0.184883
2242	0.184854
2243	0.184809
2244	0.184747
2245	0.184667
2246	0.184570
2247	0.184453
2248	0.184316
2249	0.184159
2250	0.183980
2251	0.183778
2252	0.183510
2253	0.183094
2254	0.182607
2255	0.182222
2256	0.182099
2257	0.182307
2258	0.182821
2259	0.183549
2260	0.184379
2261	0.185205
2262	0.185941
2263	0.186491
2264	0.186758
2265	0.186676
2266	0.186247
2267	0.185569
2268	0.184815
2269	0.184164
2270	0.183681
2271	0.183281
2272	0.182917
2273	0.182588
2274	0.182292
2275	0.182028
2276	0.181795
2277	0.181592
2278	0.181418
2279	0.181271
2280	0.181150
2281	0.181054
2282	0.180982
2283	0.180932
2284	0.180905
2285	0.180897
2286	0.180909
2287	0.180939
2288	0.180987
2289	0.181050
2290	0.181129
2291	0.181222
2292	0.181327
2293	0.181445
2294	0.181574
2295	0.181712
2296	0.181860
2297	0.182016
2298	0.182179
2299	0.182348
2300	0.182522
2301	0.182700
2302	0.182882
2303	0.183067
2304	0.183253
2305	0.183440
2306	0.183626
2307	0.183812
2308	0.183996
2309	0.184178
2310	0.184356
2311	0.184530
2312	0.184699
2313	0.184862
2314	0.185019
2315	0.185169
2316	0.185310
2317	0.185443
2318	0.185567
2319	0.185681
2320	0.185784
2321	0.185875
2322	0.185955
2323	0.186021
2324	0.186075
2325	0.186114
2326	0.186139
2327	0.186149
2328	0.186143
2329	0.186121
2330	0.186082
2331	0.186026
2332	0.185952
2333	0.185859
2334	0.185748
2335	0.185617
2336	0.185466
2337	0.185294
2338	0.185102
2339	0.184889
2340	0.184654
2341	0.184397
2342	0.184117
2343	0.183815
2344	0.183489
2345	0.183139
2346	0.182766
2347	0.182368
2348	0.181946
2349	0.181498
2350	0.181025
2351	0.180527
2352	0.180001
2353	0.179446
2354	0.178862
2355	0.178252
2356	0.177623
2357	0.176978
2358	0.176320
2359	0.175648
2360	0.174963
2361	0.174264
2362	0.173548
2363	0.172813
2364	0.172056
2365	0.171274
2366	0.170463
2367	0.169624
2368	0.168760
2369	0.167874
2370	0.166969
2371	0.166043
2372	0.165095
2373	0.164125
2374	0.163134
2375	0.162121
2376	0.161086
2377	0.160029
2378	0.158951
2379	0.157851
2380	0.156729
2381	0.155586
2382	0.154421
2383	0.153234
2384	0.152025
2385	0.150795
2386	0.149543
2387	0.148269
2388	0.146973
2389	0.145656
2390	0.144317
2391	0.142956
2392	0.141573
2393	0.140169
2394	0.138743
2395	0.137295
2396	0.135826
2397	0.134335
2398	0.132822
2399	0.131287
2400	0.129731
2401	0.128152
2402	0.126553
2403	0.124931
2404	0.123288
2405	0.121622
2406	0.119936
2407	0.118227
2408	0.116497
2409	0.114745
2410	0.112971
2411	0.111176
2412	0.109358
2413	0.107519
2414	0.105659
2415	0.103776
2416	0.101872
2417	0.099946
2418	0.097999
2419	0.096029
2420	0.094038
2421	0.092025
2422	0.089991
2423	0.087934
2424	0.085856
2425	0.083757
2426	0.081635
2427	0.079492
2428	0.077327
2429	0.075140
2430	0.072932
2431	0.070702
2432	0.068450
2433	0.066176
2434	0.063881
2435	0.061564
2436	0.059225
2437	0.056864
2438	0.054482
2439	0.052078
2440	0.049652
2441	0.047205
2442	0.044735
2443	0.042244
2444	0.039732
2445	0.037197
2446	0.034641
2447	0.032063
2448	0.029464
2449	0.026842
2450	0.024199
2451	0.021534
2452	0.018848
2453	0.016139
2454	0.013409
2455	0.010657
2456	0.007884
2457	0.005089
2458	0.002272
2459	-0.000567
2460	-0.003427
2461	-0.006310
2462	-0.009214
2463	-0.012139
2464	-0.015087
2465	-0.018056
2466	-0.021047
2467	-0.024059
2468	-0.027093
2469	-0.030150
2470	-0.033227
2471	-0.036327
2472	-0.039448
2473	-0.042591
2474	-0.045756
2475	-0.048942
2476	-0.052150
2477	-0.055380
2478	-0.058632
2479	-0.061905
2480	-0.065201
2481	-0.068517
2482	-0.071856
2483	-0.075216
2484	-0.078598
2485	-0.082002
2486	-0.085428
2487	-0.088875
2488	-0.092344
2489	-0.095835
2490	-0.099347
2491	-0.102881
2492	-0.106437
2493	-0.110015
2494	-0.113614
2495	-0.117236
2496	-0.120878
2497	-0.124543
2498	-0.128229
2499	-0.131937
2500	-0.135667
