350	0.042081
351	0.042206
352	0.042336
353	0.042470
354	0.042608
355	0.042751
356	0.042898
357	0.043047
358	0.043199
359	0.043356
360	0.043537
361	0.043728
362	0.043928
363	0.044142
364	0.044366
365	0.044597
366	0.044827
367	0.045052
368	0.045278
369	0.045519
370	0.045772
371	0.046034
372	0.046315
373	0.046622
374	0.046956
375	0.047311
376	0.047680
377	0.048047
378	0.048393
379	0.048707
380	0.048995
381	0.049272
382	0.049557
383	0.049857
384	0.050182
385	0.050537
386	0.050924
387	0.051340
388	0.051771
389	0.052198
390	0.052614
391	0.053018
392	0.053409
393	0.053793
394	0.054186
395	0.054595
396	0.055013
397	0.055427
398	0.055823
399	0.056198
400	0.056546
401	0.056853
402	0.057117
403	0.057351
404	0.057575
405	0.057808
406	0.058067
407	0.058358
408	0.058679
409	0.059028
410	0.059398
411	0.059781
412	0.060167
413	0.060544
414	0.060907
415	0.061253
416	0.061588
417	0.061922
418	0.062265
419	0.062617
420	0.062981
421	0.063360
422	0.063751
423	0.064152
424	0.064562
425	0.064977
426	0.065397
427	0.065827
428	0.066272
429	0.066736
430	0.067219
431	0.067713
432	0.068210
433	0.068706
434	0.069197
435	0.069680
436	0.070151
437	0.070609
438	0.071055
439	0.071494
440	0.071933
441	0.072377
442	0.072830
443	0.073287
444	0.073737
445	0.074177
446	0.074606
447	0.075024
448	0.075432
449	0.075830
450	0.076214
451	0.076587
452	0.076950
453	0.077306
454	0.077659
455	0.078009
456	0.078352
457	0.078686
458	0.079007
459	0.079319
460	0.079622
461	0.079917
462	0.080203
463	0.080481
464	0.080751
465	0.081016
466	0.081280
467	0.081544
468	0.081803
469	0.082058
470	0.082308
471	0.082555
472	0.082805
473	0.083059
474	0.083320
475	0.083584
476	0.083853
477	0.084130
478	0.084414
479	0.084703
480	0.084995
481	0.085288
482	0.085587
483	0.085899
484	0.086230
485	0.086580
486	0.086946
487	0.087323
488	0.087709
489	0.088101
490	0.088496
491	0.088891
492	0.089282
493	0.089670
494	0.090061
495	0.090461
496	0.090874
497	0.091300
498	0.091737
499	0.092183
500	0.092635
501	0.093090
502	0.093547
503	0.094005
504	0.094466
505	0.094932
506	0.095406
507	0.095888
508	0.096379
509	0.096877
510	0.097380
511	0.097887
512	0.098399
513	0.098915
514	0.099436
515	0.099961
516	0.100492
517	0.101030
518	0.101577
519	0.102127
520	0.102674
521	0.103217
522	0.103760
523	0.104303
524	0.104849
525	0.105395
526	0.105940
527	0.106486
528	0.107036
529	0.107590
530	0.108146
531	0.108701
532	0.109254
533	0.109801
534	0.110342
535	0.110879
536	0.111420
537	0.111964
538	0.112507
539	0.113047
540	0.113586
541	0.114127
542	0.114674
543	0.115227
544	0.115790
545	0.116361
546	0.116942
547	0.117534
548	0.118138
549	0.118757
550	0.119393
551	0.120049
552	0.120720
553	0.121404
554	0.122100
555	0.122803
556	0.123502
557	0.124182
558	0.124826
559	0.125424
560	0.125975
561	0.126487
562	0.126971
563	0.127441
564	0.127909
565	0.128386
566	0.128884
567	0.129414
568	0.129975
569	0.130564
570	0.131165
571	0.131766
572	0.132358
573	0.132936
574	0.133499
575	0.134046
576	0.134574
577	0.135075
578	0.135542
579	0.135969
580	0.136358
581	0.136709
582	0.137026
583	0.137318
584	0.137600
585	0.137888
586	0.138195
587	0.138529
588	0.138890
589	0.139278
590	0.139689
591	0.140121
592	0.140569
593	0.141027
594	0.141490
595	0.141953
596	0.142412
597	0.142862
598	0.143302
599	0.143725
600	0.144122
601	0.144484
602	0.144809
603	0.145103
604	0.145373
605	0.145630
606	0.145880
607	0.146125
608	0.146371
609	0.146619
610	0.146869
611	0.147121
612	0.147375
613	0.147626
614	0.147874
615	0.148115
616	0.148351
617	0.148580
618	0.148805
619	0.149031
620	0.149260
621	0.149492
622	0.149726
623	0.149960
624	0.150193
625	0.150426
626	0.150661
627	0.150898
628	0.151136
629	0.151379
630	0.151625
631	0.151876
632	0.152129
633	0.152384
634	0.152634
635	0.152877
636	0.153110
637	0.153335
638	0.153553
639	0.153765
640	0.153970
641	0.154165
642	0.154350
643	0.154527
644	0.154702
645	0.154877
646	0.155055
647	0.155240
648	0.155436
649	0.155643
650	0.155861
651	0.156087
652	0.156315
653	0.156541
654	0.156763
655	0.156979
656	0.157191
657	0.157398
658	0.157597
659	0.157789
660	0.157973
661	0.158153
662	0.158330
663	0.158506
664	0.158683
665	0.158870
666	0.159071
667	0.159287
668	0.159518
669	0.159759
670	0.160002
671	0.160240
672	0.160470
673	0.160694
674	0.160916
675	0.161139
676	0.161365
677	0.161594
678	0.161830
679	0.162076
680	0.162329
681	0.162588
682	0.162850
683	0.163117
684	0.163391
685	0.163675
686	0.163972
687	0.164279
688	0.164595
689	0.164919
690	0.165258
691	0.165624
692	0.166018
693	0.166443
694	0.166896
695	0.167374
696	0.167875
697	0.168396
698	0.168930
699	0.169471
700	0.170013
701	0.170551
702	0.171087
703	0.171628
704	0.172181
705	0.172746
706	0.173319
707	0.173897
708	0.174476
709	0.175057
710	0.175625
711	0.176162
712	0.176651
713	0.177089
714	0.177496
715	0.177903
716	0.178336
717	0.178804
718	0.179310
719	0.179850
720	0.180420
721	0.181012
722	0.181613
723	0.182201
724	0.182757
725	0.183272
726	0.183760
727	0.184247
728	0.184758
729	0.185304
730	0.185873
731	0.186450
732	0.187021
733	0.187583
734	0.188130
735	0.188653
736	0.189149
737	0.189620
738	0.190071
739	0.190507
740	0.190927
741	0.191329
742	0.191712
743	0.192077
744	0.192427
745	0.192762
746	0.193085
747	0.193397
748	0.193699
749	0.193992
750	0.194280
751	0.194576
752	0.194879
753	0.195166
754	0.195406
755	0.195589
756	0.195722
757	0.195831
758	0.195939
759	0.196065
760	0.196219
761	0.196408
762	0.196640
763	0.196916
764	0.197228
765	0.197560
766	0.197885
767	0.198172
768	0.198409
769	0.198610
770	0.198803
771	0.199002
772	0.199205
773	0.199411
774	0.199617
775	0.199824
776	0.200032
777	0.200240
778	0.200442
779	0.200639
780	0.200834
781	0.201022
782	0.201200
783	0.201368
784	0.201527
785	0.201679
786	0.201821
787	0.201958
788	0.202094
789	0.202239
790	0.202394
791	0.202562
792	0.202737
793	0.202914
794	0.203092
795	0.203264
796	0.203424
797	0.203575
798	0.203717
799	0.203856
800	0.203999
801	0.204152
802	0.204316
803	0.204489
804	0.204664
805	0.204838
806	0.205001
807	0.205145
808	0.205259
809	0.205333
810	0.205359
811	0.205346
812	0.205319
813	0.205308
814	0.205339
815	0.205415
816	0.205526
817	0.205663
818	0.205827
819	0.206020
820	0.206234
821	0.206450
822	0.206647
823	0.206811
824	0.206942
825	0.207056
826	0.207175
827	0.207308
828	0.207448
829	0.207584
830	0.207716
831	0.207852
832	0.208003
833	0.208169
834	0.208340
835	0.208508
836	0.208669
837	0.208823
838	0.208974
839	0.209131
840	0.209295
841	0.209464
842	0.209632
843	0.209790
844	0.209937
845	0.210073
846	0.210197
847	0.210304
848	0.210395
849	0.210478
850	0.210560
851	0.210651
852	0.210757
853	0.210877
854	0.211000
855	0.211120
856	0.211239
857	0.211360
858	0.211480
859	0.211593
860	0.211689
861	0.211766
862	0.211839
863	0.211926
864	0.212028
865	0.212133
866	0.212230
867	0.212319
868	0.212407
869	0.212505
870	0.212618
871	0.212736
872	0.212850
873	0.212952
874	0.213049
875	0.213149
876	0.213255
877	0.213367
878	0.213477
879	0.213580
880	0.213686
881	0.213798
882	0.213907
883	0.214005
884	0.214096
885	0.214190
886	0.214288
887	0.214384
888	0.214472
889	0.214537
890	0.214569
891	0.214553
892	0.214487
893	0.214379
894	0.214248
895	0.214117
896	0.214015
897	0.213982
898	0.214050
899	0.214224
900	0.214475
901	0.214757
902	0.215019
903	0.215223
904	0.215353
905	0.215407
906	0.215398
907	0.215344
908	0.215271
909	0.215206
910	0.215177
911	0.215212
912	0.215323
913	0.215513
914	0.215773
915	0.216085
916	0.216419
917	0.216745
918	0.217029
919	0.217243
920	0.217356
921	0.217355
922	0.217240
923	0.217031
924	0.216754
925	0.216443
926	0.216134
927	0.215859
928	0.215628
929	0.215445
930	0.215295
931	0.215169
932	0.215068
933	0.214990
934	0.214936
935	0.214904
936	0.214893
937	0.214903
938	0.214933
939	0.214982
940	0.215051
941	0.215137
942	0.215240
943	0.215360
944	0.215496
945	0.215646
946	0.215812
947	0.215990
948	0.216182
949	0.216386
950	0.216602
951	0.216829
952	0.217065
953	0.217311
954	0.217566
955	0.217829
956	0.218099
957	0.218375
958	0.218658
959	0.218945
960	0.219237
961	0.219533
962	0.219832
963	0.220133
964	0.220435
965	0.220739
966	0.221042
967	0.221345
968	0.221647
969	0.221947
970	0.222244
971	0.222537
972	0.222827
973	0.223112
974	0.223391
975	0.223664
976	0.223930
977	0.224188
978	0.224438
979	0.224679
980	0.224910
981	0.225130
982	0.225334
983	0.225512
984	0.225667
985	0.225816
986	0.225980
987	0.226174
988	0.226405
989	0.226674
990	0.226976
991	0.227305
992	0.227655
993	0.228013
994	0.228367
995	0.228701
996	0.229008
997	0.229287
998	0.229549
999	0.229810
1000	0.230079
1001	0.230350
1002	0.230618
1003	0.230884
1004	0.231148
1005	0.231408
1006	0.231666
1007	0.231921
1008	0.232172
1009	0.232421
1010	0.232666
1011	0.232907
1012	0.233145
1013	0.233379
1014	0.233610
1015	0.233837
1016	0.234060
1017	0.234279
1018	0.234494
1019	0.234705
1020	0.234912
1021	0.235115
1022	0.235314
1023	0.235509
1024	0.235700
1025	0.235886
1026	0.236069
1027	0.236248
1028	0.236423
1029	0.236594
1030	0.236761
1031	0.236925
1032	0.237087
1033	0.237247
1034	0.237399
1035	0.237541
1036	0.237672
1037	0.237796
1038	0.237915
1039	0.238033
1040	0.238153
1041	0.238277
1042	0.238407
1043	0.238545
1044	0.238690
1045	0.238841
1046	0.238994
1047	0.239145
1048	0.239288
1049	0.239423
1050	0.239551
1051	0.239676
1052	0.239795
1053	0.239910
1054	0.240021
1055	0.240128
1056	0.240230
1057	0.240328
1058	0.240422
1059	0.240512
1060	0.240598
1061	0.240680
1062	0.240759
1063	0.240834
1064	0.240905
1065	0.240973
1066	0.241037
1067	0.241098
1068	0.241155
1069	0.241210
1070	0.241261
1071	0.241310
1072	0.241355
1073	0.241397
1074	0.241437
1075	0.241474
1076	0.241508
1077	0.241540
1078	0.241569
1079	0.241596
1080	0.241621
1081	0.241643
1082	0.241663
1083	0.241682
1084	0.241698
1085	0.241712
1086	0.241724
1087	0.241735
1088	0.241744
1089	0.241751
1090	0.241757
1091	0.241761
1092	0.241768
1093	0.241782
1094	0.241803
1095	0.241821
1096	0.241816
1097	0.241765
1098	0.241663
1099	0.241525
1100	0.241373
1101	0.241230
1102	0.241111
1103	0.241020
1104	0.240956
1105	0.240911
1106	0.240880
1107	0.240848
1108	0.240786
1109	0.240652
1110	0.240408
1111	0.240037
1112	0.239544
1113	0.238970
1114	0.238380
1115	0.237822
1116	0.237326
1117	0.236917
1118	0.236606
1119	0.236393
1120	0.236281
1121	0.236262
1122	0.236319
1123	0.236432
1124	0.236569
1125	0.236701
1126	0.236813
1127	0.236907
1128	0.237034
1129	0.237256
1130	0.237611
1131	0.238117
1132	0.238755
1133	0.239462
1134	0.240159
1135	0.240774
1136	0.241246
1137	0.241525
1138	0.241584
1139	0.241429
1140	0.241122
1141	0.240760
1142	0.240441
1143	0.240236
1144	0.240171
1145	0.240224
1146	0.240371
1147	0.240592
1148	0.240872
1149	0.241192
1150	0.241544
1151	0.241920
1152	0.242323
1153	0.242755
1154	0.243211
1155	0.243673
1156	0.244116
1157	0.244529
1158	0.244927
1159	0.245337
1160	0.245774
1161	0.246230
1162	0.246683
1163	0.247101
1164	0.247460
1165	0.247756
1166	0.247997
1167	0.248194
1168	0.248354
1169	0.248496
1170	0.248640
1171	0.248801
1172	0.248981
1173	0.249169
1174	0.249350
1175	0.249509
1176	0.249645
1177	0.249765
1178	0.249877
1179	0.249985
1180	0.250100
1181	0.250230
1182	0.250381
1183	0.250554
1184	0.250747
1185	0.250949
1186	0.251145
1187	0.251329
1188	0.251496
1189	0.251643
1190	0.251767
1191	0.251868
1192	0.251947
1193	0.252007
1194	0.252056
1195	0.252100
1196	0.252146
1197	0.252204
1198	0.252285
1199	0.252389
1200	0.252512
1201	0.252649
1202	0.252795
1203	0.252945
1204	0.253097
1205	0.253252
1206	0.253405
1207	0.253552
1208	0.253695
1209	0.253839
1210	0.253987
1211	0.254141
1212	0.254299
1213	0.254458
1214	0.254617
1215	0.254777
1216	0.254940
1217	0.255102
1218	0.255254
1219	0.255389
1220	0.255505
1221	0.255601
1222	0.255683
1223	0.255754
1224	0.255819
1225	0.255888
1226	0.255972
1227	0.256078
1228	0.256212
1229	0.256373
1230	0.256551
1231	0.256736
1232	0.256919
1233	0.257095
1234	0.257261
1235	0.257417
1236	0.257563
1237	0.257696
1238	0.257817
1239	0.257930
1240	0.258046
1241	0.258167
1242	0.258296
1243	0.258429
1244	0.258562
1245	0.258687
1246	0.258802
1247	0.258904
1248	0.258995
1249	0.259072
1250	0.259137
1251	0.259193
1252	0.259247
1253	0.259304
1254	0.259371
1255	0.259448
1256	0.259531
1257	0.259608
1258	0.259672
1259	0.259719
1260	0.259753
1261	0.259793
1262	0.259859
1263	0.259960
1264	0.260100
1265	0.260276
1266	0.260477
1267	0.260693
1268	0.260913
1269	0.261127
1270	0.261320
1271	0.261484
1272	0.261619
1273	0.261738
1274	0.261856
1275	0.261983
1276	0.262119
1277	0.262260
1278	0.262404
1279	0.262554
1280	0.262712
1281	0.262873
1282	0.263021
1283	0.263140
1284	0.263218
1285	0.263258
1286	0.263275
1287	0.263278
1288	0.263270
1289	0.263247
1290	0.263205
1291	0.263149
1292	0.263094
1293	0.263048
1294	0.263011
1295	0.262971
1296	0.262912
1297	0.262824
1298	0.262712
1299	0.262584
1300	0.262450
1301	0.262315
1302	0.262177
1303	0.262037
1304	0.261900
1305	0.261778
1306	0.261675
1307	0.261584
1308	0.261493
1309	0.261390
1310	0.261269
1311	0.261133
1312	0.260989
1313	0.260845
1314	0.260712
1315	0.260594
1316	0.260496
1317	0.260416
1318	0.260350
1319	0.260293
1320	0.260234
1321	0.260164
1322	0.260078
1323	0.259982
1324	0.259879
1325	0.259770
1326	0.259654
1327	0.259532
1328	0.259404
1329	0.259271
1330	0.259132
1331	0.258988
1332	0.258840
1333	0.258686
1334	0.258529
1335	0.258367
1336	0.258201
1337	0.258032
1338	0.257859
1339	0.257683
1340	0.257505
1341	0.257323
1342	0.257139
1343	0.256953
1344	0.256765
1345	0.256576
1346	0.256385
1347	0.256193
1348	0.256000
1349	0.255806
1350	0.255612
1351	0.255417
1352	0.255223
1353	0.255029
1354	0.254836
1355	0.254643
1356	0.254451
1357	0.254261
1358	0.254072
1359	0.253885
1360	0.253700
1361	0.253517
1362	0.253337
1363	0.253160
1364	0.252985
1365	0.252814
1366	0.252648
1367	0.252486
1368	0.252329
1369	0.252175
1370	0.252022
1371	0.251870
1372	0.251717
1373	0.251561
1374	0.251403
1375	0.251243
1376	0.251080
1377	0.250914
1378	0.250748
1379	0.250582
1380	0.250416
1381	0.250252
1382	0.250088
1383	0.249923
1384	0.249759
1385	0.249595
1386	0.249430
1387	0.249266
1388	0.249101
1389	0.248937
1390	0.248772
1391	0.248593
1392	0.248376
1393	0.248156
1394	0.247995
1395	0.247936
1396	0.247981
1397	0.248095
1398	0.248222
1399	0.248310
1400	0.248317
1401	0.248216
1402	0.247985
1403	0.247609
1404	0.247091
1405	0.246464
1406	0.245788
1407	0.245144
1408	0.244601
1409	0.244172
1410	0.243819
1411	0.243520
1412	0.243274
1413	0.243078
1414	0.242931
1415	0.242831
1416	0.242776
1417	0.242765
1418	0.242795
1419	0.242865
1420	0.242973
1421	0.243117
1422	0.243295
1423	0.243506
1424	0.243747
1425	0.244017
1426	0.244315
1427	0.244637
1428	0.244984
1429	0.245351
1430	0.245739
1431	0.246144
1432	0.246565
1433	0.247001
1434	0.247450
1435	0.247909
1436	0.248377
1437	0.248852
1438	0.249332
1439	0.249816
1440	0.250301
1441	0.250786
1442	0.251270
1443	0.251749
1444	0.252223
1445	0.252689
1446	0.253146
1447	0.253592
1448	0.254025
1449	0.254443
1450	0.254845
1451	0.255228
1452	0.255602
1453	0.255987
1454	0.256380
1455	0.256737
1456	0.257002
1457	0.257123
1458	0.257060
1459	0.256792
1460	0.256320
1461	0.255665
1462	0.254886
1463	0.254077
1464	0.253345
1465	0.252783
1466	0.252443
1467	0.252329
1468	0.252404
1469	0.252605
1470	0.252880
1471	0.253211
1472	0.253576
1473	0.253951
1474	0.254323
1475	0.254694
1476	0.255075
1477	0.255477
1478	0.255897
1479	0.256308
1480	0.256679
1481	0.256992
1482	0.257252
1483	0.257494
1484	0.257751
1485	0.258053
1486	0.258419
1487	0.258850
1488	0.259343
1489	0.259896
1490	0.260503
1491	0.261147
1492	0.261803
1493	0.262438
1494	0.263022
1495	0.263535
1496	0.263972
1497	0.264338
1498	0.264639
1499	0.264882
1500	0.265083
1501	0.265269
1502	0.265465
1503	0.265691
1504	0.265959
1505	0.266265
1506	0.266597
1507	0.266942
1508	0.267279
1509	0.267592
1510	0.267871
1511	0.268117
1512	0.268334
1513	0.268539
1514	0.268749
1515	0.268976
1516	0.269224
1517	0.269492
1518	0.269771
1519	0.270052
1520	0.270327
1521	0.270588
1522	0.270827
1523	0.271046
1524	0.271252
1525	0.271455
1526	0.271658
1527	0.271862
1528	0.272064
1529	0.272259
1530	0.272444
1531	0.272620
1532	0.272789
1533	0.272951
1534	0.273107
1535	0.273257
1536	0.273399
1537	0.273532
1538	0.273659
1539	0.273782
1540	0.273903
1541	0.274029
1542	0.274168
1543	0.274324
1544	0.274496
1545	0.274674
1546	0.274848
1547	0.275010
1548	0.275162
1549	0.275308
1550	0.275456
1551	0.275614
1552	0.275785
1553	0.275966
1554	0.276156
1555	0.276349
1556	0.276545
1557	0.276740
1558	0.276928
1559	0.277102
1560	0.277255
1561	0.277384
1562	0.277495
1563	0.277593
1564	0.277685
1565	0.277770
1566	0.277852
1567	0.277935
1568	0.278029
1569	0.278145
1570	0.278289
1571	0.278458
1572	0.278645
1573	0.278849
1574	0.279070
1575	0.279311
1576	0.279560
1577	0.279798
1578	0.280002
1579	0.280163
1580	0.280283
1581	0.280374
1582	0.280445
1583	0.280499
1584	0.280542
1585	0.280592
1586	0.280669
1587	0.280796
1588	0.280977
1589	0.281196
1590	0.281424
1591	0.281637
1592	0.281827
1593	0.281997
1594	0.282159
1595	0.282318
1596	0.282470
1597	0.282614
1598	0.282748
1599	0.282877
1600	0.283008
1601	0.283135
1602	0.283245
1603	0.283331
1604	0.283396
1605	0.283455
1606	0.283527
1607	0.283621
1608	0.283731
1609	0.283841
1610	0.283938
1611	0.284022
1612	0.284105
1613	0.284198
1614	0.284311
1615	0.284440
1616	0.284581
1617	0.284729
1618	0.284886
1619	0.285044
1620	0.285194
1621	0.285328
1622	0.285445
1623	0.285558
1624	0.285693
1625	0.285865
1626	0.286074
1627	0.286305
1628	0.286530
1629	0.286728
1630	0.286886
1631	0.286999
1632	0.287075
1633	0.287131
1634	0.287193
1635	0.287286
1636	0.287428
1637	0.287623
1638	0.287857
1639	0.288107
1640	0.288350
1641	0.288571
1642	0.288770
1643	0.288947
1644	0.289102
1645	0.289235
1646	0.289354
1647	0.289469
1648	0.289594
1649	0.289733
1650	0.289878
1651	0.290021
1652	0.290160
1653	0.290300
1654	0.290448
1655	0.290609
1656	0.290770
1657	0.290908
1658	0.291002
1659	0.291043
1660	0.291043
1661	0.291024
1662	0.291002
1663	0.290991
1664	0.290999
1665	0.291037
1666	0.291119
1667	0.291246
1668	0.291403
1669	0.291565
1670	0.291704
1671	0.291804
1672	0.291869
1673	0.291911
1674	0.291945
1675	0.291987
1676	0.292036
1677	0.292087
1678	0.292140
1679	0.292196
1680	0.292252
1681	0.292310
1682	0.292367
1683	0.292424
1684	0.292486
1685	0.292560
1686	0.292646
1687	0.292736
1688	0.292818
1689	0.292886
1690	0.292944
1691	0.292995
1692	0.293043
1693	0.293095
1694	0.293152
1695	0.293218
1696	0.293299
1697	0.293401
1698	0.293516
1699	0.293632
1700	0.293734
1701	0.293815
1702	0.293870
1703	0.293902
1704	0.293910
1705	0.293891
1706	0.293851
1707	0.293801
1708	0.293758
1709	0.293730
1710	0.293708
1711	0.293675
1712	0.293621
1713	0.293549
1714	0.293477
1715	0.293418
1716	0.293382
1717	0.293376
1718	0.293411
1719	0.293498
1720	0.293647
1721	0.293844
1722	0.294060
1723	0.294256
1724	0.294405
1725	0.294502
1726	0.294556
1727	0.294581
1728	0.294587
1729	0.294575
1730	0.294549
1731	0.294518
1732	0.294488
1733	0.294453
1734	0.294403
1735	0.294335
1736	0.294259
1737	0.294191
1738	0.294151
1739	0.294135
1740	0.294126
1741	0.294103
1742	0.294054
1743	0.293992
1744	0.293948
1745	0.293951
1746	0.294013
1747	0.294132
1748	0.294296
1749	0.294480
1750	0.294659
1751	0.294812
1752	0.294921
1753	0.294980
1754	0.295001
1755	0.294986
1756	0.294930
1757	0.294840
1758	0.294728
1759	0.294608
1760	0.294487
1761	0.294363
1762	0.294228
1763	0.294096
1764	0.294009
1765	0.294017
1766	0.294145
1767	0.294362
1768	0.294588
1769	0.294743
1770	0.294777
1771	0.294690
1772	0.294523
1773	0.294292
1774	0.293988
1775	0.293611
1776	0.293184
1777	0.292751
1778	0.292355
1779	0.292011
1780	0.291701
1781	0.291406
1782	0.291127
1783	0.290881
1784	0.290695
1785	0.290576
1786	0.290504
1787	0.290446
1788	0.290377
1789	0.290288
1790	0.290193
1791	0.290098
1792	0.290003
1793	0.289909
1794	0.289814
1795	0.289719
1796	0.289624
1797	0.289529
1798	0.289434
1799	0.289339
1800	0.289244
1801	0.289150
1802	0.289055
1803	0.288960
1804	0.288865
1805	0.288770
1806	0.288675
1807	0.288580
1808	0.288485
1809	0.288391
1810	0.288296
1811	0.288201
1812	0.288106
1813	0.288011
1814	0.287916
1815	0.287821
1816	0.287726
1817	0.287631
1818	0.287537
1819	0.287442
1820	0.287347
1821	0.287252
1822	0.287157
1823	0.287062
1824	0.286967
1825	0.286872
1826	0.286778
1827	0.286683
1828	0.286588
1829	0.286493
1830	0.286398
1831	0.286303
1832	0.286208
1833	0.286113
1834	0.286019
1835	0.285924
1836	0.285829
1837	0.285734
1838	0.285639
1839	0.285544
1840	0.285449
1841	0.285354
1842	0.285259
1843	0.285165
1844	0.285070
1845	0.284975
1846	0.284880
1847	0.284785
1848	0.284690
1849	0.284595
1850	0.284500
1851	0.284406
1852	0.284311
1853	0.284216
1854	0.284121
1855	0.284026
1856	0.283931
1857	0.283836
1858	0.283741
1859	0.283647
1860	0.283552
1861	0.283457
1862	0.283362
1863	0.283267
1864	0.283172
1865	0.283077
1866	0.282982
1867	0.282887
1868	0.282793
1869	0.282698
1870	0.282603
1871	0.282508
1872	0.282413
1873	0.282318
1874	0.282223
1875	0.282128
1876	0.282034
1877	0.281939
1878	0.281844
1879	0.281749
1880	0.281654
1881	0.281559
1882	0.281464
1883	0.281369
1884	0.281275
1885	0.281180
1886	0.281085
1887	0.280990
1888	0.280895
1889	0.280800
1890	0.280705
1891	0.280610
1892	0.280515
1893	0.280421
1894	0.280326
1895	0.280231
1896	0.280136
1897	0.280041
1898	0.279946
1899	0.279851
1900	0.279756
1901	0.279662
1902	0.279567
1903	0.279472
1904	0.279377
1905	0.279282
1906	0.279187
1907	0.279092
1908	0.278997
1909	0.278903
1910	0.278808
1911	0.278713
1912	0.278618
1913	0.278523
1914	0.278428
1915	0.278333
1916	0.278238
1917	0.278143
1918	0.278049
1919	0.277954
1920	0.277859
1921	0.277764
1922	0.277669
1923	0.277574
1924	0.277479
1925	0.277384
1926	0.277290
1927	0.277195
1928	0.277100
1929	0.277005
1930	0.276910
1931	0.276815
1932	0.276720
1933	0.276625
1934	0.276531
1935	0.276436
1936	0.276341
1937	0.276246
1938	0.276151
1939	0.276056
1940	0.275961
1941	0.275862
1942	0.275753
1943	0.275645
1944	0.275556
1945	0.275496
1946	0.275461
1947	0.275437
1948	0.275406
1949	0.275350
1950	0.275261
1951	0.275134
1952	0.274969
1953	0.274766
1954	0.274534
1955	0.274288
1956	0.274054
1957	0.273856
1958	0.273715
1959	0.273631
1960	0.273591
1961	0.273587
1962	0.273617
1963	0.273679
1964	0.273771
1965	0.273893
1966	0.274043
1967	0.274218
1968	0.274418
1969	0.274640
1970	0.274883
1971	0.275146
1972	0.275427
1973	0.275724
1974	0.276036
1975	0.276361
1976	0.276697
1977	0.277043
1978	0.277398
1979	0.277758
1980	0.278124
1981	0.278494
1982	0.278865
1983	0.279237
1984	0.279607
1985	0.279974
1986	0.280336
1987	0.280692
1988	0.281040
1989	0.281379
1990	0.281707
1991	0.282022
1992	0.282323
1993	0.282608
1994	0.282875
1995	0.283124
1996	0.283351
1997	0.283557
1998	0.283738
1999	0.283894
2000	0.284023
2001	0.284123
2002	0.284193
2003	0.284232
2004	0.284241
2005	0.284229
2006	0.284167
2007	0.284017
2008	0.283766
2009	0.283400
2010	0.282929
2011	0.282461
2012	0.282176
2013	0.282244
2014	0.282763
2015	0.283731
2016	0.285036
2017	0.286527
2018	0.288071
2019	0.289555
2020	0.290891
2021	0.292018
2022	0.292899
2023	0.293553
2024	0.294042
2025	0.294480
2026	0.295011
2027	0.295697
2028	0.296482
2029	0.297278
2030	0.297995
2031	0.298563
2032	0.298961
2033	0.299196
2034	0.299270
2035	0.299198
2036	0.299017
2037	0.298763
2038	0.298495
2039	0.298294
2040	0.298226
2041	0.298331
2042	0.298628
2043	0.299099
2044	0.299709
2045	0.300388
2046	0.301039
2047	0.301581
2048	0.301958
2049	0.302147
2050	0.302175
2051	0.302108
2052	0.302044
2053	0.302100
2054	0.302391
2055	0.302987
2056	0.303897
2057	0.305065
2058	0.306371
2059	0.307662
2060	0.308789
2061	0.309641
2062	0.310176
2063	0.310415
2064	0.310421
2065	0.310293
2066	0.310134
2067	0.310009
2068	0.309949
2069	0.309949
2070	0.309992
2071	0.310062
2072	0.310153
2073	0.310264
2074	0.310394
2075	0.310541
2076	0.310704
2077	0.310883
2078	0.311076
2079	0.311282
2080	0.311499
2081	0.311728
2082	0.311966
2083	0.312214
2084	0.312469
2085	0.312732
2086	0.313000
2087	0.313274
2088	0.313552
2089	0.313834
2090	0.314118
2091	0.314404
2092	0.314691
2093	0.314979
2094	0.315266
2095	0.315552
2096	0.315837
2097	0.316119
2098	0.316398
2099	0.316673
2100	0.316944
2101	0.317211
2102	0.317472
2103	0.317727
2104	0.317976
2105	0.318218
2106	0.318452
2107	0.318680
2108	0.318899
2109	0.319109
2110	0.319311
2111	0.319504
2112	0.319688
2113	0.319862
2114	0.320026
2115	0.320179
2116	0.320323
2117	0.320456
2118	0.320578
2119	0.320689
2120	0.320790
2121	0.320879
2122	0.320958
2123	0.321025
2124	0.321081
2125	0.321127
2126	0.321161
2127	0.321184
2128	0.321196
2129	0.321197
2130	0.321187
2131	0.321167
2132	0.321137
2133	0.321096
2134	0.321045
2135	0.320985
2136	0.320915
2137	0.320836
2138	0.320749
2139	0.320652
2140	0.320548
2141	0.320436
2142	0.320316
2143	0.320190
2144	0.320057
2145	0.319918
2146	0.319774
2147	0.319625
2148	0.319471
2149	0.319314
2150	0.319153
2151	0.318990
2152	0.318829
2153	0.318676
2154	0.318519
2155	0.318343
2156	0.318141
2157	0.317918
2158	0.317695
2159	0.317490
2160	0.317322
2161	0.317201
2162	0.317130
2163	0.317110
2164	0.317137
2165	0.317201
2166	0.317284
2167	0.317359
2168	0.317401
2169	0.317391
2170	0.317330
2171	0.317233
2172	0.317109
2173	0.316960
2174	0.316788
2175	0.316596
2176	0.316385
2177	0.316158
2178	0.315916
2179	0.315661
2180	0.315396
2181	0.315122
2182	0.314840
2183	0.314552
2184	0.314261
2185	0.313967
2186	0.313672
2187	0.313378
2188	0.313085
2189	0.312796
2190	0.312511
2191	0.312232
2192	0.311960
2193	0.311695
2194	0.311440
2195	0.311195
2196	0.310961
2197	0.310738
2198	0.310529
2199	0.310332
2200	0.310150
2201	0.309983
2202	0.309832
2203	0.309696
2204	0.309577
2205	0.309475
2206	0.309390
2207	0.309323
2208	0.309274
2209	0.309242
2210	0.309230
2211	0.309235
2212	0.309259
2213	0.309302
2214	0.309363
2215	0.309442
2216	0.309539
2217	0.309655
2218	0.309787
2219	0.309937
2220	0.310104
2221	0.310287
2222	0.310486
2223	0.310700
2224	0.310929
2225	0.311172
2226	0.311428
2227	0.311696
2228	0.311976
2229	0.312267
2230	0.312568
2231	0.312877
2232	0.313194
2233	0.313517
2234	0.313846
2235	0.314178
2236	0.314514
2237	0.314851
2238	0.315188
2239	0.315523
2240	0.315856
2241	0.316184
2242	0.316505
2243	0.316819
2244	0.317124
2245	0.317416
2246	0.317696
2247	0.317960
2248	0.318207
2249	0.318435
2250	0.318642
2251	0.318825
2252	0.319038
2253	0.319365
2254	0.319675
2255	0.319733
2256	0.319370
2257	0.318577
2258	0.317481
2259	0.316283
2260	0.315184
2261	0.314340
2262	0.313854
2263	0.313818
2264	0.314294
2265	0.315281
2266	0.316675
2267	0.318253
2268	0.319727
2269	0.320851
2270	0.321574
2271	0.322052
2272	0.322370
2273	0.322540
2274	0.322575
2275	0.322486
2276	0.322286
2277	0.321985
2278	0.321595
2279	0.321126
2280	0.320589
2281	0.319993
2282	0.319348
2283	0.318663
2284	0.317947
2285	0.317208
2286	0.316455
2287	0.315695
2288	0.314935
2289	0.314184
2290	0.313446
2291	0.312730
2292	0.312040
2293	0.311382
2294	0.310761
2295	0.310183
2296	0.309651
2297	0.309171
2298	0.308745
2299	0.308377
2300	0.308071
2301	0.307829
2302	0.307653
2303	0.307545
2304	0.307507
2305	0.307541
2306	0.307646
2307	0.307825
2308	0.308076
2309	0.308401
2310	0.308797
2311	0.309265
2312	0.309804
2313	0.310411
2314	0.311084
2315	0.311822
2316	0.312622
2317	0.313480
2318	0.314394
2319	0.315359
2320	0.316372
2321	0.317428
2322	0.318521
2323	0.319648
2324	0.320803
2325	0.321979
2326	0.323170
2327	0.324370
2328	0.325572
2329	0.326768
2330	0.327951
2331	0.329113
2332	0.330245
2333	0.331339
2334	0.332385
2335	0.333374
2336	0.334296
2337	0.335140
2338	0.335897
2339	0.336556
2340	0.337105
2341	0.337532
2342	0.337826
2343	0.337973
2344	0.337963
2345	0.337780
2346	0.337413
2347	0.336846
2348	0.336067
2349	0.335060
2350	0.333811
2351	0.332304
2352	0.330481
2353	0.328237
2354	0.325585
2355	0.322659
2356	0.319632
2357	0.316646
2358	0.313785
2359	0.311074
2360	0.308499
2361	0.306030
2362	0.303624
2363	0.301203
2364	0.298652
2365	0.295850
2366	0.292709
2367	0.289220
2368	0.285468
2369	0.281583
2370	0.277646
2371	0.273607
2372	0.269436
2373	0.265132
2374	0.260697
2375	0.256129
2376	0.251429
2377	0.246597
2378	0.241633
2379	0.236536
2380	0.231307
2381	0.225946
2382	0.220453
2383	0.214827
2384	0.209070
2385	0.203180
2386	0.197157
2387	0.191003
2388	0.184716
2389	0.178297
2390	0.171746
2391	0.165063
2392	0.158248
2393	0.151300
2394	0.144220
2395	0.137007
2396	0.129663
2397	0.122186
2398	0.114577
2399	0.106836
2400	0.098963
2401	0.090957
2402	0.082820
2403	0.074550
2404	0.066147
2405	0.057613
2406	0.048946
2407	0.040147
2408	0.031216
2409	0.022153
2410	0.012957
2411	0.003629
2412	-0.005831
2413	-0.015423
2414	-0.025148
2415	-0.035004
2416	-0.044993
2417	-0.055115
2418	-0.065368
2419	-0.075754
2420	-0.086271
2421	-0.096921
2422	-0.107704
2423	-0.118618
2424	-0.129665
2425	-0.140844
2426	-0.152155
2427	-0.163599
2428	-0.175174
2429	-0.186882
2430	-0.198722
2431	-0.210695
2432	-0.222799
2433	-0.235036
2434	-0.247405
2435	-0.259906
2436	-0.272540
2437	-0.285305
2438	-0.298203
2439	-0.311234
2440	-0.324396
2441	-0.337690
2442	-0.351117
2443	-0.364676
2444	-0.378368
2445	-0.392191
2446	-0.406147
2447	-0.420235
2448	-0.434455
2449	-0.448807
2450	-0.463292
2451	-0.477909
2452	-0.492658
2453	-0.507539
2454	-0.522553
2455	-0.537698
2456	-0.552976
2457	-0.568387
2458	-0.583929
2459	-0.599604
2460	-0.615411
2461	-0.631350
2462	-0.647421
2463	-0.663624
2464	-0.679960
2465	-0.696428
2466	-0.713028
2467	-0.729761
2468	-0.746626
2469	-0.763622
2470	-0.780752
2471	-0.798013
2472	-0.815407
2473	-0.832932
2474	-0.850590
2475	-0.868381
2476	-0.886303
2477	-0.904358
2478	-0.922545
2479	-0.940864
2480	-0.959315
2481	-0.977899
2482	-0.996615
2483	-1.015463
2484	-1.034443
2485	-1.053555
2486	-1.072800
2487	-1.092177
2488	-1.111686
2489	-1.131328
2490	-1.151101
2491	-1.171007
2492	-1.191045
2493	-1.211216
2494	-1.231518
2495	-1.251953
2496	-1.272520
2497	-1.293219
2498	-1.314051
2499	-1.335014
2500	-1.356110
