350	0.041775
351	0.041877
352	0.041989
353	0.042112
354	0.042245
355	0.042388
356	0.042541
357	0.042704
358	0.042876
359	0.043059
360	0.043265
361	0.043502
362	0.043748
363	0.043999
364	0.044260
365	0.044521
366	0.044768
367	0.044994
368	0.045207
369	0.045421
370	0.045650
371	0.045902
372	0.046179
373	0.046482
374	0.046804
375	0.047133
376	0.047463
377	0.047785
378	0.048093
379	0.048386
380	0.048671
381	0.048965
382	0.049282
383	0.049630
384	0.050015
385	0.050431
386	0.050864
387	0.051294
388	0.051704
389	0.052083
390	0.052432
391	0.052764
392	0.053098
393	0.053452
394	0.053834
395	0.054239
396	0.054657
397	0.055085
398	0.055515
399	0.055933
400	0.056318
401	0.056655
402	0.056948
403	0.057211
404	0.057466
405	0.057729
406	0.058007
407	0.058293
408	0.058588
409	0.058892
410	0.059214
411	0.059555
412	0.059911
413	0.060274
414	0.060637
415	0.060999
416	0.061362
417	0.061725
418	0.062089
419	0.062453
420	0.062818
421	0.063185
422	0.063558
423	0.063942
424	0.064337
425	0.064743
426	0.065161
427	0.065595
428	0.066047
429	0.066519
430	0.067007
431	0.067503
432	0.068001
433	0.068494
434	0.068980
435	0.069458
436	0.069931
437	0.070397
438	0.070857
439	0.071311
440	0.071764
441	0.072221
442	0.072683
443	0.073144
444	0.073598
445	0.074040
446	0.074468
447	0.074884
448	0.075292
449	0.075689
450	0.076076
451	0.076452
452	0.076813
453	0.077163
454	0.077507
455	0.077848
456	0.078185
457	0.078511
458	0.078825
459	0.079127
460	0.079421
461	0.079710
462	0.079993
463	0.080270
464	0.080539
465	0.080805
466	0.081069
467	0.081333
468	0.081598
469	0.081860
470	0.082114
471	0.082360
472	0.082604
473	0.082852
474	0.083106
475	0.083365
476	0.083630
477	0.083903
478	0.084185
479	0.084476
480	0.084773
481	0.085076
482	0.085386
483	0.085706
484	0.086036
485	0.086375
486	0.086724
487	0.087081
488	0.087449
489	0.087827
490	0.088216
491	0.088613
492	0.089014
493	0.089417
494	0.089823
495	0.090233
496	0.090652
497	0.091078
498	0.091511
499	0.091949
500	0.092390
501	0.092839
502	0.093295
503	0.093759
504	0.094229
505	0.094706
506	0.095187
507	0.095672
508	0.096160
509	0.096651
510	0.097144
511	0.097639
512	0.098139
513	0.098645
514	0.099161
515	0.099689
516	0.100225
517	0.100766
518	0.101311
519	0.101858
520	0.102404
521	0.102950
522	0.103497
523	0.104045
524	0.104593
525	0.105139
526	0.105684
527	0.106228
528	0.106771
529	0.107312
530	0.107852
531	0.108393
532	0.108938
533	0.109486
534	0.110033
535	0.110579
536	0.111127
537	0.111676
538	0.112220
539	0.112758
540	0.113293
541	0.113830
542	0.114372
543	0.114923
544	0.115483
545	0.116054
546	0.116638
547	0.117234
548	0.117841
549	0.118462
550	0.119099
551	0.119751
552	0.120419
553	0.121102
554	0.121798
555	0.122502
556	0.123200
557	0.123878
558	0.124522
559	0.125122
560	0.125677
561	0.126192
562	0.126678
563	0.127148
564	0.127616
565	0.128094
566	0.128592
567	0.129117
568	0.129673
569	0.130252
570	0.130843
571	0.131434
572	0.132017
573	0.132588
574	0.133147
575	0.133693
576	0.134224
577	0.134731
578	0.135204
579	0.135636
580	0.136029
581	0.136385
582	0.136709
583	0.137008
584	0.137297
585	0.137590
586	0.137898
587	0.138228
588	0.138580
589	0.138953
590	0.139350
591	0.139768
592	0.140204
593	0.140655
594	0.141118
595	0.141588
596	0.142059
597	0.142522
598	0.142970
599	0.143394
600	0.143783
601	0.144134
602	0.144446
603	0.144728
604	0.144990
605	0.145241
606	0.145488
607	0.145737
608	0.145990
609	0.146246
610	0.146501
611	0.146753
612	0.147001
613	0.147246
614	0.147488
615	0.147727
616	0.147962
617	0.148192
618	0.148421
619	0.148652
620	0.148887
621	0.149124
622	0.149360
623	0.149594
624	0.149827
625	0.150060
626	0.150294
627	0.150534
628	0.150777
629	0.151023
630	0.151268
631	0.151511
632	0.151755
633	0.151999
634	0.152242
635	0.152479
636	0.152704
637	0.152920
638	0.153130
639	0.153338
640	0.153540
641	0.153735
642	0.153920
643	0.154096
644	0.154269
645	0.154445
646	0.154630
647	0.154826
648	0.155031
649	0.155243
650	0.155461
651	0.155685
652	0.155914
653	0.156140
654	0.156361
655	0.156572
656	0.156777
657	0.156978
658	0.157174
659	0.157367
660	0.157555
661	0.157740
662	0.157922
663	0.158101
664	0.158283
665	0.158471
666	0.158670
667	0.158879
668	0.159098
669	0.159326
670	0.159556
671	0.159786
672	0.160015
673	0.160241
674	0.160467
675	0.160692
676	0.160914
677	0.161137
678	0.161368
679	0.161610
680	0.161863
681	0.162123
682	0.162389
683	0.162661
684	0.162940
685	0.163231
686	0.163534
687	0.163847
688	0.164167
689	0.164494
690	0.164837
691	0.165203
692	0.165596
693	0.166018
694	0.166465
695	0.166934
696	0.167426
697	0.167939
698	0.168470
699	0.169012
700	0.169560
701	0.170106
702	0.170648
703	0.171191
704	0.171740
705	0.172297
706	0.172859
707	0.173425
708	0.173997
709	0.174570
710	0.175134
711	0.175672
712	0.176168
713	0.176619
714	0.177039
715	0.177455
716	0.177894
717	0.178368
718	0.178879
719	0.179421
720	0.179989
721	0.180577
722	0.181172
723	0.181755
724	0.182308
725	0.182823
726	0.183313
727	0.183804
728	0.184319
729	0.184865
730	0.185431
731	0.186000
732	0.186562
733	0.187111
734	0.187646
735	0.188162
736	0.188652
737	0.189118
738	0.189566
739	0.190000
740	0.190424
741	0.190837
742	0.191232
743	0.191603
744	0.191948
745	0.192272
746	0.192580
747	0.192876
748	0.193163
749	0.193438
750	0.193711
751	0.193995
752	0.194293
753	0.194580
754	0.194829
755	0.195025
756	0.195171
757	0.195286
758	0.195393
759	0.195512
760	0.195662
761	0.195850
762	0.196083
763	0.196362
764	0.196682
765	0.197026
766	0.197367
767	0.197673
768	0.197926
769	0.198138
770	0.198333
771	0.198523
772	0.198710
773	0.198898
774	0.199090
775	0.199284
776	0.199479
777	0.199676
778	0.199878
779	0.200084
780	0.200289
781	0.200487
782	0.200670
783	0.200838
784	0.200992
785	0.201137
786	0.201274
787	0.201407
788	0.201542
789	0.201684
790	0.201837
791	0.202006
792	0.202191
793	0.202386
794	0.202581
795	0.202765
796	0.202934
797	0.203087
798	0.203226
799	0.203357
800	0.203488
801	0.203625
802	0.203769
803	0.203920
804	0.204084
805	0.204257
806	0.204429
807	0.204581
808	0.204699
809	0.204776
810	0.204809
811	0.204811
812	0.204802
813	0.204806
814	0.204840
815	0.204909
816	0.205006
817	0.205124
818	0.205269
819	0.205447
820	0.205648
821	0.205855
822	0.206050
823	0.206224
824	0.206375
825	0.206515
826	0.206654
827	0.206797
828	0.206939
829	0.207073
830	0.207202
831	0.207336
832	0.207484
833	0.207646
834	0.207816
835	0.207985
836	0.208147
837	0.208303
838	0.208454
839	0.208600
840	0.208739
841	0.208876
842	0.209013
843	0.209149
844	0.209282
845	0.209412
846	0.209536
847	0.209653
848	0.209768
849	0.209878
850	0.209981
851	0.210075
852	0.210164
853	0.210252
854	0.210340
855	0.210432
856	0.210534
857	0.210653
858	0.210782
859	0.210913
860	0.211038
861	0.211152
862	0.211256
863	0.211355
864	0.211454
865	0.211554
866	0.211650
867	0.211741
868	0.211831
869	0.211928
870	0.212035
871	0.212151
872	0.212265
873	0.212369
874	0.212465
875	0.212566
876	0.212677
877	0.212794
878	0.212910
879	0.213021
880	0.213124
881	0.213221
882	0.213315
883	0.213411
884	0.213510
885	0.213609
886	0.213705
887	0.213793
888	0.213871
889	0.213930
890	0.213955
891	0.213935
892	0.213865
893	0.213751
894	0.213615
895	0.213485
896	0.213390
897	0.213350
898	0.213380
899	0.213482
900	0.213645
901	0.213848
902	0.214062
903	0.214257
904	0.214408
905	0.214517
906	0.214602
907	0.214676
908	0.214742
909	0.214802
910	0.214858
911	0.214908
912	0.214957
913	0.215036
914	0.215168
915	0.215359
916	0.215594
917	0.215851
918	0.216102
919	0.216327
920	0.216500
921	0.216587
922	0.216563
923	0.216418
924	0.216173
925	0.215862
926	0.215530
927	0.215221
928	0.214964
929	0.214761
930	0.214593
931	0.214450
932	0.214330
933	0.214235
934	0.214161
935	0.214110
936	0.214080
937	0.214071
938	0.214082
939	0.214113
940	0.214162
941	0.214230
942	0.214315
943	0.214417
944	0.214535
945	0.214668
946	0.214816
947	0.214979
948	0.215155
949	0.215344
950	0.215545
951	0.215758
952	0.215982
953	0.216216
954	0.216460
955	0.216712
956	0.216973
957	0.217242
958	0.217517
959	0.217799
960	0.218087
961	0.218379
962	0.218677
963	0.218977
964	0.219281
965	0.219587
966	0.219895
967	0.220204
968	0.220514
969	0.220823
970	0.221132
971	0.221439
972	0.221744
973	0.222046
974	0.222344
975	0.222638
976	0.222928
977	0.223212
978	0.223490
979	0.223761
980	0.224025
981	0.224281
982	0.224524
983	0.224745
984	0.224948
985	0.225147
986	0.225358
987	0.225595
988	0.225863
989	0.226163
990	0.226491
991	0.226842
992	0.227208
993	0.227582
994	0.227951
995	0.228303
996	0.228631
997	0.228934
998	0.229224
999	0.229511
1000	0.229805
1001	0.230099
1002	0.230390
1003	0.230678
1004	0.230963
1005	0.231245
1006	0.231523
1007	0.231797
1008	0.232067
1009	0.232333
1010	0.232596
1011	0.232853
1012	0.233107
1013	0.233356
1014	0.233600
1015	0.233840
1016	0.234075
1017	0.234305
1018	0.234531
1019	0.234751
1020	0.234967
1021	0.235177
1022	0.235382
1023	0.235583
1024	0.235778
1025	0.235969
1026	0.236154
1027	0.236334
1028	0.236510
1029	0.236680
1030	0.236845
1031	0.237006
1032	0.237164
1033	0.237316
1034	0.237463
1035	0.237603
1036	0.237734
1037	0.237860
1038	0.237980
1039	0.238096
1040	0.238210
1041	0.238323
1042	0.238436
1043	0.238549
1044	0.238664
1045	0.238779
1046	0.238894
1047	0.239006
1048	0.239115
1049	0.239219
1050	0.239319
1051	0.239416
1052	0.239510
1053	0.239602
1054	0.239690
1055	0.239776
1056	0.239859
1057	0.239939
1058	0.240017
1059	0.240092
1060	0.240164
1061	0.240234
1062	0.240302
1063	0.240367
1064	0.240430
1065	0.240491
1066	0.240550
1067	0.240606
1068	0.240661
1069	0.240714
1070	0.240764
1071	0.240813
1072	0.240860
1073	0.240906
1074	0.240950
1075	0.240992
1076	0.241032
1077	0.241071
1078	0.241109
1079	0.241145
1080	0.241180
1081	0.241214
1082	0.241247
1083	0.241278
1084	0.241309
1085	0.241338
1086	0.241367
1087	0.241394
1088	0.241421
1089	0.241447
1090	0.241472
1091	0.241497
1092	0.241522
1093	0.241548
1094	0.241574
1095	0.241598
1096	0.241618
1097	0.241627
1098	0.241633
1099	0.241651
1100	0.241689
1101	0.241743
1102	0.241791
1103	0.241804
1104	0.241753
1105	0.241628
1106	0.241430
1107	0.241182
1108	0.240904
1109	0.240603
1110	0.240272
1111	0.239899
1112	0.239475
1113	0.239012
1114	0.238536
1115	0.238049
1116	0.237542
1117	0.237013
1118	0.236491
1119	0.236041
1120	0.235734
1121	0.235615
1122	0.235698
1123	0.235955
1124	0.236347
1125	0.236848
1126	0.237436
1127	0.238079
1128	0.238751
1129	0.239425
1130	0.240065
1131	0.240656
1132	0.241205
1133	0.241707
1134	0.242134
1135	0.242442
1136	0.242584
1137	0.242532
1138	0.242275
1139	0.241836
1140	0.241273
1141	0.240656
1142	0.240065
1143	0.239586
1144	0.239288
1145	0.239205
1146	0.239350
1147	0.239713
1148	0.240245
1149	0.240884
1150	0.241573
1151	0.242271
1152	0.242955
1153	0.243615
1154	0.244233
1155	0.244791
1156	0.245271
1157	0.245674
1158	0.246017
1159	0.246321
1160	0.246599
1161	0.246857
1162	0.247095
1163	0.247311
1164	0.247515
1165	0.247720
1166	0.247930
1167	0.248146
1168	0.248362
1169	0.248566
1170	0.248750
1171	0.248916
1172	0.249071
1173	0.249221
1174	0.249366
1175	0.249504
1176	0.249633
1177	0.249761
1178	0.249894
1179	0.250039
1180	0.250193
1181	0.250345
1182	0.250486
1183	0.250614
1184	0.250723
1185	0.250812
1186	0.250884
1187	0.250942
1188	0.250995
1189	0.251055
1190	0.251130
1191	0.251219
1192	0.251314
1193	0.251405
1194	0.251491
1195	0.251580
1196	0.251682
1197	0.251803
1198	0.251946
1199	0.252110
1200	0.252292
1201	0.252493
1202	0.252705
1203	0.252923
1204	0.253137
1205	0.253334
1206	0.253508
1207	0.253655
1208	0.253771
1209	0.253857
1210	0.253916
1211	0.253956
1212	0.253988
1213	0.254022
1214	0.254066
1215	0.254126
1216	0.254208
1217	0.254320
1218	0.254463
1219	0.254634
1220	0.254818
1221	0.255000
1222	0.255168
1223	0.255319
1224	0.255457
1225	0.255590
1226	0.255722
1227	0.255859
1228	0.256000
1229	0.256143
1230	0.256283
1231	0.256415
1232	0.256533
1233	0.256635
1234	0.256726
1235	0.256811
1236	0.256895
1237	0.256986
1238	0.257090
1239	0.257211
1240	0.257350
1241	0.257505
1242	0.257668
1243	0.257828
1244	0.257970
1245	0.258088
1246	0.258180
1247	0.258248
1248	0.258302
1249	0.258352
1250	0.258406
1251	0.258466
1252	0.258537
1253	0.258621
1254	0.258715
1255	0.258816
1256	0.258919
1257	0.259024
1258	0.259135
1259	0.259260
1260	0.259406
1261	0.259578
1262	0.259776
1263	0.259993
1264	0.260220
1265	0.260446
1266	0.260658
1267	0.260846
1268	0.261001
1269	0.261123
1270	0.261216
1271	0.261290
1272	0.261356
1273	0.261419
1274	0.261481
1275	0.261541
1276	0.261602
1277	0.261673
1278	0.261763
1279	0.261876
1280	0.262009
1281	0.262155
1282	0.262305
1283	0.262450
1284	0.262585
1285	0.262708
1286	0.262811
1287	0.262887
1288	0.262931
1289	0.262944
1290	0.262935
1291	0.262913
1292	0.262881
1293	0.262836
1294	0.262773
1295	0.262693
1296	0.262604
1297	0.262512
1298	0.262426
1299	0.262356
1300	0.262305
1301	0.262273
1302	0.262253
1303	0.262227
1304	0.262172
1305	0.262069
1306	0.261918
1307	0.261728
1308	0.261518
1309	0.261305
1310	0.261102
1311	0.260920
1312	0.260768
1313	0.260653
1314	0.260573
1315	0.260513
1316	0.260452
1317	0.260371
1318	0.260265
1319	0.260142
1320	0.260014
1321	0.259892
1322	0.259777
1323	0.259666
1324	0.259556
1325	0.259448
1326	0.259341
1327	0.259235
1328	0.259129
1329	0.259025
1330	0.258922
1331	0.258819
1332	0.258716
1333	0.258614
1334	0.258513
1335	0.258411
1336	0.258310
1337	0.258209
1338	0.258107
1339	0.258006
1340	0.257904
1341	0.257801
1342	0.257698
1343	0.257594
1344	0.257490
1345	0.257385
1346	0.257278
1347	0.257171
1348	0.257062
1349	0.256952
1350	0.256841
1351	0.256728
1352	0.256613
1353	0.256497
1354	0.256379
1355	0.256259
1356	0.256136
1357	0.256012
1358	0.255885
1359	0.255756
1360	0.255624
1361	0.255490
1362	0.255352
1363	0.255212
1364	0.255069
1365	0.254922
1366	0.254768
1367	0.254608
1368	0.254446
1369	0.254289
1370	0.254139
1371	0.254000
1372	0.253870
1373	0.253749
1374	0.253635
1375	0.253525
1376	0.253419
1377	0.253310
1378	0.253197
1379	0.253076
1380	0.252949
1381	0.252817
1382	0.252686
1383	0.252558
1384	0.252430
1385	0.252303
1386	0.252175
1387	0.252048
1388	0.251920
1389	0.251793
1390	0.251665
1391	0.251530
1392	0.251376
1393	0.251219
1394	0.251093
1395	0.251018
1396	0.250998
1397	0.251014
1398	0.251039
1399	0.251045
1400	0.251012
1401	0.250926
1402	0.250774
1403	0.250547
1404	0.250247
1405	0.249889
1406	0.249503
1407	0.249130
1408	0.248805
1409	0.248536
1410	0.248302
1411	0.248095
1412	0.247912
1413	0.247754
1414	0.247619
1415	0.247507
1416	0.247418
1417	0.247350
1418	0.247303
1419	0.247276
1420	0.247269
1421	0.247281
1422	0.247310
1423	0.247357
1424	0.247421
1425	0.247501
1426	0.247597
1427	0.247707
1428	0.247831
1429	0.247968
1430	0.248118
1431	0.248280
1432	0.248453
1433	0.248637
1434	0.248830
1435	0.249033
1436	0.249244
1437	0.249463
1438	0.249690
1439	0.249922
1440	0.250161
1441	0.250404
1442	0.250652
1443	0.250903
1444	0.251158
1445	0.251414
1446	0.251673
1447	0.251932
1448	0.252191
1449	0.252451
1450	0.252708
1451	0.252964
1452	0.253226
1453	0.253509
1454	0.253805
1455	0.254077
1456	0.254286
1457	0.254408
1458	0.254435
1459	0.254372
1460	0.254239
1461	0.254069
1462	0.253905
1463	0.253792
1464	0.253763
1465	0.253837
1466	0.254010
1467	0.254263
1468	0.254562
1469	0.254864
1470	0.255139
1471	0.255389
1472	0.255624
1473	0.255845
1474	0.256056
1475	0.256264
1476	0.256462
1477	0.256628
1478	0.256760
1479	0.256870
1480	0.256991
1481	0.257162
1482	0.257409
1483	0.257742
1484	0.258157
1485	0.258638
1486	0.259168
1487	0.259713
1488	0.260240
1489	0.260721
1490	0.261146
1491	0.261519
1492	0.261861
1493	0.262207
1494	0.262585
1495	0.263001
1496	0.263449
1497	0.263905
1498	0.264333
1499	0.264708
1500	0.265025
1501	0.265300
1502	0.265554
1503	0.265808
1504	0.266071
1505	0.266345
1506	0.266631
1507	0.266936
1508	0.267254
1509	0.267571
1510	0.267861
1511	0.268104
1512	0.268294
1513	0.268441
1514	0.268571
1515	0.268709
1516	0.268866
1517	0.269040
1518	0.269221
1519	0.269407
1520	0.269600
1521	0.269809
1522	0.270042
1523	0.270300
1524	0.270575
1525	0.270852
1526	0.271120
1527	0.271366
1528	0.271585
1529	0.271774
1530	0.271933
1531	0.272061
1532	0.272165
1533	0.272261
1534	0.272368
1535	0.272496
1536	0.272646
1537	0.272813
1538	0.272990
1539	0.273175
1540	0.273372
1541	0.273576
1542	0.273779
1543	0.273971
1544	0.274142
1545	0.274290
1546	0.274421
1547	0.274543
1548	0.274668
1549	0.274804
1550	0.274951
1551	0.275107
1552	0.275266
1553	0.275422
1554	0.275563
1555	0.275681
1556	0.275771
1557	0.275836
1558	0.275893
1559	0.275966
1560	0.276073
1561	0.276224
1562	0.276411
1563	0.276620
1564	0.276831
1565	0.277028
1566	0.277205
1567	0.277358
1568	0.277486
1569	0.277586
1570	0.277666
1571	0.277737
1572	0.277818
1573	0.277926
1574	0.278071
1575	0.278251
1576	0.278467
1577	0.278720
1578	0.279005
1579	0.279310
1580	0.279614
1581	0.279897
1582	0.280144
1583	0.280349
1584	0.280512
1585	0.280636
1586	0.280730
1587	0.280804
1588	0.280872
1589	0.280946
1590	0.281032
1591	0.281129
1592	0.281235
1593	0.281344
1594	0.281457
1595	0.281577
1596	0.281702
1597	0.281830
1598	0.281962
1599	0.282102
1600	0.282252
1601	0.282410
1602	0.282565
1603	0.282697
1604	0.282794
1605	0.282850
1606	0.282875
1607	0.282885
1608	0.282895
1609	0.282920
1610	0.282973
1611	0.283064
1612	0.283194
1613	0.283356
1614	0.283528
1615	0.283690
1616	0.283834
1617	0.283965
1618	0.284094
1619	0.284232
1620	0.284379
1621	0.284534
1622	0.284694
1623	0.284860
1624	0.285027
1625	0.285184
1626	0.285317
1627	0.285418
1628	0.285498
1629	0.285577
1630	0.285682
1631	0.285831
1632	0.286023
1633	0.286248
1634	0.286487
1635	0.286723
1636	0.286944
1637	0.287136
1638	0.287289
1639	0.287403
1640	0.287488
1641	0.287566
1642	0.287660
1643	0.287789
1644	0.287954
1645	0.288148
1646	0.288358
1647	0.288573
1648	0.288791
1649	0.289009
1650	0.289229
1651	0.289448
1652	0.289662
1653	0.289866
1654	0.290055
1655	0.290231
1656	0.290393
1657	0.290537
1658	0.290649
1659	0.290719
1660	0.290750
1661	0.290754
1662	0.290748
1663	0.290746
1664	0.290754
1665	0.290772
1666	0.290810
1667	0.290880
1668	0.290990
1669	0.291138
1670	0.291308
1671	0.291470
1672	0.291592
1673	0.291658
1674	0.291673
1675	0.291652
1676	0.291611
1677	0.291567
1678	0.291530
1679	0.291500
1680	0.291473
1681	0.291453
1682	0.291440
1683	0.291433
1684	0.291438
1685	0.291464
1686	0.291525
1687	0.291636
1688	0.291805
1689	0.292031
1690	0.292297
1691	0.292574
1692	0.292827
1693	0.293024
1694	0.293144
1695	0.293193
1696	0.293197
1697	0.293184
1698	0.293175
1699	0.293181
1700	0.293206
1701	0.293250
1702	0.293308
1703	0.293366
1704	0.293399
1705	0.293378
1706	0.293287
1707	0.293134
1708	0.292954
1709	0.292794
1710	0.292699
1711	0.292698
1712	0.292791
1713	0.292956
1714	0.293161
1715	0.293371
1716	0.293557
1717	0.293699
1718	0.293783
1719	0.293797
1720	0.293742
1721	0.293638
1722	0.293521
1723	0.293424
1724	0.293370
1725	0.293354
1726	0.293347
1727	0.293333
1728	0.293327
1729	0.293353
1730	0.293427
1731	0.293540
1732	0.293661
1733	0.293758
1734	0.293817
1735	0.293847
1736	0.293858
1737	0.293848
1738	0.293811
1739	0.293755
1740	0.293700
1741	0.293679
1742	0.293718
1743	0.293828
1744	0.293993
1745	0.294192
1746	0.294403
1747	0.294598
1748	0.294747
1749	0.294830
1750	0.294836
1751	0.294761
1752	0.294612
1753	0.294407
1754	0.294176
1755	0.293962
1756	0.293814
1757	0.293769
1758	0.293842
1759	0.294014
1760	0.294250
1761	0.294500
1762	0.294720
1763	0.294897
1764	0.295051
1765	0.295207
1766	0.295381
1767	0.295558
1768	0.295698
1769	0.295767
1770	0.295747
1771	0.295636
1772	0.295433
1773	0.295146
1774	0.294792
1775	0.294401
1776	0.294021
1777	0.293712
1778	0.293516
1779	0.293435
1780	0.293419
1781	0.293415
1782	0.293383
1783	0.293309
1784	0.293210
1785	0.293099
1786	0.292978
1787	0.292852
1788	0.292729
1789	0.292612
1790	0.292496
1791	0.292379
1792	0.292263
1793	0.292147
1794	0.292030
1795	0.291914
1796	0.291798
1797	0.291682
1798	0.291565
1799	0.291449
1800	0.291333
1801	0.291216
1802	0.291100
1803	0.290984
1804	0.290868
1805	0.290751
1806	0.290635
1807	0.290519
1808	0.290402
1809	0.290286
1810	0.290170
1811	0.290054
1812	0.289937
1813	0.289821
1814	0.289705
1815	0.289588
1816	0.289472
1817	0.289356
1818	0.289240
1819	0.289123
1820	0.289007
1821	0.288891
1822	0.288775
1823	0.288658
1824	0.288542
1825	0.288426
1826	0.288309
1827	0.288193
1828	0.288077
1829	0.287961
1830	0.287844
1831	0.287728
1832	0.287612
1833	0.287495
1834	0.287379
1835	0.287263
1836	0.287147
1837	0.287030
1838	0.286914
1839	0.286798
1840	0.286681
1841	0.286565
1842	0.286449
1843	0.286333
1844	0.286216
1845	0.286100
1846	0.285984
1847	0.285867
1848	0.285751
1849	0.285635
1850	0.285519
1851	0.285402
1852	0.285286
1853	0.285170
1854	0.285054
1855	0.284937
1856	0.284821
1857	0.284705
1858	0.284588
1859	0.284472
1860	0.284356
1861	0.284240
1862	0.284123
1863	0.284007
1864	0.283891
1865	0.283774
1866	0.283658
1867	0.283542
1868	0.283426
1869	0.283309
1870	0.283193
1871	0.283077
1872	0.282960
1873	0.282844
1874	0.282728
1875	0.282612
1876	0.282495
1877	0.282379
1878	0.282263
1879	0.282146
1880	0.282030
1881	0.281914
1882	0.281798
1883	0.281681
1884	0.281565
1885	0.281449
1886	0.281333
1887	0.281216
1888	0.281100
1889	0.280984
1890	0.280867
1891	0.280751
1892	0.280635
1893	0.280519
1894	0.280402
1895	0.280286
1896	0.280170
1897	0.280053
1898	0.279937
1899	0.279821
1900	0.279705
1901	0.279588
1902	0.279472
1903	0.279356
1904	0.279239
1905	0.279123
1906	0.279007
1907	0.278891
1908	0.278774
1909	0.278658
1910	0.278542
1911	0.278425
1912	0.278309
1913	0.278193
1914	0.278077
1915	0.277960
1916	0.277844
1917	0.277728
1918	0.277612
1919	0.277495
1920	0.277379
1921	0.277263
1922	0.277146
1923	0.277030
1924	0.276914
1925	0.276798
1926	0.276681
1927	0.276565
1928	0.276449
1929	0.276332
1930	0.276216
1931	0.276100
1932	0.275984
1933	0.275867
1934	0.275751
1935	0.275635
1936	0.275518
1937	0.275402
1938	0.275286
1939	0.275170
1940	0.275053
1941	0.274930
1942	0.274790
1943	0.274650
1944	0.274538
1945	0.274473
1946	0.274454
1947	0.274462
1948	0.274469
1949	0.274450
1950	0.274386
1951	0.274268
1952	0.274088
1953	0.273841
1954	0.273535
1955	0.273187
1956	0.272829
1957	0.272502
1958	0.272237
1959	0.272041
1960	0.271892
1961	0.271782
1962	0.271709
1963	0.271672
1964	0.271670
1965	0.271703
1966	0.271768
1967	0.271866
1968	0.271994
1969	0.272153
1970	0.272341
1971	0.272557
1972	0.272800
1973	0.273069
1974	0.273363
1975	0.273681
1976	0.274022
1977	0.274386
1978	0.274770
1979	0.275174
1980	0.275598
1981	0.276039
1982	0.276498
1983	0.276972
1984	0.277462
1985	0.277965
1986	0.278482
1987	0.279010
1988	0.279550
1989	0.280099
1990	0.280658
1991	0.281224
1992	0.281798
1993	0.282377
1994	0.282962
1995	0.283550
1996	0.284141
1997	0.284734
1998	0.285329
1999	0.285923
2000	0.286516
2001	0.287107
2002	0.287724
2003	0.288427
2004	0.289166
2005	0.289775
2006	0.290103
2007	0.290132
2008	0.289966
2009	0.289767
2010	0.289692
2011	0.289798
2012	0.290050
2013	0.290427
2014	0.290975
2015	0.291746
2016	0.292735
2017	0.293835
2018	0.294855
2019	0.295600
2020	0.296016
2021	0.296229
2022	0.296354
2023	0.296394
2024	0.296295
2025	0.296028
2026	0.295632
2027	0.295227
2028	0.294980
2029	0.294998
2030	0.295273
2031	0.295742
2032	0.296340
2033	0.297012
2034	0.297718
2035	0.298422
2036	0.299081
2037	0.299632
2038	0.300027
2039	0.300263
2040	0.300366
2041	0.300385
2042	0.300380
2043	0.300384
2044	0.300425
2045	0.300526
2046	0.300702
2047	0.300958
2048	0.301298
2049	0.301709
2050	0.302147
2051	0.302541
2052	0.302800
2053	0.302849
2054	0.302687
2055	0.302383
2056	0.302037
2057	0.301737
2058	0.301540
2059	0.301477
2060	0.301574
2061	0.301849
2062	0.302314
2063	0.302951
2064	0.303693
2065	0.304443
2066	0.305126
2067	0.305713
2068	0.306218
2069	0.306684
2070	0.307137
2071	0.307573
2072	0.307987
2073	0.308381
2074	0.308756
2075	0.309113
2076	0.309454
2077	0.309779
2078	0.310089
2079	0.310386
2080	0.310671
2081	0.310944
2082	0.311208
2083	0.311461
2084	0.311706
2085	0.311943
2086	0.312173
2087	0.312397
2088	0.312616
2089	0.312829
2090	0.313039
2091	0.313245
2092	0.313448
2093	0.313648
2094	0.313847
2095	0.314044
2096	0.314240
2097	0.314436
2098	0.314631
2099	0.314826
2100	0.315021
2101	0.315217
2102	0.315414
2103	0.315611
2104	0.315810
2105	0.316009
2106	0.316210
2107	0.316412
2108	0.316615
2109	0.316819
2110	0.317024
2111	0.317230
2112	0.317436
2113	0.317643
2114	0.317850
2115	0.318057
2116	0.318264
2117	0.318470
2118	0.318675
2119	0.318878
2120	0.319079
2121	0.319277
2122	0.319473
2123	0.319664
2124	0.319851
2125	0.320033
2126	0.320210
2127	0.320380
2128	0.320543
2129	0.320698
2130	0.320843
2131	0.320979
2132	0.321105
2133	0.321219
2134	0.321320
2135	0.321407
2136	0.321480
2137	0.321537
2138	0.321576
2139	0.321598
2140	0.321600
2141	0.321582
2142	0.321541
2143	0.321477
2144	0.321389
2145	0.321274
2146	0.321132
2147	0.320961
2148	0.320759
2149	0.320525
2150	0.320258
2151	0.319955
2152	0.319581
2153	0.319073
2154	0.318478
2155	0.317928
2156	0.317550
2157	0.317414
2158	0.317520
2159	0.317817
2160	0.318230
2161	0.318688
2162	0.319125
2163	0.319465
2164	0.319623
2165	0.319534
2166	0.319182
2167	0.318619
2168	0.317967
2169	0.317357
2170	0.316844
2171	0.316371
2172	0.315907
2173	0.315452
2174	0.315007
2175	0.314572
2176	0.314147
2177	0.313735
2178	0.313334
2179	0.312945
2180	0.312569
2181	0.312206
2182	0.311857
2183	0.311522
2184	0.311202
2185	0.310895
2186	0.310604
2187	0.310328
2188	0.310068
2189	0.309823
2190	0.309593
2191	0.309380
2192	0.309183
2193	0.309002
2194	0.308837
2195	0.308689
2196	0.308557
2197	0.308441
2198	0.308342
2199	0.308259
2200	0.308192
2201	0.308141
2202	0.308106
2203	0.308087
2204	0.308083
2205	0.308094
2206	0.308121
2207	0.308163
2208	0.308219
2209	0.308289
2210	0.308373
2211	0.308470
2212	0.308581
2213	0.308704
2214	0.308840
2215	0.308987
2216	0.309145
2217	0.309314
2218	0.309493
2219	0.309681
2220	0.309879
2221	0.310084
2222	0.310297
2223	0.310517
2224	0.310744
2225	0.310975
2226	0.311211
2227	0.311451
2228	0.311694
2229	0.311939
2230	0.312185
2231	0.312432
2232	0.312678
2233	0.312922
2234	0.313164
2235	0.313402
2236	0.313636
2237	0.313864
2238	0.314085
2239	0.314298
2240	0.314502
2241	0.314696
2242	0.314879
2243	0.315049
2244	0.315204
2245	0.315345
2246	0.315469
2247	0.315576
2248	0.315663
2249	0.315729
2250	0.315773
2251	0.315794
2252	0.315789
2253	0.315752
2254	0.315675
2255	0.315560
2256	0.315416
2257	0.315259
2258	0.315107
2259	0.314978
2260	0.314885
2261	0.314836
2262	0.314831
2263	0.314870
2264	0.314944
2265	0.315038
2266	0.315136
2267	0.315222
2268	0.315286
2269	0.315328
2270	0.315351
2271	0.315362
2272	0.315363
2273	0.315354
2274	0.315336
2275	0.315311
2276	0.315278
2277	0.315239
2278	0.315194
2279	0.315145
2280	0.315091
2281	0.315035
2282	0.314976
2283	0.314915
2284	0.314853
2285	0.314791
2286	0.314730
2287	0.314669
2288	0.314610
2289	0.314554
2290	0.314501
2291	0.314451
2292	0.314405
2293	0.314364
2294	0.314329
2295	0.314300
2296	0.314277
2297	0.314261
2298	0.314253
2299	0.314253
2300	0.314261
2301	0.314279
2302	0.314306
2303	0.314343
2304	0.314390
2305	0.314448
2306	0.314518
2307	0.314599
2308	0.314692
2309	0.314798
2310	0.314916
2311	0.315048
2312	0.315192
2313	0.315351
2314	0.315524
2315	0.315711
2316	0.315912
2317	0.316129
2318	0.316360
2319	0.316607
2320	0.316870
2321	0.317148
2322	0.317442
2323	0.317752
2324	0.318079
2325	0.318422
2326	0.318781
2327	0.319158
2328	0.319551
2329	0.319961
2330	0.320387
2331	0.320831
2332	0.321292
2333	0.321770
2334	0.322265
2335	0.322778
2336	0.323307
2337	0.323854
2338	0.324417
2339	0.324998
2340	0.325596
2341	0.326210
2342	0.326842
2343	0.327490
2344	0.328154
2345	0.328835
2346	0.329533
2347	0.330246
2348	0.330976
2349	0.331721
2350	0.332482
2351	0.333259
2352	0.334050
2353	0.334854
2354	0.335673
2355	0.336506
2356	0.337355
2357	0.338222
2358	0.339108
2359	0.340012
2360	0.340935
2361	0.341877
2362	0.342838
2363	0.343816
2364	0.344811
2365	0.345822
2366	0.346847
2367	0.347887
2368	0.348942
2369	0.350013
2370	0.351102
2371	0.352207
2372	0.353329
2373	0.354468
2374	0.355623
2375	0.356794
2376	0.357982
2377	0.359186
2378	0.360407
2379	0.361644
2380	0.362898
2381	0.364168
2382	0.365455
2383	0.366758
2384	0.368078
2385	0.369414
2386	0.370767
2387	0.372136
2388	0.373522
2389	0.374924
2390	0.376342
2391	0.377777
2392	0.379229
2393	0.380697
2394	0.382181
2395	0.383682
2396	0.385200
2397	0.386734
2398	0.388284
2399	0.389851
2400	0.391435
2401	0.393035
2402	0.394651
2403	0.396284
2404	0.397933
2405	0.399599
2406	0.401282
2407	0.402980
2408	0.404696
2409	0.406427
2410	0.408176
2411	0.409940
2412	0.411722
2413	0.413519
2414	0.415334
2415	0.417164
2416	0.419011
2417	0.420875
2418	0.422755
2419	0.424652
2420	0.426565
2421	0.428494
2422	0.430441
2423	0.432403
2424	0.434382
2425	0.436378
2426	0.438390
2427	0.440418
2428	0.442463
2429	0.444525
2430	0.446602
2431	0.448697
2432	0.450808
2433	0.452935
2434	0.455079
2435	0.457239
2436	0.459416
2437	0.461609
2438	0.463819
2439	0.466046
2440	0.468288
2441	0.470548
2442	0.472823
2443	0.475115
2444	0.477424
2445	0.479749
2446	0.482091
2447	0.484449
2448	0.486824
2449	0.489215
2450	0.491622
2451	0.494047
2452	0.496487
2453	0.498944
2454	0.501418
2455	0.503908
2456	0.506414
2457	0.508937
2458	0.511477
2459	0.514033
2460	0.516605
2461	0.519194
2462	0.521799
2463	0.524421
2464	0.527060
2465	0.529714
2466	0.532386
2467	0.535073
2468	0.537778
2469	0.540499
2470	0.543236
2471	0.545990
2472	0.548760
2473	0.551546
2474	0.554350
2475	0.557169
2476	0.560005
2477	0.562858
2478	0.565727
2479	0.568613
2480	0.571515
2481	0.574434
2482	0.577369
2483	0.580320
2484	0.583288
2485	0.586273
2486	0.589274
2487	0.592291
2488	0.595325
2489	0.598376
2490	0.601442
2491	0.604526
2492	0.607626
2493	0.610742
2494	0.613875
2495	0.617024
2496	0.620190
2497	0.623372
2498	0.626571
2499	0.629786
2500	0.633018
