350	0.022177
351	0.022267
352	0.022353
353	0.022437
354	0.022518
355	0.022596
356	0.022671
357	0.022741
358	0.022806
359	0.022864
360	0.022927
361	0.022996
362	0.023063
363	0.023127
364	0.023192
365	0.023262
366	0.023331
367	0.023400
368	0.023475
369	0.023556
370	0.023642
371	0.023731
372	0.023824
373	0.023916
374	0.024011
375	0.024122
376	0.024251
377	0.024393
378	0.024543
379	0.024691
380	0.024830
381	0.024959
382	0.025082
383	0.025201
384	0.025325
385	0.025467
386	0.025624
387	0.025779
388	0.025922
389	0.026061
390	0.026210
391	0.026363
392	0.026516
393	0.026669
394	0.026821
395	0.026974
396	0.027133
397	0.027298
398	0.027463
399	0.027621
400	0.027760
401	0.027872
402	0.027969
403	0.028072
404	0.028192
405	0.028323
406	0.028460
407	0.028608
408	0.028768
409	0.028933
410	0.029099
411	0.029264
412	0.029423
413	0.029573
414	0.029715
415	0.029851
416	0.029989
417	0.030133
418	0.030285
419	0.030441
420	0.030602
421	0.030769
422	0.030942
423	0.031116
424	0.031288
425	0.031463
426	0.031642
427	0.031823
428	0.032008
429	0.032199
430	0.032392
431	0.032583
432	0.032771
433	0.032956
434	0.033134
435	0.033308
436	0.033482
437	0.033655
438	0.033827
439	0.033999
440	0.034171
441	0.034342
442	0.034512
443	0.034681
444	0.034846
445	0.035004
446	0.035157
447	0.035307
448	0.035456
449	0.035608
450	0.035765
451	0.035925
452	0.036079
453	0.036222
454	0.036354
455	0.036478
456	0.036598
457	0.036713
458	0.036822
459	0.036924
460	0.037021
461	0.037118
462	0.037216
463	0.037316
464	0.037412
465	0.037499
466	0.037577
467	0.037652
468	0.037729
469	0.037809
470	0.037890
471	0.037973
472	0.038057
473	0.038143
474	0.038229
475	0.038316
476	0.038400
477	0.038482
478	0.038566
479	0.038656
480	0.038755
481	0.038861
482	0.038971
483	0.039084
484	0.039202
485	0.039326
486	0.039454
487	0.039582
488	0.039711
489	0.039844
490	0.039985
491	0.040134
492	0.040291
493	0.040453
494	0.040620
495	0.040792
496	0.040972
497	0.041162
498	0.041364
499	0.041576
500	0.041797
501	0.042025
502	0.042259
503	0.042502
504	0.042755
505	0.043018
506	0.043292
507	0.043580
508	0.043884
509	0.044203
510	0.044540
511	0.044894
512	0.045268
513	0.045660
514	0.046069
515	0.046493
516	0.046932
517	0.047386
518	0.047855
519	0.048333
520	0.048816
521	0.049302
522	0.049793
523	0.050285
524	0.050773
525	0.051250
526	0.051717
527	0.052174
528	0.052620
529	0.053055
530	0.053478
531	0.053890
532	0.054287
533	0.054672
534	0.055043
535	0.055402
536	0.055747
537	0.056076
538	0.056386
539	0.056679
540	0.056962
541	0.057241
542	0.057521
543	0.057800
544	0.058081
545	0.058366
546	0.058652
547	0.058938
548	0.059220
549	0.059496
550	0.059764
551	0.060023
552	0.060272
553	0.060509
554	0.060732
555	0.060940
556	0.061128
557	0.061290
558	0.061426
559	0.061534
560	0.061617
561	0.061678
562	0.061721
563	0.061749
564	0.061766
565	0.061775
566	0.061783
567	0.061792
568	0.061804
569	0.061816
570	0.061826
571	0.061832
572	0.061840
573	0.061858
574	0.061891
575	0.061936
576	0.061988
577	0.062038
578	0.062083
579	0.062119
580	0.062148
581	0.062171
582	0.062184
583	0.062188
584	0.062187
585	0.062187
586	0.062199
587	0.062228
588	0.062271
589	0.062326
590	0.062394
591	0.062477
592	0.062578
593	0.062695
594	0.062830
595	0.062976
596	0.063125
597	0.063267
598	0.063398
599	0.063514
600	0.063609
601	0.063681
602	0.063728
603	0.063757
604	0.063776
605	0.063792
606	0.063807
607	0.063824
608	0.063842
609	0.063858
610	0.063867
611	0.063865
612	0.063855
613	0.063837
614	0.063814
615	0.063788
616	0.063762
617	0.063743
618	0.063737
619	0.063748
620	0.063775
621	0.063814
622	0.063858
623	0.063906
624	0.063958
625	0.064013
626	0.064073
627	0.064137
628	0.064202
629	0.064266
630	0.064329
631	0.064393
632	0.064458
633	0.064519
634	0.064569
635	0.064604
636	0.064622
637	0.064624
638	0.064611
639	0.064580
640	0.064529
641	0.064457
642	0.064369
643	0.064275
644	0.064183
645	0.064099
646	0.064027
647	0.063971
648	0.063933
649	0.063914
650	0.063911
651	0.063917
652	0.063923
653	0.063922
654	0.063913
655	0.063898
656	0.063877
657	0.063849
658	0.063814
659	0.063768
660	0.063712
661	0.063653
662	0.063595
663	0.063538
664	0.063481
665	0.063428
666	0.063382
667	0.063345
668	0.063323
669	0.063319
670	0.063333
671	0.063360
672	0.063401
673	0.063458
674	0.063532
675	0.063620
676	0.063719
677	0.063823
678	0.063935
679	0.064063
680	0.064216
681	0.064400
682	0.064622
683	0.064888
684	0.065199
685	0.065561
686	0.065978
687	0.066456
688	0.066995
689	0.067601
690	0.068284
691	0.069063
692	0.069950
693	0.070952
694	0.072063
695	0.073274
696	0.074582
697	0.075977
698	0.077451
699	0.078992
700	0.080590
701	0.082230
702	0.083904
703	0.085609
704	0.087345
705	0.089110
706	0.090897
707	0.092706
708	0.094538
709	0.096390
710	0.098254
711	0.100117
712	0.101967
713	0.103810
714	0.105666
715	0.107553
716	0.109483
717	0.111459
718	0.113480
719	0.115541
720	0.117634
721	0.119748
722	0.121864
723	0.123954
724	0.126001
725	0.128000
726	0.129960
727	0.131898
728	0.133826
729	0.135738
730	0.137617
731	0.139449
732	0.141226
733	0.142943
734	0.144592
735	0.146164
736	0.147656
737	0.149071
738	0.150413
739	0.151687
740	0.152894
741	0.154030
742	0.155093
743	0.156086
744	0.157006
745	0.157857
746	0.158642
747	0.159364
748	0.160028
749	0.160639
750	0.161199
751	0.161711
752	0.162184
753	0.162635
754	0.163080
755	0.163516
756	0.163925
757	0.164287
758	0.164587
759	0.164826
760	0.165014
761	0.165170
762	0.165310
763	0.165449
764	0.165604
765	0.165793
766	0.166028
767	0.166308
768	0.166614
769	0.166915
770	0.167185
771	0.167420
772	0.167630
773	0.167823
774	0.168005
775	0.168183
776	0.168359
777	0.168539
778	0.168720
779	0.168894
780	0.169055
781	0.169196
782	0.169316
783	0.169418
784	0.169511
785	0.169600
786	0.169689
787	0.169780
788	0.169877
789	0.169986
790	0.170108
791	0.170243
792	0.170381
793	0.170516
794	0.170642
795	0.170756
796	0.170859
797	0.170955
798	0.171044
799	0.171135
800	0.171236
801	0.171358
802	0.171503
803	0.171660
804	0.171817
805	0.171965
806	0.172094
807	0.172195
808	0.172257
809	0.172266
810	0.172217
811	0.172124
812	0.172017
813	0.171924
814	0.171865
815	0.171852
816	0.171884
817	0.171955
818	0.172060
819	0.172197
820	0.172361
821	0.172540
822	0.172718
823	0.172885
824	0.173042
825	0.173193
826	0.173341
827	0.173486
828	0.173623
829	0.173751
830	0.173873
831	0.173992
832	0.174111
833	0.174238
834	0.174381
835	0.174539
836	0.174704
837	0.174871
838	0.175038
839	0.175209
840	0.175386
841	0.175563
842	0.175728
843	0.175872
844	0.175994
845	0.176102
846	0.176203
847	0.176303
848	0.176401
849	0.176491
850	0.176574
851	0.176655
852	0.176742
853	0.176835
854	0.176932
855	0.177026
856	0.177113
857	0.177197
858	0.177290
859	0.177399
860	0.177520
861	0.177638
862	0.177747
863	0.177842
864	0.177923
865	0.177994
866	0.178060
867	0.178124
868	0.178189
869	0.178260
870	0.178336
871	0.178414
872	0.178491
873	0.178568
874	0.178645
875	0.178715
876	0.178778
877	0.178838
878	0.178896
879	0.178945
880	0.178995
881	0.179054
882	0.179124
883	0.179200
884	0.179268
885	0.179317
886	0.179350
887	0.179373
888	0.179391
889	0.179393
890	0.179360
891	0.179273
892	0.179131
893	0.178950
894	0.178759
895	0.178584
896	0.178431
897	0.178290
898	0.178166
899	0.178088
900	0.178084
901	0.178158
902	0.178284
903	0.178417
904	0.178524
905	0.178588
906	0.178620
907	0.178636
908	0.178643
909	0.178646
910	0.178640
911	0.178612
912	0.178561
913	0.178535
914	0.178580
915	0.178708
916	0.178896
917	0.179108
918	0.179307
919	0.179457
920	0.179538
921	0.179536
922	0.179435
923	0.179218
924	0.178880
925	0.178439
926	0.177938
927	0.177441
928	0.176999
929	0.176616
930	0.176262
931	0.175928
932	0.175614
933	0.175318
934	0.175041
935	0.174782
936	0.174542
937	0.174319
938	0.174113
939	0.173924
940	0.173753
941	0.173597
942	0.173458
943	0.173334
944	0.173226
945	0.173133
946	0.173054
947	0.172991
948	0.172941
949	0.172905
950	0.172883
951	0.172874
952	0.172877
953	0.172894
954	0.172922
955	0.172962
956	0.173014
957	0.173078
958	0.173152
959	0.173237
960	0.173332
961	0.173437
962	0.173552
963	0.173676
964	0.173809
965	0.173951
966	0.174101
967	0.174259
968	0.174425
969	0.174598
970	0.174779
971	0.174966
972	0.175160
973	0.175360
974	0.175565
975	0.175776
976	0.175993
977	0.176214
978	0.176439
979	0.176669
980	0.176903
981	0.177140
982	0.177378
983	0.177611
984	0.177842
985	0.178080
986	0.178337
987	0.178619
988	0.178928
989	0.179265
990	0.179624
991	0.180001
992	0.180390
993	0.180785
994	0.181177
995	0.181558
996	0.181923
997	0.182274
998	0.182616
999	0.182958
1000	0.183304
1001	0.183650
1002	0.183995
1003	0.184336
1004	0.184675
1005	0.185010
1006	0.185342
1007	0.185670
1008	0.185993
1009	0.186311
1010	0.186625
1011	0.186933
1012	0.187236
1013	0.187534
1014	0.187825
1015	0.188110
1016	0.188389
1017	0.188661
1018	0.188927
1019	0.189186
1020	0.189438
1021	0.189684
1022	0.189922
1023	0.190153
1024	0.190377
1025	0.190593
1026	0.190803
1027	0.191005
1028	0.191200
1029	0.191388
1030	0.191569
1031	0.191742
1032	0.191904
1033	0.192060
1034	0.192214
1035	0.192370
1036	0.192528
1037	0.192685
1038	0.192835
1039	0.192973
1040	0.193098
1041	0.193208
1042	0.193301
1043	0.193377
1044	0.193439
1045	0.193491
1046	0.193537
1047	0.193587
1048	0.193645
1049	0.193713
1050	0.193786
1051	0.193863
1052	0.193944
1053	0.194027
1054	0.194113
1055	0.194201
1056	0.194292
1057	0.194384
1058	0.194478
1059	0.194573
1060	0.194669
1061	0.194766
1062	0.194863
1063	0.194960
1064	0.195056
1065	0.195152
1066	0.195247
1067	0.195341
1068	0.195433
1069	0.195524
1070	0.195612
1071	0.195698
1072	0.195781
1073	0.195861
1074	0.195938
1075	0.196011
1076	0.196080
1077	0.196145
1078	0.196205
1079	0.196261
1080	0.196311
1081	0.196356
1082	0.196396
1083	0.196429
1084	0.196455
1085	0.196476
1086	0.196489
1087	0.196495
1088	0.196493
1089	0.196483
1090	0.196466
1091	0.196440
1092	0.196409
1093	0.196380
1094	0.196351
1095	0.196306
1096	0.196225
1097	0.196094
1098	0.195906
1099	0.195659
1100	0.195362
1101	0.195029
1102	0.194676
1103	0.194328
1104	0.194009
1105	0.193739
1106	0.193522
1107	0.193337
1108	0.193145
1109	0.192902
1110	0.192569
1111	0.192133
1112	0.191594
1113	0.190951
1114	0.190208
1115	0.189390
1116	0.188545
1117	0.187713
1118	0.186934
1119	0.186231
1120	0.185603
1121	0.185036
1122	0.184539
1123	0.184140
1124	0.183886
1125	0.183815
1126	0.183911
1127	0.184120
1128	0.184385
1129	0.184671
1130	0.184972
1131	0.185283
1132	0.185564
1133	0.185757
1134	0.185812
1135	0.185704
1136	0.185457
1137	0.185126
1138	0.184746
1139	0.184295
1140	0.183726
1141	0.183020
1142	0.182223
1143	0.181429
1144	0.180722
1145	0.180129
1146	0.179635
1147	0.179200
1148	0.178806
1149	0.178471
1150	0.178222
1151	0.178057
1152	0.177954
1153	0.177883
1154	0.177834
1155	0.177828
1156	0.177908
1157	0.178096
1158	0.178373
1159	0.178700
1160	0.179030
1161	0.179329
1162	0.179590
1163	0.179816
1164	0.180009
1165	0.180162
1166	0.180274
1167	0.180360
1168	0.180446
1169	0.180554
1170	0.180699
1171	0.180872
1172	0.181042
1173	0.181178
1174	0.181259
1175	0.181287
1176	0.181272
1177	0.181221
1178	0.181139
1179	0.181030
1180	0.180907
1181	0.180792
1182	0.180707
1183	0.180672
1184	0.180689
1185	0.180752
1186	0.180850
1187	0.180976
1188	0.181126
1189	0.181288
1190	0.181443
1191	0.181566
1192	0.181640
1193	0.181662
1194	0.181646
1195	0.181614
1196	0.181586
1197	0.181579
1198	0.181601
1199	0.181653
1200	0.181734
1201	0.181836
1202	0.181948
1203	0.182059
1204	0.182163
1205	0.182261
1206	0.182363
1207	0.182478
1208	0.182611
1209	0.182758
1210	0.182910
1211	0.183064
1212	0.183216
1213	0.183370
1214	0.183531
1215	0.183700
1216	0.183881
1217	0.184075
1218	0.184288
1219	0.184526
1220	0.184784
1221	0.185054
1222	0.185325
1223	0.185590
1224	0.185845
1225	0.186089
1226	0.186324
1227	0.186551
1228	0.186770
1229	0.186986
1230	0.187198
1231	0.187400
1232	0.187588
1233	0.187761
1234	0.187917
1235	0.188060
1236	0.188198
1237	0.188334
1238	0.188470
1239	0.188603
1240	0.188735
1241	0.188870
1242	0.189008
1243	0.189146
1244	0.189278
1245	0.189393
1246	0.189489
1247	0.189572
1248	0.189647
1249	0.189719
1250	0.189789
1251	0.189862
1252	0.189943
1253	0.190038
1254	0.190152
1255	0.190284
1256	0.190424
1257	0.190560
1258	0.190679
1259	0.190764
1260	0.190811
1261	0.190819
1262	0.190800
1263	0.190768
1264	0.190742
1265	0.190736
1266	0.190756
1267	0.190805
1268	0.190882
1269	0.190982
1270	0.191097
1271	0.191211
1272	0.191307
1273	0.191374
1274	0.191413
1275	0.191432
1276	0.191442
1277	0.191451
1278	0.191463
1279	0.191482
1280	0.191512
1281	0.191553
1282	0.191603
1283	0.191648
1284	0.191673
1285	0.191663
1286	0.191608
1287	0.191505
1288	0.191358
1289	0.191171
1290	0.190954
1291	0.190722
1292	0.190496
1293	0.190288
1294	0.190107
1295	0.189948
1296	0.189799
1297	0.189644
1298	0.189471
1299	0.189274
1300	0.189047
1301	0.188789
1302	0.188506
1303	0.188203
1304	0.187888
1305	0.187566
1306	0.187236
1307	0.186902
1308	0.186564
1309	0.186221
1310	0.185870
1311	0.185509
1312	0.185136
1313	0.184751
1314	0.184358
1315	0.183957
1316	0.183549
1317	0.183132
1318	0.182700
1319	0.182250
1320	0.181779
1321	0.181291
1322	0.180790
1323	0.180276
1324	0.179748
1325	0.179208
1326	0.178655
1327	0.178089
1328	0.177511
1329	0.176922
1330	0.176321
1331	0.175710
1332	0.175088
1333	0.174455
1334	0.173813
1335	0.173162
1336	0.172501
1337	0.171832
1338	0.171155
1339	0.170469
1340	0.169776
1341	0.169076
1342	0.168368
1343	0.167655
1344	0.166935
1345	0.166209
1346	0.165478
1347	0.164742
1348	0.164001
1349	0.163256
1350	0.162507
1351	0.161754
1352	0.160998
1353	0.160239
1354	0.159478
1355	0.158715
1356	0.157950
1357	0.157183
1358	0.156416
1359	0.155647
1360	0.154879
1361	0.154110
1362	0.153343
1363	0.152575
1364	0.151809
1365	0.151045
1366	0.150282
1367	0.149522
1368	0.148765
1369	0.148013
1370	0.147264
1371	0.146519
1372	0.145777
1373	0.145035
1374	0.144294
1375	0.143552
1376	0.142809
1377	0.142063
1378	0.141316
1379	0.140566
1380	0.139815
1381	0.139064
1382	0.138313
1383	0.137563
1384	0.136812
1385	0.136062
1386	0.135312
1387	0.134562
1388	0.133812
1389	0.133062
1390	0.132312
1391	0.131551
1392	0.130764
1393	0.129974
1394	0.129227
1395	0.128553
1396	0.127952
1397	0.127399
1398	0.126854
1399	0.126280
1400	0.125645
1401	0.124932
1402	0.124124
1403	0.123213
1404	0.122201
1405	0.121111
1406	0.119989
1407	0.118893
1408	0.117871
1409	0.116935
1410	0.116057
1411	0.115221
1412	0.114429
1413	0.113677
1414	0.112967
1415	0.112296
1416	0.111664
1417	0.111070
1418	0.110514
1419	0.109995
1420	0.109511
1421	0.109062
1422	0.108647
1423	0.108265
1424	0.107916
1425	0.107598
1426	0.107312
1427	0.107055
1428	0.106827
1429	0.106627
1430	0.106456
1431	0.106310
1432	0.106191
1433	0.106096
1434	0.106026
1435	0.105979
1436	0.105955
1437	0.105952
1438	0.105970
1439	0.106008
1440	0.106066
1441	0.106141
1442	0.106235
1443	0.106345
1444	0.106471
1445	0.106612
1446	0.106767
1447	0.106936
1448	0.107118
1449	0.107311
1450	0.107515
1451	0.107730
1452	0.107961
1453	0.108224
1454	0.108509
1455	0.108786
1456	0.109027
1457	0.109206
1458	0.109311
1459	0.109335
1460	0.109282
1461	0.109164
1462	0.108992
1463	0.108772
1464	0.108502
1465	0.108192
1466	0.107868
1467	0.107572
1468	0.107352
1469	0.107245
1470	0.107277
1471	0.107462
1472	0.107787
1473	0.108225
1474	0.108734
1475	0.109271
1476	0.109784
1477	0.110221
1478	0.110551
1479	0.110787
1480	0.110983
1481	0.111203
1482	0.111491
1483	0.111862
1484	0.112301
1485	0.112778
1486	0.113263
1487	0.113738
1488	0.114197
1489	0.114635
1490	0.115060
1491	0.115489
1492	0.115936
1493	0.116418
1494	0.116944
1495	0.117507
1496	0.118088
1497	0.118654
1498	0.119176
1499	0.119639
1500	0.120035
1501	0.120376
1502	0.120681
1503	0.120969
1504	0.121253
1505	0.121546
1506	0.121859
1507	0.122200
1508	0.122572
1509	0.122975
1510	0.123403
1511	0.123843
1512	0.124283
1513	0.124716
1514	0.125141
1515	0.125556
1516	0.125968
1517	0.126377
1518	0.126783
1519	0.127184
1520	0.127583
1521	0.127977
1522	0.128359
1523	0.128723
1524	0.129064
1525	0.129384
1526	0.129689
1527	0.129993
1528	0.130314
1529	0.130662
1530	0.131037
1531	0.131429
1532	0.131823
1533	0.132202
1534	0.132557
1535	0.132881
1536	0.133166
1537	0.133414
1538	0.133633
1539	0.133839
1540	0.134052
1541	0.134289
1542	0.134561
1543	0.134869
1544	0.135207
1545	0.135571
1546	0.135959
1547	0.136363
1548	0.136772
1549	0.137173
1550	0.137556
1551	0.137914
1552	0.138250
1553	0.138576
1554	0.138900
1555	0.139222
1556	0.139542
1557	0.139859
1558	0.140169
1559	0.140465
1560	0.140740
1561	0.140990
1562	0.141222
1563	0.141449
1564	0.141680
1565	0.141918
1566	0.142159
1567	0.142400
1568	0.142641
1569	0.142880
1570	0.143123
1571	0.143373
1572	0.143625
1573	0.143877
1574	0.144131
1575	0.144390
1576	0.144657
1577	0.144935
1578	0.145222
1579	0.145511
1580	0.145800
1581	0.146085
1582	0.146363
1583	0.146629
1584	0.146888
1585	0.147149
1586	0.147416
1587	0.147695
1588	0.147990
1589	0.148303
1590	0.148634
1591	0.148981
1592	0.149326
1593	0.149644
1594	0.149912
1595	0.150118
1596	0.150273
1597	0.150397
1598	0.150512
1599	0.150638
1600	0.150783
1601	0.150952
1602	0.151149
1603	0.151366
1604	0.151587
1605	0.151789
1606	0.151955
1607	0.152086
1608	0.152204
1609	0.152333
1610	0.152496
1611	0.152695
1612	0.152920
1613	0.153160
1614	0.153407
1615	0.153656
1616	0.153902
1617	0.154137
1618	0.154355
1619	0.154558
1620	0.154759
1621	0.154974
1622	0.155208
1623	0.155459
1624	0.155717
1625	0.155968
1626	0.156205
1627	0.156421
1628	0.156611
1629	0.156767
1630	0.156883
1631	0.156959
1632	0.157007
1633	0.157045
1634	0.157096
1635	0.157177
1636	0.157295
1637	0.157451
1638	0.157638
1639	0.157848
1640	0.158070
1641	0.158296
1642	0.158517
1643	0.158727
1644	0.158929
1645	0.159123
1646	0.159305
1647	0.159473
1648	0.159618
1649	0.159734
1650	0.159818
1651	0.159873
1652	0.159906
1653	0.159929
1654	0.159955
1655	0.159991
1656	0.160045
1657	0.160119
1658	0.160206
1659	0.160299
1660	0.160381
1661	0.160441
1662	0.160473
1663	0.160483
1664	0.160485
1665	0.160495
1666	0.160520
1667	0.160557
1668	0.160597
1669	0.160626
1670	0.160639
1671	0.160633
1672	0.160609
1673	0.160566
1674	0.160514
1675	0.160461
1676	0.160418
1677	0.160396
1678	0.160405
1679	0.160443
1680	0.160508
1681	0.160591
1682	0.160672
1683	0.160733
1684	0.160760
1685	0.160753
1686	0.160717
1687	0.160659
1688	0.160584
1689	0.160497
1690	0.160399
1691	0.160293
1692	0.160187
1693	0.160087
1694	0.159988
1695	0.159878
1696	0.159741
1697	0.159566
1698	0.159361
1699	0.159146
1700	0.158945
1701	0.158772
1702	0.158642
1703	0.158565
1704	0.158546
1705	0.158573
1706	0.158614
1707	0.158638
1708	0.158611
1709	0.158516
1710	0.158355
1711	0.158145
1712	0.157913
1713	0.157685
1714	0.157490
1715	0.157356
1716	0.157295
1717	0.157297
1718	0.157332
1719	0.157355
1720	0.157322
1721	0.157218
1722	0.157055
1723	0.156858
1724	0.156654
1725	0.156464
1726	0.156302
1727	0.156178
1728	0.156105
1729	0.156088
1730	0.156116
1731	0.156165
1732	0.156204
1733	0.156209
1734	0.156169
1735	0.156089
1736	0.155985
1737	0.155879
1738	0.155776
1739	0.155669
1740	0.155539
1741	0.155369
1742	0.155152
1743	0.154889
1744	0.154587
1745	0.154267
1746	0.153962
1747	0.153714
1748	0.153561
1749	0.153514
1750	0.153552
1751	0.153629
1752	0.153690
1753	0.153679
1754	0.153557
1755	0.153305
1756	0.152935
1757	0.152476
1758	0.151978
1759	0.151504
1760	0.151110
1761	0.150829
1762	0.150660
1763	0.150564
1764	0.150480
1765	0.150375
1766	0.150247
1767	0.150096
1768	0.149912
1769	0.149688
1770	0.149414
1771	0.149093
1772	0.148746
1773	0.148400
1774	0.148069
1775	0.147757
1776	0.147458
1777	0.147166
1778	0.146881
1779	0.146613
1780	0.146375
1781	0.146162
1782	0.145952
1783	0.145733
1784	0.145510
1785	0.145289
1786	0.145076
1787	0.144872
1788	0.144671
1789	0.144465
1790	0.144257
1791	0.144049
1792	0.143841
1793	0.143633
1794	0.143425
1795	0.143218
1796	0.143010
1797	0.142802
1798	0.142594
1799	0.142386
1800	0.142178
1801	0.141970
1802	0.141762
1803	0.141554
1804	0.141346
1805	0.141138
1806	0.140930
1807	0.140722
1808	0.140514
1809	0.140307
1810	0.140099
1811	0.139891
1812	0.139683
1813	0.139475
1814	0.139267
1815	0.139059
1816	0.138851
1817	0.138643
1818	0.138435
1819	0.138227
1820	0.138019
1821	0.137811
1822	0.137604
1823	0.137396
1824	0.137188
1825	0.136980
1826	0.136772
1827	0.136564
1828	0.136356
1829	0.136148
1830	0.135940
1831	0.135732
1832	0.135524
1833	0.135316
1834	0.135108
1835	0.134900
1836	0.134693
1837	0.134485
1838	0.134277
1839	0.134069
1840	0.133861
1841	0.133653
1842	0.133445
1843	0.133237
1844	0.133029
1845	0.132821
1846	0.132613
1847	0.132405
1848	0.132197
1849	0.131990
1850	0.131782
1851	0.131574
1852	0.131366
1853	0.131158
1854	0.130950
1855	0.130742
1856	0.130534
1857	0.130326
1858	0.130118
1859	0.129910
1860	0.129702
1861	0.129494
1862	0.129286
1863	0.129079
1864	0.128871
1865	0.128663
1866	0.128455
1867	0.128247
1868	0.128039
1869	0.127831
1870	0.127623
1871	0.127415
1872	0.127207
1873	0.126999
1874	0.126791
1875	0.126583
1876	0.126376
1877	0.126168
1878	0.125960
1879	0.125752
1880	0.125544
1881	0.125336
1882	0.125128
1883	0.124920
1884	0.124712
1885	0.124504
1886	0.124296
1887	0.124088
1888	0.123880
1889	0.123672
1890	0.123465
1891	0.123257
1892	0.123049
1893	0.122841
1894	0.122633
1895	0.122425
1896	0.122217
1897	0.122009
1898	0.121801
1899	0.121593
1900	0.121385
1901	0.121177
1902	0.120969
1903	0.120762
1904	0.120554
1905	0.120346
1906	0.120138
1907	0.119930
1908	0.119722
1909	0.119514
1910	0.119306
1911	0.119098
1912	0.118890
1913	0.118682
1914	0.118474
1915	0.118266
1916	0.118058
1917	0.117851
1918	0.117643
1919	0.117435
1920	0.117227
1921	0.117019
1922	0.116811
1923	0.116603
1924	0.116395
1925	0.116187
1926	0.115979
1927	0.115771
1928	0.115563
1929	0.115355
1930	0.115148
1931	0.114940
1932	0.114732
1933	0.114524
1934	0.114316
1935	0.114108
1936	0.113900
1937	0.113692
1938	0.113484
1939	0.113276
1940	0.113068
1941	0.112858
1942	0.112643
1943	0.112426
1944	0.112216
1945	0.112020
1946	0.111840
1947	0.111673
1948	0.111515
1949	0.111357
1950	0.111194
1951	0.111019
1952	0.110828
1953	0.110615
1954	0.110378
1955	0.110117
1956	0.109838
1957	0.109550
1958	0.109265
1959	0.108985
1960	0.108708
1961	0.108434
1962	0.108164
1963	0.107898
1964	0.107639
1965	0.107386
1966	0.107142
1967	0.106907
1968	0.106684
1969	0.106472
1970	0.106273
1971	0.106088
1972	0.105919
1973	0.105767
1974	0.105633
1975	0.105518
1976	0.105423
1977	0.105349
1978	0.105298
1979	0.105271
1980	0.105270
1981	0.105294
1982	0.105346
1983	0.105426
1984	0.105536
1985	0.105678
1986	0.105851
1987	0.106058
1988	0.106300
1989	0.106577
1990	0.106891
1991	0.107244
1992	0.107636
1993	0.108068
1994	0.108543
1995	0.109060
1996	0.109621
1997	0.110228
1998	0.110881
1999	0.111582
2000	0.112332
2001	0.113132
2002	0.114024
2003	0.115095
2004	0.116298
2005	0.117456
2006	0.118371
2007	0.118947
2008	0.119206
2009	0.119229
2010	0.119096
2011	0.118844
2012	0.118474
2013	0.118016
2014	0.117546
2015	0.117161
2016	0.116941
2017	0.116898
2018	0.116955
2019	0.116997
2020	0.116996
2021	0.117058
2022	0.117235
2023	0.117478
2024	0.117690
2025	0.117792
2026	0.117773
2027	0.117682
2028	0.117609
2029	0.117636
2030	0.117807
2031	0.118115
2032	0.118505
2033	0.118891
2034	0.119195
2035	0.119367
2036	0.119383
2037	0.119259
2038	0.119044
2039	0.118807
2040	0.118615
2041	0.118507
2042	0.118497
2043	0.118569
2044	0.118714
2045	0.118933
2046	0.119222
2047	0.119574
2048	0.119995
2049	0.120498
2050	0.121103
2051	0.121817
2052	0.122582
2053	0.123289
2054	0.123839
2055	0.124186
2056	0.124343
2057	0.124358
2058	0.124292
2059	0.124188
2060	0.124071
2061	0.123966
2062	0.123910
2063	0.123947
2064	0.124082
2065	0.124284
2066	0.124502
2067	0.124693
2068	0.124847
2069	0.124995
2070	0.125160
2071	0.125334
2072	0.125514
2073	0.125699
2074	0.125889
2075	0.126083
2076	0.126281
2077	0.126483
2078	0.126689
2079	0.126899
2080	0.127111
2081	0.127326
2082	0.127544
2083	0.127765
2084	0.127987
2085	0.128211
2086	0.128437
2087	0.128664
2088	0.128893
2089	0.129122
2090	0.129352
2091	0.129583
2092	0.129813
2093	0.130044
2094	0.130274
2095	0.130504
2096	0.130734
2097	0.130962
2098	0.131190
2099	0.131416
2100	0.131641
2101	0.131864
2102	0.132086
2103	0.132305
2104	0.132522
2105	0.132736
2106	0.132948
2107	0.133158
2108	0.133364
2109	0.133567
2110	0.133767
2111	0.133964
2112	0.134156
2113	0.134345
2114	0.134530
2115	0.134711
2116	0.134888
2117	0.135061
2118	0.135228
2119	0.135391
2120	0.135550
2121	0.135703
2122	0.135851
2123	0.135994
2124	0.136132
2125	0.136264
2126	0.136391
2127	0.136512
2128	0.136627
2129	0.136736
2130	0.136839
2131	0.136936
2132	0.137027
2133	0.137111
2134	0.137189
2135	0.137261
2136	0.137326
2137	0.137384
2138	0.137435
2139	0.137479
2140	0.137517
2141	0.137547
2142	0.137570
2143	0.137586
2144	0.137595
2145	0.137597
2146	0.137591
2147	0.137578
2148	0.137557
2149	0.137529
2150	0.137493
2151	0.137450
2152	0.137388
2153	0.137287
2154	0.137160
2155	0.137047
2156	0.136994
2157	0.137031
2158	0.137169
2159	0.137398
2160	0.137700
2161	0.138051
2162	0.138427
2163	0.138797
2164	0.139125
2165	0.139378
2166	0.139538
2167	0.139610
2168	0.139625
2169	0.139622
2170	0.139622
2171	0.139612
2172	0.139586
2173	0.139545
2174	0.139489
2175	0.139420
2176	0.139340
2177	0.139250
2178	0.139150
2179	0.139043
2180	0.138928
2181	0.138808
2182	0.138682
2183	0.138553
2184	0.138420
2185	0.138286
2186	0.138151
2187	0.138015
2188	0.137879
2189	0.137745
2190	0.137613
2191	0.137484
2192	0.137358
2193	0.137236
2194	0.137118
2195	0.137006
2196	0.136899
2197	0.136799
2198	0.136705
2199	0.136618
2200	0.136538
2201	0.136466
2202	0.136403
2203	0.136347
2204	0.136301
2205	0.136263
2206	0.136233
2207	0.136213
2208	0.136203
2209	0.136201
2210	0.136208
2211	0.136225
2212	0.136251
2213	0.136286
2214	0.136330
2215	0.136383
2216	0.136444
2217	0.136514
2218	0.136592
2219	0.136678
2220	0.136771
2221	0.136872
2222	0.136979
2223	0.137092
2224	0.137212
2225	0.137336
2226	0.137465
2227	0.137599
2228	0.137736
2229	0.137876
2230	0.138018
2231	0.138161
2232	0.138306
2233	0.138450
2234	0.138593
2235	0.138734
2236	0.138873
2237	0.139008
2238	0.139139
2239	0.139264
2240	0.139382
2241	0.139492
2242	0.139594
2243	0.139685
2244	0.139765
2245	0.139833
2246	0.139887
2247	0.139926
2248	0.139949
2249	0.139954
2250	0.139940
2251	0.139905
2252	0.139837
2253	0.139712
2254	0.139547
2255	0.139386
2256	0.139269
2257	0.139216
2258	0.139224
2259	0.139277
2260	0.139352
2261	0.139432
2262	0.139501
2263	0.139544
2264	0.139540
2265	0.139475
2266	0.139350
2267	0.139189
2268	0.139034
2269	0.138926
2270	0.138881
2271	0.138872
2272	0.138884
2273	0.138917
2274	0.138966
2275	0.139030
2276	0.139106
2277	0.139192
2278	0.139286
2279	0.139386
2280	0.139490
2281	0.139596
2282	0.139703
2283	0.139809
2284	0.139912
2285	0.140011
2286	0.140104
2287	0.140191
2288	0.140270
2289	0.140340
2290	0.140401
2291	0.140450
2292	0.140488
2293	0.140514
2294	0.140528
2295	0.140527
2296	0.140514
2297	0.140486
2298	0.140444
2299	0.140388
2300	0.140318
2301	0.140233
2302	0.140135
2303	0.140023
2304	0.139897
2305	0.139758
2306	0.139607
2307	0.139444
2308	0.139270
2309	0.139086
2310	0.138893
2311	0.138691
2312	0.138482
2313	0.138268
2314	0.138048
2315	0.137826
2316	0.137602
2317	0.137377
2318	0.137154
2319	0.136935
2320	0.136721
2321	0.136514
2322	0.136316
2323	0.136129
2324	0.135957
2325	0.135800
2326	0.135661
2327	0.135544
2328	0.135450
2329	0.135383
2330	0.135344
2331	0.135338
2332	0.135367
2333	0.135434
2334	0.135542
2335	0.135695
2336	0.135896
2337	0.136148
2338	0.136456
2339	0.136822
2340	0.137251
2341	0.137746
2342	0.138312
2343	0.138952
2344	0.139671
2345	0.140472
2346	0.141360
2347	0.142340
2348	0.143416
2349	0.144593
2350	0.145875
2351	0.147267
2352	0.148788
2353	0.150472
2354	0.152315
2355	0.154271
2356	0.156286
2357	0.158313
2358	0.160325
2359	0.162313
2360	0.164283
2361	0.166245
2362	0.168213
2363	0.170212
2364	0.172280
2365	0.174457
2366	0.176770
2367	0.179223
2368	0.181788
2369	0.184422
2370	0.187099
2371	0.189835
2372	0.192641
2373	0.195515
2374	0.198459
2375	0.201473
2376	0.204555
2377	0.207706
2378	0.210927
2379	0.214217
2380	0.217576
2381	0.221005
2382	0.224503
2383	0.228069
2384	0.231705
2385	0.235411
2386	0.239185
2387	0.243029
2388	0.246942
2389	0.250924
2390	0.254975
2391	0.259096
2392	0.263286
2393	0.267545
2394	0.271873
2395	0.276270
2396	0.280737
2397	0.285272
2398	0.289877
2399	0.294552
2400	0.299295
2401	0.304108
2402	0.308990
2403	0.313941
2404	0.318961
2405	0.324051
2406	0.329209
2407	0.334437
2408	0.339734
2409	0.345101
2410	0.350536
2411	0.356041
2412	0.361615
2413	0.367258
2414	0.372971
2415	0.378752
2416	0.384603
2417	0.390523
2418	0.396512
2419	0.402571
2420	0.408698
2421	0.414895
2422	0.421161
2423	0.427497
2424	0.433901
2425	0.440375
2426	0.446918
2427	0.453530
2428	0.460211
2429	0.466962
2430	0.473782
2431	0.480671
2432	0.487629
2433	0.494656
2434	0.501753
2435	0.508919
2436	0.516154
2437	0.523458
2438	0.530832
2439	0.538274
2440	0.545786
2441	0.553367
2442	0.561018
2443	0.568737
2444	0.576526
2445	0.584384
2446	0.592311
2447	0.600308
2448	0.608373
2449	0.616508
2450	0.624712
2451	0.632985
2452	0.641328
2453	0.649739
2454	0.658220
2455	0.666770
2456	0.675390
2457	0.684078
2458	0.692836
2459	0.701663
2460	0.710559
2461	0.719524
2462	0.728559
2463	0.737663
2464	0.746836
2465	0.756078
2466	0.765389
2467	0.774770
2468	0.784220
2469	0.793739
2470	0.803327
2471	0.812984
2472	0.822711
2473	0.832507
2474	0.842372
2475	0.852306
2476	0.862310
2477	0.872383
2478	0.882525
2479	0.892736
2480	0.903016
2481	0.913366
2482	0.923784
2483	0.934272
2484	0.944830
2485	0.955456
2486	0.966152
2487	0.976917
2488	0.987751
2489	0.998654
2490	1.009626
2491	1.020668
2492	1.031779
2493	1.042959
2494	1.054208
2495	1.065527
2496	1.076915
2497	1.088372
2498	1.099898
2499	1.111493
2500	1.123158
