350	0.024864
351	0.024986
352	0.025102
353	0.025214
354	0.025322
355	0.025427
356	0.025531
357	0.025634
358	0.025735
359	0.025828
360	0.025908
361	0.026033
362	0.026178
363	0.026334
364	0.026494
365	0.026647
366	0.026774
367	0.026867
368	0.026937
369	0.026996
370	0.027060
371	0.027151
372	0.027283
373	0.027454
374	0.027654
375	0.027866
376	0.028077
377	0.028279
378	0.028463
379	0.028622
380	0.028758
381	0.028883
382	0.029009
383	0.029149
384	0.029309
385	0.029496
386	0.029709
387	0.029932
388	0.030153
389	0.030378
390	0.030610
391	0.030835
392	0.031045
393	0.031244
394	0.031449
395	0.031669
396	0.031906
397	0.032153
398	0.032399
399	0.032632
400	0.032848
401	0.033046
402	0.033229
403	0.033400
404	0.033560
405	0.033713
406	0.033869
407	0.034042
408	0.034241
409	0.034464
410	0.034698
411	0.034934
412	0.035166
413	0.035390
414	0.035608
415	0.035826
416	0.036045
417	0.036261
418	0.036473
419	0.036685
420	0.036903
421	0.037131
422	0.037366
423	0.037603
424	0.037835
425	0.038060
426	0.038279
427	0.038503
428	0.038739
429	0.038995
430	0.039265
431	0.039544
432	0.039824
433	0.040101
434	0.040371
435	0.040635
436	0.040888
437	0.041131
438	0.041365
439	0.041594
440	0.041822
441	0.042056
442	0.042299
443	0.042549
444	0.042800
445	0.043048
446	0.043290
447	0.043526
448	0.043756
449	0.043981
450	0.044205
451	0.044423
452	0.044633
453	0.044833
454	0.045028
455	0.045217
456	0.045399
457	0.045573
458	0.045741
459	0.045904
460	0.046060
461	0.046209
462	0.046350
463	0.046484
464	0.046616
465	0.046744
466	0.046871
467	0.046998
468	0.047127
469	0.047256
470	0.047384
471	0.047514
472	0.047648
473	0.047787
474	0.047928
475	0.048071
476	0.048216
477	0.048367
478	0.048522
479	0.048677
480	0.048827
481	0.048972
482	0.049118
483	0.049272
484	0.049436
485	0.049611
486	0.049799
487	0.049998
488	0.050206
489	0.050422
490	0.050643
491	0.050864
492	0.051079
493	0.051289
494	0.051495
495	0.051705
496	0.051928
497	0.052165
498	0.052416
499	0.052680
500	0.052960
501	0.053256
502	0.053567
503	0.053889
504	0.054222
505	0.054566
506	0.054919
507	0.055283
508	0.055657
509	0.056042
510	0.056440
511	0.056852
512	0.057280
513	0.057725
514	0.058192
515	0.058678
516	0.059178
517	0.059691
518	0.060218
519	0.060755
520	0.061295
521	0.061832
522	0.062366
523	0.062899
524	0.063432
525	0.063964
526	0.064491
527	0.065009
528	0.065516
529	0.066014
530	0.066501
531	0.066975
532	0.067436
533	0.067881
534	0.068305
535	0.068710
536	0.069101
537	0.069481
538	0.069849
539	0.070201
540	0.070541
541	0.070874
542	0.071209
543	0.071549
544	0.071894
545	0.072239
546	0.072584
547	0.072930
548	0.073279
549	0.073632
550	0.073990
551	0.074351
552	0.074712
553	0.075071
554	0.075425
555	0.075773
556	0.076107
557	0.076415
558	0.076683
559	0.076901
560	0.077068
561	0.077192
562	0.077283
563	0.077353
564	0.077409
565	0.077461
566	0.077516
567	0.077586
568	0.077678
569	0.077793
570	0.077925
571	0.078066
572	0.078210
573	0.078355
574	0.078502
575	0.078651
576	0.078800
577	0.078943
578	0.079074
579	0.079188
580	0.079285
581	0.079368
582	0.079434
583	0.079485
584	0.079524
585	0.079561
586	0.079607
587	0.079669
588	0.079750
589	0.079850
590	0.079971
591	0.080118
592	0.080292
593	0.080492
594	0.080714
595	0.080950
596	0.081191
597	0.081430
598	0.081662
599	0.081880
600	0.082072
601	0.082233
602	0.082359
603	0.082453
604	0.082521
605	0.082574
606	0.082621
607	0.082665
608	0.082708
609	0.082749
610	0.082786
611	0.082821
612	0.082853
613	0.082884
614	0.082915
615	0.082945
616	0.082974
617	0.083007
618	0.083047
619	0.083100
620	0.083169
621	0.083255
622	0.083351
623	0.083458
624	0.083573
625	0.083694
626	0.083816
627	0.083936
628	0.084054
629	0.084168
630	0.084278
631	0.084385
632	0.084490
633	0.084593
634	0.084688
635	0.084771
636	0.084839
637	0.084888
638	0.084916
639	0.084922
640	0.084908
641	0.084880
642	0.084842
643	0.084798
644	0.084752
645	0.084710
646	0.084677
647	0.084656
648	0.084647
649	0.084646
650	0.084652
651	0.084666
652	0.084688
653	0.084717
654	0.084753
655	0.084792
656	0.084826
657	0.084849
658	0.084861
659	0.084864
660	0.084856
661	0.084838
662	0.084808
663	0.084772
664	0.084737
665	0.084716
666	0.084715
667	0.084734
668	0.084770
669	0.084821
670	0.084883
671	0.084956
672	0.085041
673	0.085138
674	0.085242
675	0.085352
676	0.085467
677	0.085591
678	0.085731
679	0.085894
680	0.086082
681	0.086297
682	0.086544
683	0.086829
684	0.087163
685	0.087552
686	0.087998
687	0.088502
688	0.089066
689	0.089696
690	0.090403
691	0.091193
692	0.092071
693	0.093035
694	0.094079
695	0.095201
696	0.096403
697	0.097685
698	0.099037
699	0.100445
700	0.101896
701	0.103380
702	0.104890
703	0.106423
704	0.107973
705	0.109536
706	0.111112
707	0.112704
708	0.114319
709	0.115957
710	0.117610
711	0.119261
712	0.120892
713	0.122504
714	0.124115
715	0.125751
716	0.127429
717	0.129152
718	0.130918
719	0.132721
720	0.134555
721	0.136407
722	0.138258
723	0.140084
724	0.141863
725	0.143588
726	0.145269
727	0.146927
728	0.148576
729	0.150213
730	0.151819
731	0.153375
732	0.154873
733	0.156314
734	0.157694
735	0.159011
736	0.160264
737	0.161459
738	0.162599
739	0.163689
740	0.164723
741	0.165696
742	0.166602
743	0.167437
744	0.168202
745	0.168908
746	0.169566
747	0.170183
748	0.170760
749	0.171298
750	0.171802
751	0.172285
752	0.172752
753	0.173190
754	0.173577
755	0.173908
756	0.174192
757	0.174439
758	0.174659
759	0.174864
760	0.175065
761	0.175269
762	0.175485
763	0.175718
764	0.175975
765	0.176252
766	0.176539
767	0.176813
768	0.177061
769	0.177288
770	0.177505
771	0.177713
772	0.177904
773	0.178084
774	0.178261
775	0.178440
776	0.178621
777	0.178804
778	0.178986
779	0.179165
780	0.179338
781	0.179501
782	0.179650
783	0.179784
784	0.179904
785	0.180010
786	0.180110
787	0.180214
788	0.180329
789	0.180454
790	0.180586
791	0.180724
792	0.180868
793	0.181018
794	0.181168
795	0.181314
796	0.181450
797	0.181572
798	0.181690
799	0.181811
800	0.181944
801	0.182088
802	0.182238
803	0.182388
804	0.182539
805	0.182694
806	0.182846
807	0.182979
808	0.183072
809	0.183113
810	0.183100
811	0.183042
812	0.182957
813	0.182878
814	0.182832
815	0.182829
816	0.182865
817	0.182941
818	0.183066
819	0.183243
820	0.183462
821	0.183696
822	0.183920
823	0.184113
824	0.184269
825	0.184398
826	0.184514
827	0.184629
828	0.184746
829	0.184857
830	0.184960
831	0.185069
832	0.185201
833	0.185362
834	0.185540
835	0.185723
836	0.185899
837	0.186065
838	0.186223
839	0.186379
840	0.186538
841	0.186701
842	0.186863
843	0.187015
844	0.187154
845	0.187290
846	0.187423
847	0.187543
848	0.187643
849	0.187724
850	0.187794
851	0.187861
852	0.187933
853	0.188014
854	0.188102
855	0.188192
856	0.188288
857	0.188400
858	0.188531
859	0.188668
860	0.188792
861	0.188886
862	0.188952
863	0.189009
864	0.189073
865	0.189146
866	0.189227
867	0.189315
868	0.189412
869	0.189522
870	0.189646
871	0.189777
872	0.189894
873	0.189982
874	0.190040
875	0.190083
876	0.190126
877	0.190183
878	0.190260
879	0.190353
880	0.190453
881	0.190554
882	0.190646
883	0.190727
884	0.190796
885	0.190859
886	0.190919
887	0.190972
888	0.191013
889	0.191038
890	0.191040
891	0.191008
892	0.190931
893	0.190807
894	0.190650
895	0.190486
896	0.190345
897	0.190253
898	0.190232
899	0.190290
900	0.190409
901	0.190548
902	0.190671
903	0.190769
904	0.190848
905	0.190902
906	0.190933
907	0.190950
908	0.190961
909	0.190961
910	0.190948
911	0.190927
912	0.190911
913	0.190930
914	0.191005
915	0.191143
916	0.191339
917	0.191580
918	0.191832
919	0.192044
920	0.192173
921	0.192187
922	0.192067
923	0.191808
924	0.191430
925	0.190981
926	0.190516
927	0.190079
928	0.189694
929	0.189359
930	0.189054
931	0.188770
932	0.188508
933	0.188267
934	0.188046
935	0.187845
936	0.187664
937	0.187502
938	0.187358
939	0.187233
940	0.187125
941	0.187034
942	0.186960
943	0.186902
944	0.186860
945	0.186834
946	0.186822
947	0.186825
948	0.186842
949	0.186873
950	0.186916
951	0.186972
952	0.187041
953	0.187121
954	0.187212
955	0.187314
956	0.187426
957	0.187548
958	0.187680
959	0.187820
960	0.187969
961	0.188126
962	0.188290
963	0.188462
964	0.188640
965	0.188825
966	0.189015
967	0.189210
968	0.189410
969	0.189615
970	0.189823
971	0.190035
972	0.190250
973	0.190467
974	0.190686
975	0.190907
976	0.191129
977	0.191352
978	0.191575
979	0.191797
980	0.192019
981	0.192240
982	0.192455
983	0.192654
984	0.192842
985	0.193035
986	0.193251
987	0.193504
988	0.193798
989	0.194133
990	0.194504
991	0.194903
992	0.195324
993	0.195754
994	0.196182
995	0.196593
996	0.196980
997	0.197343
998	0.197693
999	0.198044
1000	0.198403
1001	0.198766
1002	0.199127
1003	0.199486
1004	0.199843
1005	0.200197
1006	0.200549
1007	0.200897
1008	0.201242
1009	0.201583
1010	0.201920
1011	0.202252
1012	0.202579
1013	0.202901
1014	0.203218
1015	0.203530
1016	0.203836
1017	0.204136
1018	0.204429
1019	0.204717
1020	0.204998
1021	0.205272
1022	0.205540
1023	0.205801
1024	0.206055
1025	0.206302
1026	0.206542
1027	0.206775
1028	0.207001
1029	0.207219
1030	0.207430
1031	0.207634
1032	0.207831
1033	0.208020
1034	0.208204
1035	0.208382
1036	0.208553
1037	0.208718
1038	0.208874
1039	0.209021
1040	0.209159
1041	0.209288
1042	0.209409
1043	0.209522
1044	0.209630
1045	0.209733
1046	0.209834
1047	0.209933
1048	0.210033
1049	0.210133
1050	0.210231
1051	0.210329
1052	0.210424
1053	0.210518
1054	0.210610
1055	0.210701
1056	0.210789
1057	0.210875
1058	0.210959
1059	0.211040
1060	0.211119
1061	0.211196
1062	0.211270
1063	0.211341
1064	0.211409
1065	0.211474
1066	0.211535
1067	0.211594
1068	0.211649
1069	0.211701
1070	0.211749
1071	0.211794
1072	0.211834
1073	0.211871
1074	0.211904
1075	0.211932
1076	0.211956
1077	0.211976
1078	0.211992
1079	0.212002
1080	0.212008
1081	0.212010
1082	0.212006
1083	0.211997
1084	0.211983
1085	0.211964
1086	0.211940
1087	0.211910
1088	0.211874
1089	0.211833
1090	0.211786
1091	0.211733
1092	0.211673
1093	0.211609
1094	0.211545
1095	0.211485
1096	0.211419
1097	0.211327
1098	0.211192
1099	0.211009
1100	0.210790
1101	0.210558
1102	0.210341
1103	0.210153
1104	0.209989
1105	0.209837
1106	0.209682
1107	0.209513
1108	0.209315
1109	0.209054
1110	0.208689
1111	0.208209
1112	0.207644
1113	0.207065
1114	0.206555
1115	0.206151
1116	0.205827
1117	0.205526
1118	0.205209
1119	0.204883
1120	0.204580
1121	0.204313
1122	0.204059
1123	0.203780
1124	0.203463
1125	0.203136
1126	0.202861
1127	0.202682
1128	0.202611
1129	0.202627
1130	0.202695
1131	0.202797
1132	0.202946
1133	0.203142
1134	0.203347
1135	0.203490
1136	0.203497
1137	0.203317
1138	0.202936
1139	0.202373
1140	0.201675
1141	0.200914
1142	0.200171
1143	0.199511
1144	0.198970
1145	0.198571
1146	0.198321
1147	0.198214
1148	0.198231
1149	0.198336
1150	0.198471
1151	0.198578
1152	0.198624
1153	0.198614
1154	0.198589
1155	0.198598
1156	0.198679
1157	0.198846
1158	0.199093
1159	0.199410
1160	0.199782
1161	0.200186
1162	0.200586
1163	0.200942
1164	0.201223
1165	0.201418
1166	0.201541
1167	0.201622
1168	0.201691
1169	0.201768
1170	0.201866
1171	0.201983
1172	0.202113
1173	0.202249
1174	0.202381
1175	0.202497
1176	0.202592
1177	0.202657
1178	0.202684
1179	0.202673
1180	0.202633
1181	0.202575
1182	0.202521
1183	0.202490
1184	0.202494
1185	0.202537
1186	0.202611
1187	0.202710
1188	0.202825
1189	0.202947
1190	0.203064
1191	0.203166
1192	0.203242
1193	0.203291
1194	0.203325
1195	0.203359
1196	0.203404
1197	0.203475
1198	0.203573
1199	0.203689
1200	0.203808
1201	0.203913
1202	0.203993
1203	0.204052
1204	0.204102
1205	0.204161
1206	0.204248
1207	0.204368
1208	0.204520
1209	0.204697
1210	0.204887
1211	0.205080
1212	0.205267
1213	0.205440
1214	0.205598
1215	0.205748
1216	0.205898
1217	0.206057
1218	0.206229
1219	0.206407
1220	0.206574
1221	0.206718
1222	0.206835
1223	0.206932
1224	0.207026
1225	0.207138
1226	0.207284
1227	0.207471
1228	0.207695
1229	0.207947
1230	0.208209
1231	0.208464
1232	0.208699
1233	0.208907
1234	0.209089
1235	0.209250
1236	0.209397
1237	0.209530
1238	0.209649
1239	0.209753
1240	0.209849
1241	0.209949
1242	0.210063
1243	0.210196
1244	0.210343
1245	0.210493
1246	0.210635
1247	0.210765
1248	0.210879
1249	0.210977
1250	0.211050
1251	0.211095
1252	0.211111
1253	0.211111
1254	0.211115
1255	0.211141
1256	0.211198
1257	0.211283
1258	0.211387
1259	0.211501
1260	0.211622
1261	0.211750
1262	0.211881
1263	0.212012
1264	0.212139
1265	0.212260
1266	0.212380
1267	0.212503
1268	0.212630
1269	0.212757
1270	0.212874
1271	0.212976
1272	0.213068
1273	0.213157
1274	0.213248
1275	0.213342
1276	0.213436
1277	0.213522
1278	0.213597
1279	0.213652
1280	0.213676
1281	0.213656
1282	0.213583
1283	0.213468
1284	0.213333
1285	0.213204
1286	0.213103
1287	0.213038
1288	0.212996
1289	0.212961
1290	0.212915
1291	0.212852
1292	0.212766
1293	0.212654
1294	0.212513
1295	0.212343
1296	0.212149
1297	0.211942
1298	0.211723
1299	0.211483
1300	0.211204
1301	0.210869
1302	0.210471
1303	0.210018
1304	0.209529
1305	0.209030
1306	0.208544
1307	0.208087
1308	0.207670
1309	0.207296
1310	0.206960
1311	0.206652
1312	0.206352
1313	0.206040
1314	0.205703
1315	0.205340
1316	0.204953
1317	0.204549
1318	0.204134
1319	0.203714
1320	0.203290
1321	0.202863
1322	0.202433
1323	0.201999
1324	0.201561
1325	0.201118
1326	0.200670
1327	0.200217
1328	0.199759
1329	0.199296
1330	0.198828
1331	0.198355
1332	0.197877
1333	0.197394
1334	0.196905
1335	0.196412
1336	0.195912
1337	0.195408
1338	0.194898
1339	0.194382
1340	0.193861
1341	0.193335
1342	0.192802
1343	0.192264
1344	0.191721
1345	0.191171
1346	0.190616
1347	0.190054
1348	0.189487
1349	0.188914
1350	0.188335
1351	0.187749
1352	0.187157
1353	0.186560
1354	0.185956
1355	0.185345
1356	0.184729
1357	0.184105
1358	0.183476
1359	0.182840
1360	0.182197
1361	0.181548
1362	0.180892
1363	0.180229
1364	0.179560
1365	0.178881
1366	0.178189
1367	0.177485
1368	0.176778
1369	0.176077
1370	0.175390
1371	0.174721
1372	0.174070
1373	0.173435
1374	0.172813
1375	0.172200
1376	0.171593
1377	0.170983
1378	0.170366
1379	0.169735
1380	0.169092
1381	0.168442
1382	0.167793
1383	0.167148
1384	0.166505
1385	0.165861
1386	0.165218
1387	0.164575
1388	0.163932
1389	0.163289
1390	0.162645
1391	0.161992
1392	0.161313
1393	0.160631
1394	0.159989
1395	0.159416
1396	0.158914
1397	0.158462
1398	0.158023
1399	0.157561
1400	0.157046
1401	0.156460
1402	0.155786
1403	0.155013
1404	0.154141
1405	0.153189
1406	0.152198
1407	0.151223
1408	0.150308
1409	0.149466
1410	0.148672
1411	0.147911
1412	0.147185
1413	0.146492
1414	0.145831
1415	0.145204
1416	0.144608
1417	0.144044
1418	0.143512
1419	0.143010
1420	0.142539
1421	0.142098
1422	0.141686
1423	0.141304
1424	0.140950
1425	0.140625
1426	0.140328
1427	0.140058
1428	0.139816
1429	0.139600
1430	0.139410
1431	0.139247
1432	0.139108
1433	0.138995
1434	0.138907
1435	0.138842
1436	0.138802
1437	0.138784
1438	0.138790
1439	0.138818
1440	0.138869
1441	0.138941
1442	0.139034
1443	0.139149
1444	0.139283
1445	0.139438
1446	0.139612
1447	0.139806
1448	0.140018
1449	0.140249
1450	0.140498
1451	0.140764
1452	0.141060
1453	0.141414
1454	0.141812
1455	0.142198
1456	0.142503
1457	0.142687
1458	0.142743
1459	0.142697
1460	0.142596
1461	0.142474
1462	0.142335
1463	0.142182
1464	0.142046
1465	0.141963
1466	0.141963
1467	0.142057
1468	0.142213
1469	0.142375
1470	0.142512
1471	0.142661
1472	0.142868
1473	0.143155
1474	0.143518
1475	0.143936
1476	0.144366
1477	0.144771
1478	0.145145
1479	0.145493
1480	0.145816
1481	0.146116
1482	0.146405
1483	0.146702
1484	0.147027
1485	0.147410
1486	0.147862
1487	0.148374
1488	0.148914
1489	0.149445
1490	0.149938
1491	0.150370
1492	0.150740
1493	0.151070
1494	0.151392
1495	0.151743
1496	0.152148
1497	0.152616
1498	0.153131
1499	0.153662
1500	0.154177
1501	0.154653
1502	0.155077
1503	0.155456
1504	0.155798
1505	0.156118
1506	0.156439
1507	0.156779
1508	0.157152
1509	0.157564
1510	0.158011
1511	0.158479
1512	0.158950
1513	0.159408
1514	0.159840
1515	0.160240
1516	0.160603
1517	0.160933
1518	0.161237
1519	0.161517
1520	0.161780
1521	0.162033
1522	0.162286
1523	0.162554
1524	0.162854
1525	0.163187
1526	0.163542
1527	0.163903
1528	0.164257
1529	0.164600
1530	0.164939
1531	0.165287
1532	0.165651
1533	0.166031
1534	0.166418
1535	0.166802
1536	0.167178
1537	0.167545
1538	0.167902
1539	0.168248
1540	0.168576
1541	0.168885
1542	0.169179
1543	0.169471
1544	0.169773
1545	0.170094
1546	0.170438
1547	0.170798
1548	0.171163
1549	0.171527
1550	0.171884
1551	0.172234
1552	0.172573
1553	0.172895
1554	0.173197
1555	0.173478
1556	0.173744
1557	0.174005
1558	0.174271
1559	0.174547
1560	0.174832
1561	0.175126
1562	0.175423
1563	0.175721
1564	0.176019
1565	0.176316
1566	0.176609
1567	0.176891
1568	0.177153
1569	0.177388
1570	0.177588
1571	0.177757
1572	0.177905
1573	0.178051
1574	0.178213
1575	0.178405
1576	0.178641
1577	0.178923
1578	0.179250
1579	0.179608
1580	0.179976
1581	0.180331
1582	0.180655
1583	0.180941
1584	0.181193
1585	0.181423
1586	0.181643
1587	0.181863
1588	0.182088
1589	0.182322
1590	0.182563
1591	0.182809
1592	0.183054
1593	0.183289
1594	0.183507
1595	0.183706
1596	0.183889
1597	0.184067
1598	0.184252
1599	0.184454
1600	0.184677
1601	0.184920
1602	0.185174
1603	0.185429
1604	0.185676
1605	0.185909
1606	0.186126
1607	0.186333
1608	0.186540
1609	0.186758
1610	0.187000
1611	0.187269
1612	0.187559
1613	0.187856
1614	0.188140
1615	0.188397
1616	0.188623
1617	0.188819
1618	0.188991
1619	0.189146
1620	0.189284
1621	0.189414
1622	0.189542
1623	0.189677
1624	0.189824
1625	0.189975
1626	0.190121
1627	0.190257
1628	0.190385
1629	0.190519
1630	0.190672
1631	0.190849
1632	0.191041
1633	0.191231
1634	0.191411
1635	0.191581
1636	0.191750
1637	0.191920
1638	0.192085
1639	0.192231
1640	0.192350
1641	0.192451
1642	0.192563
1643	0.192708
1644	0.192899
1645	0.193131
1646	0.193387
1647	0.193650
1648	0.193909
1649	0.194152
1650	0.194367
1651	0.194547
1652	0.194695
1653	0.194817
1654	0.194927
1655	0.195041
1656	0.195169
1657	0.195309
1658	0.195448
1659	0.195573
1660	0.195669
1661	0.195726
1662	0.195745
1663	0.195737
1664	0.195722
1665	0.195726
1666	0.195768
1667	0.195849
1668	0.195955
1669	0.196076
1670	0.196206
1671	0.196342
1672	0.196482
1673	0.196622
1674	0.196755
1675	0.196870
1676	0.196958
1677	0.197007
1678	0.197005
1679	0.196944
1680	0.196833
1681	0.196693
1682	0.196545
1683	0.196410
1684	0.196297
1685	0.196212
1686	0.196154
1687	0.196117
1688	0.196090
1689	0.196062
1690	0.196018
1691	0.195951
1692	0.195868
1693	0.195793
1694	0.195752
1695	0.195757
1696	0.195792
1697	0.195821
1698	0.195813
1699	0.195755
1700	0.195653
1701	0.195522
1702	0.195371
1703	0.195208
1704	0.195045
1705	0.194898
1706	0.194782
1707	0.194717
1708	0.194707
1709	0.194737
1710	0.194778
1711	0.194806
1712	0.194804
1713	0.194771
1714	0.194703
1715	0.194598
1716	0.194457
1717	0.194287
1718	0.194115
1719	0.193964
1720	0.193845
1721	0.193749
1722	0.193659
1723	0.193559
1724	0.193441
1725	0.193313
1726	0.193187
1727	0.193069
1728	0.192958
1729	0.192853
1730	0.192752
1731	0.192654
1732	0.192557
1733	0.192457
1734	0.192349
1735	0.192227
1736	0.192099
1737	0.191981
1738	0.191880
1739	0.191800
1740	0.191725
1741	0.191632
1742	0.191493
1743	0.191295
1744	0.191049
1745	0.190783
1746	0.190540
1747	0.190359
1748	0.190262
1749	0.190243
1750	0.190267
1751	0.190299
1752	0.190305
1753	0.190265
1754	0.190177
1755	0.190043
1756	0.189862
1757	0.189649
1758	0.189428
1759	0.189224
1760	0.189049
1761	0.188901
1762	0.188768
1763	0.188642
1764	0.188524
1765	0.188425
1766	0.188357
1767	0.188299
1768	0.188209
1769	0.188062
1770	0.187858
1771	0.187624
1772	0.187403
1773	0.187211
1774	0.187031
1775	0.186848
1776	0.186657
1777	0.186462
1778	0.186265
1779	0.186051
1780	0.185798
1781	0.185485
1782	0.185120
1783	0.184737
1784	0.184382
1785	0.184080
1786	0.183823
1787	0.183587
1788	0.183349
1789	0.183096
1790	0.182838
1791	0.182580
1792	0.182322
1793	0.182064
1794	0.181805
1795	0.181547
1796	0.181289
1797	0.181031
1798	0.180773
1799	0.180514
1800	0.180256
1801	0.179998
1802	0.179740
1803	0.179482
1804	0.179223
1805	0.178965
1806	0.178707
1807	0.178449
1808	0.178191
1809	0.177932
1810	0.177674
1811	0.177416
1812	0.177158
1813	0.176900
1814	0.176641
1815	0.176383
1816	0.176125
1817	0.175867
1818	0.175609
1819	0.175350
1820	0.175092
1821	0.174834
1822	0.174576
1823	0.174318
1824	0.174059
1825	0.173801
1826	0.173543
1827	0.173285
1828	0.173027
1829	0.172768
1830	0.172510
1831	0.172252
1832	0.171994
1833	0.171735
1834	0.171477
1835	0.171219
1836	0.170961
1837	0.170703
1838	0.170444
1839	0.170186
1840	0.169928
1841	0.169670
1842	0.169412
1843	0.169153
1844	0.168895
1845	0.168637
1846	0.168379
1847	0.168121
1848	0.167862
1849	0.167604
1850	0.167346
1851	0.167088
1852	0.166830
1853	0.166571
1854	0.166313
1855	0.166055
1856	0.165797
1857	0.165539
1858	0.165280
1859	0.165022
1860	0.164764
1861	0.164506
1862	0.164248
1863	0.163989
1864	0.163731
1865	0.163473
1866	0.163215
1867	0.162957
1868	0.162698
1869	0.162440
1870	0.162182
1871	0.161924
1872	0.161666
1873	0.161407
1874	0.161149
1875	0.160891
1876	0.160633
1877	0.160375
1878	0.160116
1879	0.159858
1880	0.159600
1881	0.159342
1882	0.159084
1883	0.158825
1884	0.158567
1885	0.158309
1886	0.158051
1887	0.157793
1888	0.157534
1889	0.157276
1890	0.157018
1891	0.156760
1892	0.156502
1893	0.156243
1894	0.155985
1895	0.155727
1896	0.155469
1897	0.155210
1898	0.154952
1899	0.154694
1900	0.154436
1901	0.154178
1902	0.153919
1903	0.153661
1904	0.153403
1905	0.153145
1906	0.152887
1907	0.152628
1908	0.152370
1909	0.152112
1910	0.151854
1911	0.151596
1912	0.151337
1913	0.151079
1914	0.150821
1915	0.150563
1916	0.150305
1917	0.150046
1918	0.149788
1919	0.149530
1920	0.149272
1921	0.149014
1922	0.148755
1923	0.148497
1924	0.148239
1925	0.147981
1926	0.147723
1927	0.147464
1928	0.147206
1929	0.146948
1930	0.146690
1931	0.146432
1932	0.146173
1933	0.145915
1934	0.145657
1935	0.145399
1936	0.145141
1937	0.144882
1938	0.144624
1939	0.144366
1940	0.144108
1941	0.143852
1942	0.143605
1943	0.143360
1944	0.143105
1945	0.142830
1946	0.142531
1947	0.142212
1948	0.141882
1949	0.141549
1950	0.141224
1951	0.140915
1952	0.140628
1953	0.140373
1954	0.140154
1955	0.139970
1956	0.139815
1957	0.139676
1958	0.139541
1959	0.139405
1960	0.139277
1961	0.139157
1962	0.139048
1963	0.138949
1964	0.138861
1965	0.138784
1966	0.138718
1967	0.138665
1968	0.138623
1969	0.138594
1970	0.138578
1971	0.138575
1972	0.138586
1973	0.138610
1974	0.138649
1975	0.138703
1976	0.138772
1977	0.138856
1978	0.138955
1979	0.139071
1980	0.139203
1981	0.139352
1982	0.139518
1983	0.139702
1984	0.139903
1985	0.140123
1986	0.140361
1987	0.140619
1988	0.140895
1989	0.141191
1990	0.141507
1991	0.141844
1992	0.142201
1993	0.142579
1994	0.142978
1995	0.143400
1996	0.143843
1997	0.144309
1998	0.144798
1999	0.145310
2000	0.145845
2001	0.146404
2002	0.146995
2003	0.147627
2004	0.148283
2005	0.148942
2006	0.149581
2007	0.150214
2008	0.150883
2009	0.151616
2010	0.152405
2011	0.153186
2012	0.153866
2013	0.154365
2014	0.154651
2015	0.154758
2016	0.154759
2017	0.154718
2018	0.154676
2019	0.154658
2020	0.154685
2021	0.154773
2022	0.154888
2023	0.154953
2024	0.154859
2025	0.154529
2026	0.153970
2027	0.153265
2028	0.152552
2029	0.151965
2030	0.151594
2031	0.151453
2032	0.151496
2033	0.151641
2034	0.151803
2035	0.151919
2036	0.151960
2037	0.151942
2038	0.151917
2039	0.151948
2040	0.152084
2041	0.152354
2042	0.152775
2043	0.153349
2044	0.154053
2045	0.154837
2046	0.155622
2047	0.156338
2048	0.156959
2049	0.157508
2050	0.158049
2051	0.158639
2052	0.159286
2053	0.159954
2054	0.160547
2055	0.160976
2056	0.161198
2057	0.161221
2058	0.161073
2059	0.160789
2060	0.160414
2061	0.160022
2062	0.159709
2063	0.159568
2064	0.159655
2065	0.159968
2066	0.160447
2067	0.160996
2068	0.161529
2069	0.162000
2070	0.162408
2071	0.162787
2072	0.163150
2073	0.163499
2074	0.163835
2075	0.164159
2076	0.164471
2077	0.164772
2078	0.165063
2079	0.165345
2080	0.165618
2081	0.165883
2082	0.166141
2083	0.166392
2084	0.166637
2085	0.166877
2086	0.167111
2087	0.167341
2088	0.167567
2089	0.167790
2090	0.168009
2091	0.168226
2092	0.168441
2093	0.168653
2094	0.168865
2095	0.169075
2096	0.169284
2097	0.169492
2098	0.169700
2099	0.169908
2100	0.170116
2101	0.170324
2102	0.170533
2103	0.170742
2104	0.170952
2105	0.171162
2106	0.171373
2107	0.171585
2108	0.171797
2109	0.172010
2110	0.172224
2111	0.172439
2112	0.172654
2113	0.172869
2114	0.173085
2115	0.173300
2116	0.173516
2117	0.173731
2118	0.173946
2119	0.174160
2120	0.174372
2121	0.174583
2122	0.174792
2123	0.174999
2124	0.175204
2125	0.175405
2126	0.175603
2127	0.175797
2128	0.175986
2129	0.176171
2130	0.176350
2131	0.176523
2132	0.176689
2133	0.176848
2134	0.176999
2135	0.177142
2136	0.177275
2137	0.177398
2138	0.177511
2139	0.177612
2140	0.177700
2141	0.177776
2142	0.177837
2143	0.177884
2144	0.177915
2145	0.177929
2146	0.177926
2147	0.177905
2148	0.177863
2149	0.177801
2150	0.177718
2151	0.177612
2152	0.177471
2153	0.177272
2154	0.177023
2155	0.176763
2156	0.176541
2157	0.176394
2158	0.176340
2159	0.176383
2160	0.176510
2161	0.176704
2162	0.176945
2163	0.177205
2164	0.177446
2165	0.177631
2166	0.177736
2167	0.177759
2168	0.177725
2169	0.177672
2170	0.177622
2171	0.177564
2172	0.177493
2173	0.177410
2174	0.177317
2175	0.177215
2176	0.177104
2177	0.176988
2178	0.176866
2179	0.176741
2180	0.176613
2181	0.176483
2182	0.176353
2183	0.176223
2184	0.176095
2185	0.175970
2186	0.175848
2187	0.175730
2188	0.175617
2189	0.175510
2190	0.175410
2191	0.175317
2192	0.175231
2193	0.175154
2194	0.175086
2195	0.175026
2196	0.174977
2197	0.174937
2198	0.174908
2199	0.174890
2200	0.174882
2201	0.174885
2202	0.174899
2203	0.174924
2204	0.174961
2205	0.175008
2206	0.175067
2207	0.175136
2208	0.175216
2209	0.175307
2210	0.175407
2211	0.175518
2212	0.175638
2213	0.175767
2214	0.175904
2215	0.176050
2216	0.176203
2217	0.176363
2218	0.176529
2219	0.176701
2220	0.176877
2221	0.177057
2222	0.177240
2223	0.177425
2224	0.177611
2225	0.177798
2226	0.177983
2227	0.178167
2228	0.178347
2229	0.178522
2230	0.178692
2231	0.178855
2232	0.179010
2233	0.179155
2234	0.179288
2235	0.179409
2236	0.179516
2237	0.179607
2238	0.179680
2239	0.179734
2240	0.179767
2241	0.179777
2242	0.179763
2243	0.179722
2244	0.179652
2245	0.179553
2246	0.179420
2247	0.179254
2248	0.179050
2249	0.178808
2250	0.178524
2251	0.178197
2252	0.177784
2253	0.177206
2254	0.176530
2255	0.175914
2256	0.175508
2257	0.175381
2258	0.175518
2259	0.175844
2260	0.176268
2261	0.176704
2262	0.177084
2263	0.177327
2264	0.177350
2265	0.177095
2266	0.176562
2267	0.175836
2268	0.175074
2269	0.174436
2270	0.173980
2271	0.173624
2272	0.173321
2273	0.173068
2274	0.172860
2275	0.172696
2276	0.172570
2277	0.172480
2278	0.172422
2279	0.172394
2280	0.172392
2281	0.172414
2282	0.172456
2283	0.172517
2284	0.172593
2285	0.172682
2286	0.172783
2287	0.172892
2288	0.173008
2289	0.173128
2290	0.173251
2291	0.173376
2292	0.173500
2293	0.173622
2294	0.173741
2295	0.173855
2296	0.173963
2297	0.174065
2298	0.174159
2299	0.174244
2300	0.174320
2301	0.174386
2302	0.174442
2303	0.174487
2304	0.174521
2305	0.174545
2306	0.174557
2307	0.174558
2308	0.174549
2309	0.174529
2310	0.174499
2311	0.174460
2312	0.174412
2313	0.174356
2314	0.174293
2315	0.174224
2316	0.174150
2317	0.174072
2318	0.173992
2319	0.173911
2320	0.173831
2321	0.173753
2322	0.173680
2323	0.173613
2324	0.173553
2325	0.173505
2326	0.173468
2327	0.173447
2328	0.173444
2329	0.173460
2330	0.173499
2331	0.173564
2332	0.173657
2333	0.173782
2334	0.173942
2335	0.174141
2336	0.174380
2337	0.174665
2338	0.174998
2339	0.175384
2340	0.175826
2341	0.176329
2342	0.176896
2343	0.177531
2344	0.178239
2345	0.179025
2346	0.179892
2347	0.180847
2348	0.181892
2349	0.183034
2350	0.184276
2351	0.185626
2352	0.187101
2353	0.188738
2354	0.190532
2355	0.192438
2356	0.194396
2357	0.196359
2358	0.198298
2359	0.200205
2360	0.202084
2361	0.203946
2362	0.205805
2363	0.207689
2364	0.209635
2365	0.211686
2366	0.213871
2367	0.216192
2368	0.218623
2369	0.221116
2370	0.223647
2371	0.226230
2372	0.228878
2373	0.231589
2374	0.234363
2375	0.237202
2376	0.240104
2377	0.243070
2378	0.246099
2379	0.249192
2380	0.252349
2381	0.255570
2382	0.258854
2383	0.262202
2384	0.265614
2385	0.269089
2386	0.272628
2387	0.276231
2388	0.279897
2389	0.283627
2390	0.287421
2391	0.291279
2392	0.295200
2393	0.299185
2394	0.303233
2395	0.307346
2396	0.311522
2397	0.315761
2398	0.320065
2399	0.324432
2400	0.328863
2401	0.333357
2402	0.337915
2403	0.342537
2404	0.347223
2405	0.351972
2406	0.356785
2407	0.361662
2408	0.366602
2409	0.371606
2410	0.376674
2411	0.381805
2412	0.387000
2413	0.392259
2414	0.397582
2415	0.402968
2416	0.408418
2417	0.413931
2418	0.419508
2419	0.425149
2420	0.430854
2421	0.436622
2422	0.442455
2423	0.448350
2424	0.454310
2425	0.460333
2426	0.466420
2427	0.472570
2428	0.478784
2429	0.485062
2430	0.491404
2431	0.497809
2432	0.504278
2433	0.510811
2434	0.517407
2435	0.524068
2436	0.530791
2437	0.537579
2438	0.544430
2439	0.551345
2440	0.558323
2441	0.565366
2442	0.572472
2443	0.579641
2444	0.586875
2445	0.594172
2446	0.601532
2447	0.608957
2448	0.616445
2449	0.623997
2450	0.631612
2451	0.639292
2452	0.647034
2453	0.654841
2454	0.662711
2455	0.670645
2456	0.678643
2457	0.686704
2458	0.694829
2459	0.703018
2460	0.711271
2461	0.719587
2462	0.727967
2463	0.736410
2464	0.744917
2465	0.753488
2466	0.762123
2467	0.770821
2468	0.779583
2469	0.788409
2470	0.797299
2471	0.806252
2472	0.815268
2473	0.824349
2474	0.833493
2475	0.842701
2476	0.851973
2477	0.861308
2478	0.870707
2479	0.880170
2480	0.889696
2481	0.899286
2482	0.908940
2483	0.918657
2484	0.928438
2485	0.938283
2486	0.948192
2487	0.958164
2488	0.968200
2489	0.978299
2490	0.988463
2491	0.998690
2492	1.008980
2493	1.019335
2494	1.029753
2495	1.040235
2496	1.050780
2497	1.061389
2498	1.072062
2499	1.082799
2500	1.093599
