350	0.025324
351	0.025330
352	0.025349
353	0.025380
354	0.025424
355	0.025481
356	0.025551
357	0.025634
358	0.025731
359	0.025842
360	0.025968
361	0.026103
362	0.026256
363	0.026427
364	0.026598
365	0.026759
366	0.026901
367	0.027023
368	0.027132
369	0.027231
370	0.027323
371	0.027419
372	0.027540
373	0.027689
374	0.027863
375	0.028054
376	0.028251
377	0.028440
378	0.028615
379	0.028778
380	0.028939
381	0.029104
382	0.029277
383	0.029461
384	0.029661
385	0.029879
386	0.030109
387	0.030332
388	0.030530
389	0.030705
390	0.030870
391	0.031033
392	0.031204
393	0.031391
394	0.031601
395	0.031835
396	0.032090
397	0.032360
398	0.032633
399	0.032893
400	0.033128
401	0.033332
402	0.033509
403	0.033670
404	0.033823
405	0.033974
406	0.034129
407	0.034298
408	0.034486
409	0.034696
410	0.034927
411	0.035172
412	0.035417
413	0.035654
414	0.035881
415	0.036102
416	0.036317
417	0.036526
418	0.036730
419	0.036935
420	0.037148
421	0.037374
422	0.037608
423	0.037843
424	0.038078
425	0.038315
426	0.038556
427	0.038806
428	0.039068
429	0.039339
430	0.039615
431	0.039896
432	0.040179
433	0.040459
434	0.040730
435	0.040990
436	0.041239
437	0.041478
438	0.041711
439	0.041944
440	0.042181
441	0.042424
442	0.042673
443	0.042925
444	0.043178
445	0.043431
446	0.043682
447	0.043929
448	0.044168
449	0.044398
450	0.044623
451	0.044843
452	0.045058
453	0.045265
454	0.045465
455	0.045656
456	0.045841
457	0.046021
458	0.046196
459	0.046366
460	0.046529
461	0.046681
462	0.046825
463	0.046964
464	0.047101
465	0.047239
466	0.047377
467	0.047515
468	0.047656
469	0.047795
470	0.047929
471	0.048056
472	0.048178
473	0.048298
474	0.048421
475	0.048550
476	0.048689
477	0.048839
478	0.048995
479	0.049150
480	0.049303
481	0.049451
482	0.049598
483	0.049748
484	0.049904
485	0.050071
486	0.050249
487	0.050442
488	0.050646
489	0.050859
490	0.051079
491	0.051303
492	0.051526
493	0.051749
494	0.051978
495	0.052217
496	0.052470
497	0.052735
498	0.053007
499	0.053280
500	0.053554
501	0.053832
502	0.054119
503	0.054418
504	0.054735
505	0.055071
506	0.055427
507	0.055804
508	0.056200
509	0.056611
510	0.057032
511	0.057461
512	0.057895
513	0.058341
514	0.058804
515	0.059287
516	0.059788
517	0.060305
518	0.060836
519	0.061376
520	0.061920
521	0.062466
522	0.063012
523	0.063557
524	0.064098
525	0.064638
526	0.065174
527	0.065705
528	0.066227
529	0.066736
530	0.067230
531	0.067708
532	0.068170
533	0.068612
534	0.069034
535	0.069442
536	0.069838
537	0.070223
538	0.070596
539	0.070955
540	0.071301
541	0.071637
542	0.071970
543	0.072307
544	0.072650
545	0.072997
546	0.073346
547	0.073697
548	0.074052
549	0.074412
550	0.074776
551	0.075142
552	0.075507
553	0.075871
554	0.076232
555	0.076586
556	0.076924
557	0.077234
558	0.077504
559	0.077727
560	0.077901
561	0.078034
562	0.078134
563	0.078207
564	0.078264
565	0.078314
566	0.078371
567	0.078446
568	0.078541
569	0.078657
570	0.078789
571	0.078932
572	0.079082
573	0.079236
574	0.079393
575	0.079547
576	0.079697
577	0.079837
578	0.079963
579	0.080075
580	0.080173
581	0.080254
582	0.080315
583	0.080358
584	0.080389
585	0.080421
586	0.080465
587	0.080527
588	0.080609
589	0.080710
590	0.080835
591	0.080987
592	0.081169
593	0.081377
594	0.081605
595	0.081844
596	0.082084
597	0.082321
598	0.082554
599	0.082776
600	0.082979
601	0.083153
602	0.083291
603	0.083395
604	0.083474
605	0.083536
606	0.083587
607	0.083629
608	0.083665
609	0.083696
610	0.083726
611	0.083757
612	0.083789
613	0.083823
614	0.083859
615	0.083895
616	0.083930
617	0.083966
618	0.084008
619	0.084059
620	0.084124
621	0.084201
622	0.084289
623	0.084386
624	0.084492
625	0.084610
626	0.084735
627	0.084865
628	0.084994
629	0.085118
630	0.085237
631	0.085353
632	0.085468
633	0.085576
634	0.085674
635	0.085754
636	0.085816
637	0.085862
638	0.085893
639	0.085907
640	0.085901
641	0.085872
642	0.085825
643	0.085769
644	0.085713
645	0.085664
646	0.085623
647	0.085595
648	0.085584
649	0.085590
650	0.085613
651	0.085649
652	0.085695
653	0.085742
654	0.085786
655	0.085821
656	0.085846
657	0.085863
658	0.085868
659	0.085863
660	0.085846
661	0.085821
662	0.085792
663	0.085763
664	0.085737
665	0.085719
666	0.085714
667	0.085725
668	0.085752
669	0.085798
670	0.085865
671	0.085948
672	0.086040
673	0.086138
674	0.086244
675	0.086358
676	0.086478
677	0.086606
678	0.086748
679	0.086909
680	0.087094
681	0.087312
682	0.087567
683	0.087867
684	0.088214
685	0.088610
686	0.089057
687	0.089557
688	0.090117
689	0.090750
690	0.091464
691	0.092265
692	0.093157
693	0.094139
694	0.095208
695	0.096362
696	0.097599
697	0.098910
698	0.100283
699	0.101705
700	0.103167
701	0.104659
702	0.106181
703	0.107730
704	0.109304
705	0.110892
706	0.112492
707	0.114109
708	0.115749
709	0.117415
710	0.119095
711	0.120770
712	0.122427
713	0.124068
714	0.125712
715	0.127381
716	0.129090
717	0.130843
718	0.132635
719	0.134456
720	0.136304
721	0.138171
722	0.140041
723	0.141890
724	0.143693
725	0.145439
726	0.147137
727	0.148810
728	0.150471
729	0.152118
730	0.153735
731	0.155307
732	0.156830
733	0.158302
734	0.159720
735	0.161075
736	0.162363
737	0.163581
738	0.164730
739	0.165810
740	0.166826
741	0.167781
742	0.168677
743	0.169512
744	0.170288
745	0.171011
746	0.171688
747	0.172327
748	0.172927
749	0.173484
750	0.174000
751	0.174485
752	0.174947
753	0.175381
754	0.175772
755	0.176115
756	0.176411
757	0.176664
758	0.176888
759	0.177096
760	0.177299
761	0.177508
762	0.177729
763	0.177970
764	0.178235
765	0.178524
766	0.178826
767	0.179117
768	0.179379
769	0.179609
770	0.179816
771	0.180008
772	0.180189
773	0.180364
774	0.180540
775	0.180716
776	0.180896
777	0.181083
778	0.181276
779	0.181473
780	0.181662
781	0.181836
782	0.181988
783	0.182114
784	0.182220
785	0.182312
786	0.182399
787	0.182488
788	0.182585
789	0.182694
790	0.182818
791	0.182959
792	0.183116
793	0.183284
794	0.183454
795	0.183618
796	0.183769
797	0.183905
798	0.184032
799	0.184161
800	0.184298
801	0.184447
802	0.184603
803	0.184759
804	0.184915
805	0.185070
806	0.185220
807	0.185347
808	0.185433
809	0.185467
810	0.185446
811	0.185379
812	0.185289
813	0.185207
814	0.185161
815	0.185165
816	0.185217
817	0.185315
818	0.185460
819	0.185652
820	0.185873
821	0.186098
822	0.186308
823	0.186492
824	0.186647
825	0.186777
826	0.186894
827	0.187011
828	0.187131
829	0.187250
830	0.187366
831	0.187488
832	0.187630
833	0.187793
834	0.187967
835	0.188143
836	0.188317
837	0.188486
838	0.188650
839	0.188809
840	0.188969
841	0.189131
842	0.189295
843	0.189457
844	0.189618
845	0.189776
846	0.189928
847	0.190061
848	0.190168
849	0.190248
850	0.190315
851	0.190382
852	0.190456
853	0.190536
854	0.190619
855	0.190705
856	0.190808
857	0.190936
858	0.191083
859	0.191228
860	0.191351
861	0.191443
862	0.191514
863	0.191579
864	0.191650
865	0.191725
866	0.191798
867	0.191870
868	0.191952
869	0.192052
870	0.192167
871	0.192288
872	0.192403
873	0.192500
874	0.192583
875	0.192667
876	0.192763
877	0.192872
878	0.192989
879	0.193103
880	0.193206
881	0.193294
882	0.193356
883	0.193392
884	0.193415
885	0.193445
886	0.193491
887	0.193547
888	0.193601
889	0.193645
890	0.193665
891	0.193644
892	0.193565
893	0.193421
894	0.193217
895	0.192978
896	0.192733
897	0.192524
898	0.192405
899	0.192406
900	0.192513
901	0.192684
902	0.192879
903	0.193071
904	0.193252
905	0.193421
906	0.193566
907	0.193667
908	0.193699
909	0.193659
910	0.193577
911	0.193495
912	0.193448
913	0.193464
914	0.193546
915	0.193683
916	0.193869
917	0.194093
918	0.194326
919	0.194525
920	0.194634
921	0.194612
922	0.194444
923	0.194152
924	0.193774
925	0.193356
926	0.192932
927	0.192531
928	0.192170
929	0.191851
930	0.191558
931	0.191284
932	0.191029
933	0.190792
934	0.190573
935	0.190372
936	0.190189
937	0.190023
938	0.189873
939	0.189741
940	0.189624
941	0.189524
942	0.189439
943	0.189370
944	0.189316
945	0.189276
946	0.189251
947	0.189240
948	0.189243
949	0.189259
950	0.189289
951	0.189331
952	0.189386
953	0.189453
954	0.189532
955	0.189623
956	0.189726
957	0.189839
958	0.189963
959	0.190097
960	0.190242
961	0.190396
962	0.190560
963	0.190733
964	0.190915
965	0.191105
966	0.191304
967	0.191511
968	0.191725
969	0.191947
970	0.192175
971	0.192411
972	0.192653
973	0.192901
974	0.193154
975	0.193414
976	0.193678
977	0.193947
978	0.194221
979	0.194499
980	0.194781
981	0.195066
982	0.195354
983	0.195639
984	0.195924
985	0.196215
986	0.196518
987	0.196837
988	0.197175
989	0.197531
990	0.197901
991	0.198282
992	0.198672
993	0.199066
994	0.199458
995	0.199843
996	0.200219
997	0.200585
998	0.200945
999	0.201305
1000	0.201668
1001	0.202030
1002	0.202391
1003	0.202749
1004	0.203105
1005	0.203458
1006	0.203808
1007	0.204154
1008	0.204497
1009	0.204836
1010	0.205171
1011	0.205502
1012	0.205828
1013	0.206149
1014	0.206465
1015	0.206776
1016	0.207081
1017	0.207381
1018	0.207675
1019	0.207964
1020	0.208246
1021	0.208523
1022	0.208793
1023	0.209057
1024	0.209314
1025	0.209565
1026	0.209810
1027	0.210048
1028	0.210280
1029	0.210505
1030	0.210723
1031	0.210935
1032	0.211143
1033	0.211344
1034	0.211536
1035	0.211717
1036	0.211887
1037	0.212047
1038	0.212199
1039	0.212347
1040	0.212491
1041	0.212633
1042	0.212775
1043	0.212919
1044	0.213063
1045	0.213208
1046	0.213352
1047	0.213491
1048	0.213622
1049	0.213744
1050	0.213860
1051	0.213970
1052	0.214075
1053	0.214173
1054	0.214266
1055	0.214354
1056	0.214436
1057	0.214514
1058	0.214586
1059	0.214653
1060	0.214715
1061	0.214773
1062	0.214825
1063	0.214874
1064	0.214918
1065	0.214957
1066	0.214993
1067	0.215024
1068	0.215052
1069	0.215075
1070	0.215095
1071	0.215111
1072	0.215124
1073	0.215133
1074	0.215139
1075	0.215142
1076	0.215142
1077	0.215139
1078	0.215133
1079	0.215124
1080	0.215112
1081	0.215098
1082	0.215082
1083	0.215064
1084	0.215043
1085	0.215020
1086	0.214995
1087	0.214969
1088	0.214940
1089	0.214910
1090	0.214879
1091	0.214846
1092	0.214814
1093	0.214788
1094	0.214768
1095	0.214749
1096	0.214717
1097	0.214651
1098	0.214543
1099	0.214393
1100	0.214215
1101	0.214025
1102	0.213841
1103	0.213668
1104	0.213498
1105	0.213320
1106	0.213129
1107	0.212925
1108	0.212702
1109	0.212435
1110	0.212086
1111	0.211637
1112	0.211089
1113	0.210472
1114	0.209829
1115	0.209200
1116	0.208608
1117	0.208064
1118	0.207581
1119	0.207185
1120	0.206891
1121	0.206684
1122	0.206528
1123	0.206386
1124	0.206222
1125	0.206022
1126	0.205807
1127	0.205616
1128	0.205485
1129	0.205447
1130	0.205518
1131	0.205697
1132	0.205965
1133	0.206297
1134	0.206660
1135	0.206994
1136	0.207234
1137	0.207327
1138	0.207230
1139	0.206909
1140	0.206364
1141	0.205628
1142	0.204747
1143	0.203782
1144	0.202820
1145	0.201955
1146	0.201269
1147	0.200816
1148	0.200611
1149	0.200624
1150	0.200793
1151	0.201047
1152	0.201335
1153	0.201611
1154	0.201847
1155	0.202037
1156	0.202194
1157	0.202338
1158	0.202494
1159	0.202679
1160	0.202893
1161	0.203132
1162	0.203379
1163	0.203617
1164	0.203829
1165	0.204015
1166	0.204181
1167	0.204339
1168	0.204494
1169	0.204645
1170	0.204784
1171	0.204909
1172	0.205023
1173	0.205129
1174	0.205227
1175	0.205315
1176	0.205391
1177	0.205453
1178	0.205509
1179	0.205564
1180	0.205617
1181	0.205663
1182	0.205702
1183	0.205734
1184	0.205767
1185	0.205807
1186	0.205857
1187	0.205913
1188	0.205970
1189	0.206025
1190	0.206083
1191	0.206142
1192	0.206196
1193	0.206234
1194	0.206250
1195	0.206248
1196	0.206246
1197	0.206265
1198	0.206323
1199	0.206428
1200	0.206578
1201	0.206764
1202	0.206974
1203	0.207197
1204	0.207420
1205	0.207632
1206	0.207822
1207	0.207982
1208	0.208109
1209	0.208210
1210	0.208297
1211	0.208381
1212	0.208471
1213	0.208575
1214	0.208697
1215	0.208837
1216	0.208998
1217	0.209186
1218	0.209399
1219	0.209627
1220	0.209858
1221	0.210076
1222	0.210273
1223	0.210447
1224	0.210605
1225	0.210757
1226	0.210910
1227	0.211072
1228	0.211250
1229	0.211444
1230	0.211651
1231	0.211861
1232	0.212060
1233	0.212236
1234	0.212379
1235	0.212494
1236	0.212587
1237	0.212671
1238	0.212758
1239	0.212858
1240	0.212977
1241	0.213114
1242	0.213261
1243	0.213412
1244	0.213561
1245	0.213705
1246	0.213848
1247	0.213994
1248	0.214143
1249	0.214293
1250	0.214446
1251	0.214601
1252	0.214754
1253	0.214898
1254	0.215024
1255	0.215120
1256	0.215178
1257	0.215194
1258	0.215177
1259	0.215140
1260	0.215098
1261	0.215071
1262	0.215074
1263	0.215120
1264	0.215212
1265	0.215345
1266	0.215500
1267	0.215653
1268	0.215782
1269	0.215879
1270	0.215945
1271	0.215994
1272	0.216045
1273	0.216116
1274	0.216221
1275	0.216364
1276	0.216542
1277	0.216740
1278	0.216938
1279	0.217109
1280	0.217226
1281	0.217275
1282	0.217256
1283	0.217186
1284	0.217088
1285	0.216982
1286	0.216874
1287	0.216764
1288	0.216645
1289	0.216510
1290	0.216355
1291	0.216177
1292	0.215975
1293	0.215751
1294	0.215510
1295	0.215260
1296	0.215010
1297	0.214763
1298	0.214513
1299	0.214253
1300	0.213970
1301	0.213657
1302	0.213317
1303	0.212957
1304	0.212594
1305	0.212242
1306	0.211903
1307	0.211572
1308	0.211238
1309	0.210891
1310	0.210527
1311	0.210142
1312	0.209737
1313	0.209317
1314	0.208889
1315	0.208462
1316	0.208043
1317	0.207641
1318	0.207252
1319	0.206867
1320	0.206474
1321	0.206062
1322	0.205631
1323	0.205187
1324	0.204731
1325	0.204265
1326	0.203788
1327	0.203301
1328	0.202803
1329	0.202295
1330	0.201778
1331	0.201252
1332	0.200716
1333	0.200172
1334	0.199619
1335	0.199057
1336	0.198488
1337	0.197911
1338	0.197326
1339	0.196735
1340	0.196136
1341	0.195531
1342	0.194919
1343	0.194301
1344	0.193677
1345	0.193047
1346	0.192413
1347	0.191773
1348	0.191128
1349	0.190479
1350	0.189825
1351	0.189168
1352	0.188507
1353	0.187842
1354	0.187174
1355	0.186503
1356	0.185829
1357	0.185153
1358	0.184475
1359	0.183795
1360	0.183114
1361	0.182431
1362	0.181747
1363	0.181062
1364	0.180377
1365	0.179691
1366	0.179003
1367	0.178314
1368	0.177627
1369	0.176946
1370	0.176272
1371	0.175605
1372	0.174945
1373	0.174290
1374	0.173638
1375	0.172988
1376	0.172338
1377	0.171686
1378	0.171029
1379	0.170367
1380	0.169702
1381	0.169033
1382	0.168366
1383	0.167700
1384	0.167035
1385	0.166369
1386	0.165704
1387	0.165039
1388	0.164374
1389	0.163708
1390	0.163043
1391	0.162368
1392	0.161668
1393	0.160965
1394	0.160303
1395	0.159710
1396	0.159186
1397	0.158707
1398	0.158233
1399	0.157730
1400	0.157168
1401	0.156531
1402	0.155805
1403	0.154980
1404	0.154061
1405	0.153070
1406	0.152050
1407	0.151058
1408	0.150138
1409	0.149302
1410	0.148521
1411	0.147783
1412	0.147085
1413	0.146428
1414	0.145810
1415	0.145231
1416	0.144689
1417	0.144183
1418	0.143712
1419	0.143276
1420	0.142873
1421	0.142503
1422	0.142164
1423	0.141855
1424	0.141577
1425	0.141326
1426	0.141104
1427	0.140908
1428	0.140737
1429	0.140592
1430	0.140470
1431	0.140370
1432	0.140293
1433	0.140236
1434	0.140200
1435	0.140182
1436	0.140182
1437	0.140199
1438	0.140232
1439	0.140280
1440	0.140342
1441	0.140417
1442	0.140504
1443	0.140602
1444	0.140711
1445	0.140828
1446	0.140954
1447	0.141087
1448	0.141227
1449	0.141372
1450	0.141521
1451	0.141673
1452	0.141835
1453	0.142021
1454	0.142230
1455	0.142427
1456	0.142561
1457	0.142602
1458	0.142548
1459	0.142418
1460	0.142229
1461	0.141988
1462	0.141704
1463	0.141405
1464	0.141146
1465	0.140992
1466	0.141003
1467	0.141197
1468	0.141549
1469	0.142009
1470	0.142534
1471	0.143101
1472	0.143695
1473	0.144286
1474	0.144822
1475	0.145253
1476	0.145555
1477	0.145739
1478	0.145850
1479	0.145938
1480	0.146059
1481	0.146259
1482	0.146555
1483	0.146945
1484	0.147419
1485	0.147966
1486	0.148569
1487	0.149215
1488	0.149876
1489	0.150515
1490	0.151111
1491	0.151670
1492	0.152214
1493	0.152764
1494	0.153327
1495	0.153888
1496	0.154417
1497	0.154886
1498	0.155281
1499	0.155616
1500	0.155912
1501	0.156196
1502	0.156491
1503	0.156812
1504	0.157175
1505	0.157589
1506	0.158055
1507	0.158558
1508	0.159078
1509	0.159587
1510	0.160061
1511	0.160489
1512	0.160874
1513	0.161226
1514	0.161566
1515	0.161906
1516	0.162252
1517	0.162609
1518	0.162977
1519	0.163361
1520	0.163761
1521	0.164174
1522	0.164589
1523	0.164994
1524	0.165378
1525	0.165735
1526	0.166069
1527	0.166383
1528	0.166684
1529	0.166983
1530	0.167294
1531	0.167627
1532	0.167991
1533	0.168382
1534	0.168791
1535	0.169206
1536	0.169614
1537	0.170003
1538	0.170359
1539	0.170676
1540	0.170955
1541	0.171206
1542	0.171450
1543	0.171705
1544	0.171988
1545	0.172302
1546	0.172642
1547	0.173003
1548	0.173376
1549	0.173755
1550	0.174129
1551	0.174488
1552	0.174828
1553	0.175151
1554	0.175463
1555	0.175778
1556	0.176103
1557	0.176441
1558	0.176790
1559	0.177144
1560	0.177489
1561	0.177803
1562	0.178077
1563	0.178311
1564	0.178518
1565	0.178715
1566	0.178917
1567	0.179126
1568	0.179344
1569	0.179570
1570	0.179813
1571	0.180077
1572	0.180367
1573	0.180680
1574	0.181007
1575	0.181333
1576	0.181656
1577	0.181977
1578	0.182291
1579	0.182586
1580	0.182852
1581	0.183078
1582	0.183266
1583	0.183432
1584	0.183597
1585	0.183780
1586	0.184000
1587	0.184263
1588	0.184562
1589	0.184874
1590	0.185175
1591	0.185449
1592	0.185690
1593	0.185905
1594	0.186108
1595	0.186308
1596	0.186510
1597	0.186717
1598	0.186935
1599	0.187168
1600	0.187412
1601	0.187658
1602	0.187891
1603	0.188099
1604	0.188282
1605	0.188450
1606	0.188619
1607	0.188800
1608	0.188995
1609	0.189194
1610	0.189383
1611	0.189561
1612	0.189741
1613	0.189937
1614	0.190162
1615	0.190419
1616	0.190699
1617	0.190989
1618	0.191280
1619	0.191555
1620	0.191799
1621	0.191998
1622	0.192150
1623	0.192263
1624	0.192358
1625	0.192465
1626	0.192615
1627	0.192818
1628	0.193065
1629	0.193336
1630	0.193606
1631	0.193856
1632	0.194083
1633	0.194281
1634	0.194445
1635	0.194577
1636	0.194691
1637	0.194799
1638	0.194911
1639	0.195038
1640	0.195179
1641	0.195328
1642	0.195479
1643	0.195629
1644	0.195783
1645	0.195947
1646	0.196133
1647	0.196345
1648	0.196577
1649	0.196820
1650	0.197063
1651	0.197295
1652	0.197506
1653	0.197688
1654	0.197843
1655	0.197978
1656	0.198091
1657	0.198182
1658	0.198242
1659	0.198269
1660	0.198277
1661	0.198274
1662	0.198266
1663	0.198249
1664	0.198219
1665	0.198179
1666	0.198146
1667	0.198136
1668	0.198154
1669	0.198199
1670	0.198259
1671	0.198324
1672	0.198392
1673	0.198466
1674	0.198545
1675	0.198627
1676	0.198709
1677	0.198782
1678	0.198849
1679	0.198915
1680	0.198983
1681	0.199049
1682	0.199106
1683	0.199146
1684	0.199164
1685	0.199158
1686	0.199133
1687	0.199094
1688	0.199044
1689	0.198986
1690	0.198922
1691	0.198853
1692	0.198786
1693	0.198727
1694	0.198680
1695	0.198641
1696	0.198603
1697	0.198565
1698	0.198534
1699	0.198522
1700	0.198542
1701	0.198589
1702	0.198638
1703	0.198654
1704	0.198604
1705	0.198469
1706	0.198258
1707	0.198000
1708	0.197735
1709	0.197501
1710	0.197324
1711	0.197214
1712	0.197158
1713	0.197132
1714	0.197113
1715	0.197086
1716	0.197044
1717	0.196976
1718	0.196874
1719	0.196740
1720	0.196597
1721	0.196483
1722	0.196431
1723	0.196448
1724	0.196513
1725	0.196587
1726	0.196643
1727	0.196676
1728	0.196695
1729	0.196701
1730	0.196671
1731	0.196570
1732	0.196376
1733	0.196100
1734	0.195786
1735	0.195477
1736	0.195192
1737	0.194940
1738	0.194723
1739	0.194545
1740	0.194404
1741	0.194286
1742	0.194164
1743	0.194018
1744	0.193844
1745	0.193656
1746	0.193474
1747	0.193316
1748	0.193189
1749	0.193094
1750	0.193028
1751	0.192987
1752	0.192966
1753	0.192950
1754	0.192916
1755	0.192848
1756	0.192742
1757	0.192595
1758	0.192407
1759	0.192172
1760	0.191880
1761	0.191536
1762	0.191167
1763	0.190803
1764	0.190477
1765	0.190212
1766	0.190023
1767	0.189893
1768	0.189788
1769	0.189687
1770	0.189587
1771	0.189510
1772	0.189486
1773	0.189512
1774	0.189558
1775	0.189590
1776	0.189594
1777	0.189564
1778	0.189492
1779	0.189364
1780	0.189156
1781	0.188853
1782	0.188469
1783	0.188047
1784	0.187649
1785	0.187315
1786	0.187039
1787	0.186796
1788	0.186551
1789	0.186288
1790	0.186019
1791	0.185750
1792	0.185480
1793	0.185211
1794	0.184942
1795	0.184672
1796	0.184403
1797	0.184134
1798	0.183864
1799	0.183595
1800	0.183326
1801	0.183056
1802	0.182787
1803	0.182518
1804	0.182248
1805	0.181979
1806	0.181710
1807	0.181440
1808	0.181171
1809	0.180902
1810	0.180632
1811	0.180363
1812	0.180094
1813	0.179824
1814	0.179555
1815	0.179286
1816	0.179017
1817	0.178747
1818	0.178478
1819	0.178209
1820	0.177939
1821	0.177670
1822	0.177401
1823	0.177131
1824	0.176862
1825	0.176593
1826	0.176323
1827	0.176054
1828	0.175785
1829	0.175515
1830	0.175246
1831	0.174977
1832	0.174707
1833	0.174438
1834	0.174169
1835	0.173899
1836	0.173630
1837	0.173361
1838	0.173091
1839	0.172822
1840	0.172553
1841	0.172283
1842	0.172014
1843	0.171745
1844	0.171475
1845	0.171206
1846	0.170937
1847	0.170667
1848	0.170398
1849	0.170129
1850	0.169859
1851	0.169590
1852	0.169321
1853	0.169051
1854	0.168782
1855	0.168513
1856	0.168243
1857	0.167974
1858	0.167705
1859	0.167435
1860	0.167166
1861	0.166897
1862	0.166627
1863	0.166358
1864	0.166089
1865	0.165819
1866	0.165550
1867	0.165281
1868	0.165011
1869	0.164742
1870	0.164473
1871	0.164204
1872	0.163934
1873	0.163665
1874	0.163396
1875	0.163126
1876	0.162857
1877	0.162588
1878	0.162318
1879	0.162049
1880	0.161780
1881	0.161510
1882	0.161241
1883	0.160972
1884	0.160702
1885	0.160433
1886	0.160164
1887	0.159894
1888	0.159625
1889	0.159356
1890	0.159086
1891	0.158817
1892	0.158548
1893	0.158278
1894	0.158009
1895	0.157740
1896	0.157470
1897	0.157201
1898	0.156932
1899	0.156662
1900	0.156393
1901	0.156124
1902	0.155854
1903	0.155585
1904	0.155316
1905	0.155046
1906	0.154777
1907	0.154508
1908	0.154238
1909	0.153969
1910	0.153700
1911	0.153430
1912	0.153161
1913	0.152892
1914	0.152622
1915	0.152353
1916	0.152084
1917	0.151814
1918	0.151545
1919	0.151276
1920	0.151006
1921	0.150737
1922	0.150468
1923	0.150199
1924	0.149929
1925	0.149660
1926	0.149391
1927	0.149121
1928	0.148852
1929	0.148583
1930	0.148313
1931	0.148044
1932	0.147775
1933	0.147505
1934	0.147236
1935	0.146967
1936	0.146697
1937	0.146428
1938	0.146159
1939	0.145889
1940	0.145620
1941	0.145348
1942	0.145070
1943	0.144793
1944	0.144529
1945	0.144283
1946	0.144052
1947	0.143824
1948	0.143587
1949	0.143332
1950	0.143053
1951	0.142749
1952	0.142420
1953	0.142069
1954	0.141706
1955	0.141341
1956	0.140991
1957	0.140675
1958	0.140404
1959	0.140180
1960	0.139991
1961	0.139833
1962	0.139703
1963	0.139602
1964	0.139528
1965	0.139480
1966	0.139455
1967	0.139454
1968	0.139475
1969	0.139516
1970	0.139576
1971	0.139655
1972	0.139751
1973	0.139862
1974	0.139988
1975	0.140127
1976	0.140279
1977	0.140441
1978	0.140612
1979	0.140792
1980	0.140979
1981	0.141172
1982	0.141369
1983	0.141570
1984	0.141773
1985	0.141977
1986	0.142180
1987	0.142382
1988	0.142582
1989	0.142777
1990	0.142967
1991	0.143151
1992	0.143327
1993	0.143494
1994	0.143650
1995	0.143796
1996	0.143929
1997	0.144048
1998	0.144152
1999	0.144239
2000	0.144309
2001	0.144361
2002	0.144382
2003	0.144346
2004	0.144239
2005	0.144087
2006	0.143969
2007	0.143973
2008	0.144159
2009	0.144573
2010	0.145231
2011	0.146120
2012	0.147194
2013	0.148366
2014	0.149518
2015	0.150531
2016	0.151288
2017	0.151721
2018	0.151853
2019	0.151781
2020	0.151643
2021	0.151554
2022	0.151589
2023	0.151776
2024	0.152144
2025	0.152693
2026	0.153388
2027	0.154177
2028	0.154997
2029	0.155779
2030	0.156471
2031	0.157045
2032	0.157501
2033	0.157856
2034	0.158117
2035	0.158273
2036	0.158329
2037	0.158326
2038	0.158335
2039	0.158410
2040	0.158563
2041	0.158770
2042	0.158981
2043	0.159148
2044	0.159278
2045	0.159419
2046	0.159610
2047	0.159862
2048	0.160164
2049	0.160497
2050	0.160849
2051	0.161219
2052	0.161617
2053	0.162030
2054	0.162382
2055	0.162599
2056	0.162660
2057	0.162591
2058	0.162462
2059	0.162355
2060	0.162307
2061	0.162303
2062	0.162331
2063	0.162404
2064	0.162541
2065	0.162764
2066	0.163082
2067	0.163466
2068	0.163865
2069	0.164233
2070	0.164557
2071	0.164860
2072	0.165156
2073	0.165443
2074	0.165723
2075	0.165997
2076	0.166264
2077	0.166526
2078	0.166784
2079	0.167037
2080	0.167286
2081	0.167532
2082	0.167775
2083	0.168016
2084	0.168254
2085	0.168492
2086	0.168727
2087	0.168962
2088	0.169197
2089	0.169431
2090	0.169665
2091	0.169900
2092	0.170135
2093	0.170370
2094	0.170607
2095	0.170844
2096	0.171083
2097	0.171323
2098	0.171565
2099	0.171808
2100	0.172052
2101	0.172298
2102	0.172546
2103	0.172795
2104	0.173045
2105	0.173297
2106	0.173550
2107	0.173804
2108	0.174060
2109	0.174316
2110	0.174572
2111	0.174830
2112	0.175087
2113	0.175344
2114	0.175601
2115	0.175858
2116	0.176113
2117	0.176367
2118	0.176620
2119	0.176870
2120	0.177118
2121	0.177362
2122	0.177604
2123	0.177841
2124	0.178074
2125	0.178302
2126	0.178525
2127	0.178741
2128	0.178950
2129	0.179153
2130	0.179347
2131	0.179532
2132	0.179708
2133	0.179874
2134	0.180029
2135	0.180173
2136	0.180304
2137	0.180421
2138	0.180525
2139	0.180613
2140	0.180686
2141	0.180742
2142	0.180780
2143	0.180800
2144	0.180800
2145	0.180779
2146	0.180737
2147	0.180671
2148	0.180582
2149	0.180468
2150	0.180328
2151	0.180161
2152	0.179948
2153	0.179653
2154	0.179304
2155	0.178969
2156	0.178716
2157	0.178580
2158	0.178559
2159	0.178627
2160	0.178747
2161	0.178886
2162	0.179015
2163	0.179099
2164	0.179102
2165	0.178993
2166	0.178770
2167	0.178465
2168	0.178143
2169	0.177873
2170	0.177682
2171	0.177536
2172	0.177415
2173	0.177317
2174	0.177241
2175	0.177187
2176	0.177152
2177	0.177136
2178	0.177137
2179	0.177154
2180	0.177185
2181	0.177230
2182	0.177288
2183	0.177357
2184	0.177437
2185	0.177526
2186	0.177624
2187	0.177729
2188	0.177841
2189	0.177959
2190	0.178082
2191	0.178209
2192	0.178339
2193	0.178472
2194	0.178607
2195	0.178743
2196	0.178880
2197	0.179017
2198	0.179153
2199	0.179288
2200	0.179422
2201	0.179554
2202	0.179683
2203	0.179809
2204	0.179933
2205	0.180052
2206	0.180168
2207	0.180279
2208	0.180386
2209	0.180489
2210	0.180586
2211	0.180679
2212	0.180767
2213	0.180850
2214	0.180927
2215	0.181000
2216	0.181067
2217	0.181129
2218	0.181186
2219	0.181239
2220	0.181287
2221	0.181330
2222	0.181369
2223	0.181404
2224	0.181435
2225	0.181463
2226	0.181488
2227	0.181510
2228	0.181530
2229	0.181548
2230	0.181565
2231	0.181582
2232	0.181598
2233	0.181614
2234	0.181632
2235	0.181651
2236	0.181672
2237	0.181697
2238	0.181725
2239	0.181758
2240	0.181796
2241	0.181841
2242	0.181893
2243	0.181953
2244	0.182022
2245	0.182101
2246	0.182192
2247	0.182294
2248	0.182409
2249	0.182539
2250	0.182685
2251	0.182847
2252	0.183037
2253	0.183285
2254	0.183595
2255	0.183932
2256	0.184233
2257	0.184430
2258	0.184466
2259	0.184306
2260	0.183940
2261	0.183375
2262	0.182637
2263	0.181768
2264	0.180832
2265	0.179899
2266	0.179038
2267	0.178291
2268	0.177664
2269	0.177128
2270	0.176651
2271	0.176228
2272	0.175857
2273	0.175535
2274	0.175259
2275	0.175025
2276	0.174829
2277	0.174670
2278	0.174542
2279	0.174445
2280	0.174374
2281	0.174328
2282	0.174303
2283	0.174297
2284	0.174308
2285	0.174333
2286	0.174370
2287	0.174418
2288	0.174473
2289	0.174535
2290	0.174601
2291	0.174670
2292	0.174740
2293	0.174811
2294	0.174880
2295	0.174946
2296	0.175009
2297	0.175067
2298	0.175120
2299	0.175166
2300	0.175206
2301	0.175237
2302	0.175261
2303	0.175277
2304	0.175284
2305	0.175283
2306	0.175272
2307	0.175254
2308	0.175227
2309	0.175192
2310	0.175149
2311	0.175100
2312	0.175043
2313	0.174982
2314	0.174915
2315	0.174845
2316	0.174772
2317	0.174697
2318	0.174623
2319	0.174549
2320	0.174478
2321	0.174411
2322	0.174350
2323	0.174297
2324	0.174254
2325	0.174223
2326	0.174206
2327	0.174205
2328	0.174222
2329	0.174261
2330	0.174324
2331	0.174413
2332	0.174531
2333	0.174681
2334	0.174867
2335	0.175091
2336	0.175357
2337	0.175667
2338	0.176026
2339	0.176437
2340	0.176904
2341	0.177430
2342	0.178020
2343	0.178677
2344	0.179405
2345	0.180210
2346	0.181094
2347	0.182063
2348	0.183121
2349	0.184272
2350	0.185522
2351	0.186876
2352	0.188351
2353	0.189984
2354	0.191767
2355	0.193659
2356	0.195603
2357	0.197553
2358	0.199483
2359	0.201384
2360	0.203261
2361	0.205123
2362	0.206985
2363	0.208872
2364	0.210821
2365	0.212871
2366	0.215051
2367	0.217364
2368	0.219782
2369	0.222263
2370	0.224780
2371	0.227351
2372	0.229984
2373	0.232679
2374	0.235438
2375	0.238259
2376	0.241143
2377	0.244090
2378	0.247099
2379	0.250171
2380	0.253306
2381	0.256504
2382	0.259764
2383	0.263087
2384	0.266473
2385	0.269921
2386	0.273432
2387	0.277006
2388	0.280643
2389	0.284342
2390	0.288104
2391	0.291929
2392	0.295817
2393	0.299767
2394	0.303780
2395	0.307856
2396	0.311994
2397	0.316195
2398	0.320459
2399	0.324786
2400	0.329175
2401	0.333627
2402	0.338142
2403	0.342719
2404	0.347360
2405	0.352063
2406	0.356828
2407	0.361657
2408	0.366548
2409	0.371502
2410	0.376518
2411	0.381598
2412	0.386740
2413	0.391944
2414	0.397212
2415	0.402542
2416	0.407935
2417	0.413390
2418	0.418909
2419	0.424490
2420	0.430134
2421	0.435840
2422	0.441610
2423	0.447442
2424	0.453336
2425	0.459294
2426	0.465314
2427	0.471397
2428	0.477542
2429	0.483751
2430	0.490022
2431	0.496355
2432	0.502752
2433	0.509211
2434	0.515733
2435	0.522318
2436	0.528965
2437	0.535675
2438	0.542448
2439	0.549284
2440	0.556182
2441	0.563143
2442	0.570167
2443	0.577253
2444	0.584402
2445	0.591614
2446	0.598889
2447	0.606226
2448	0.613626
2449	0.621089
2450	0.628615
2451	0.636203
2452	0.643854
2453	0.651568
2454	0.659344
2455	0.667183
2456	0.675085
2457	0.683050
2458	0.691077
2459	0.699167
2460	0.707320
2461	0.715536
2462	0.723814
2463	0.732155
2464	0.740558
2465	0.749025
2466	0.757554
2467	0.766146
2468	0.774800
2469	0.783518
2470	0.792298
2471	0.801140
2472	0.810046
2473	0.819014
2474	0.828045
2475	0.837139
2476	0.846295
2477	0.855514
2478	0.864796
2479	0.874140
2480	0.883548
2481	0.893018
2482	0.902550
2483	0.912146
2484	0.921804
2485	0.931525
2486	0.941308
2487	0.951155
2488	0.961064
2489	0.971036
2490	0.981070
2491	0.991167
2492	1.001327
2493	1.011550
2494	1.021835
2495	1.032183
2496	1.042594
2497	1.053068
2498	1.063604
2499	1.074203
2500	1.084865
