350	0.023092
351	0.023227
352	0.023346
353	0.023449
354	0.023538
355	0.023611
356	0.023671
357	0.023718
358	0.023752
359	0.023770
360	0.023762
361	0.023742
362	0.023726
363	0.023721
364	0.023738
365	0.023773
366	0.023812
367	0.023852
368	0.023899
369	0.023959
370	0.024022
371	0.024081
372	0.024140
373	0.024207
374	0.024277
375	0.024332
376	0.024360
377	0.024369
378	0.024384
379	0.024422
380	0.024482
381	0.024558
382	0.024645
383	0.024736
384	0.024831
385	0.024930
386	0.025032
387	0.025134
388	0.025226
389	0.025303
390	0.025377
391	0.025464
392	0.025566
393	0.025676
394	0.025787
395	0.025893
396	0.025992
397	0.026081
398	0.026158
399	0.026225
400	0.026290
401	0.026350
402	0.026406
403	0.026460
404	0.026513
405	0.026570
406	0.026632
407	0.026706
408	0.026799
409	0.026906
410	0.027016
411	0.027120
412	0.027222
413	0.027328
414	0.027444
415	0.027570
416	0.027702
417	0.027835
418	0.027964
419	0.028090
420	0.028214
421	0.028342
422	0.028477
423	0.028620
424	0.028772
425	0.028930
426	0.029095
427	0.029269
428	0.029450
429	0.029633
430	0.029813
431	0.029983
432	0.030140
433	0.030283
434	0.030414
435	0.030540
436	0.030664
437	0.030792
438	0.030923
439	0.031058
440	0.031196
441	0.031337
442	0.031483
443	0.031631
444	0.031775
445	0.031915
446	0.032050
447	0.032182
448	0.032313
449	0.032442
450	0.032568
451	0.032689
452	0.032805
453	0.032916
454	0.033021
455	0.033121
456	0.033214
457	0.033302
458	0.033383
459	0.033458
460	0.033527
461	0.033592
462	0.033655
463	0.033717
464	0.033779
465	0.033838
466	0.033897
467	0.033956
468	0.034017
469	0.034080
470	0.034142
471	0.034201
472	0.034257
473	0.034315
474	0.034376
475	0.034441
476	0.034508
477	0.034575
478	0.034639
479	0.034704
480	0.034773
481	0.034850
482	0.034933
483	0.035020
484	0.035112
485	0.035214
486	0.035325
487	0.035443
488	0.035567
489	0.035693
490	0.035820
491	0.035948
492	0.036082
493	0.036224
494	0.036374
495	0.036533
496	0.036701
497	0.036878
498	0.037068
499	0.037273
500	0.037492
501	0.037724
502	0.037972
503	0.038239
504	0.038528
505	0.038842
506	0.039184
507	0.039559
508	0.039965
509	0.040399
510	0.040860
511	0.041353
512	0.041881
513	0.042449
514	0.043059
515	0.043711
516	0.044404
517	0.045133
518	0.045896
519	0.046684
520	0.047490
521	0.048307
522	0.049125
523	0.049938
524	0.050739
525	0.051525
526	0.052296
527	0.053047
528	0.053775
529	0.054474
530	0.055141
531	0.055770
532	0.056360
533	0.056915
534	0.057437
535	0.057931
536	0.058399
537	0.058842
538	0.059264
539	0.059668
540	0.060058
541	0.060437
542	0.060808
543	0.061171
544	0.061528
545	0.061879
546	0.062225
547	0.062566
548	0.062904
549	0.063236
550	0.063556
551	0.063856
552	0.064129
553	0.064370
554	0.064576
555	0.064747
556	0.064879
557	0.064965
558	0.065000
559	0.064982
560	0.064912
561	0.064796
562	0.064639
563	0.064449
564	0.064230
565	0.063989
566	0.063731
567	0.063460
568	0.063180
569	0.062894
570	0.062603
571	0.062310
572	0.062020
573	0.061740
574	0.061476
575	0.061232
576	0.061013
577	0.060817
578	0.060638
579	0.060470
580	0.060306
581	0.060145
582	0.059987
583	0.059835
584	0.059695
585	0.059572
586	0.059470
587	0.059393
588	0.059343
589	0.059318
590	0.059315
591	0.059332
592	0.059368
593	0.059419
594	0.059481
595	0.059552
596	0.059628
597	0.059705
598	0.059777
599	0.059839
600	0.059884
601	0.059907
602	0.059903
603	0.059875
604	0.059822
605	0.059746
606	0.059649
607	0.059533
608	0.059405
609	0.059269
610	0.059129
611	0.058987
612	0.058843
613	0.058699
614	0.058558
615	0.058422
616	0.058291
617	0.058169
618	0.058059
619	0.057964
620	0.057889
621	0.057833
622	0.057797
623	0.057782
624	0.057788
625	0.057813
626	0.057855
627	0.057908
628	0.057966
629	0.058025
630	0.058081
631	0.058129
632	0.058165
633	0.058180
634	0.058168
635	0.058121
636	0.058041
637	0.057930
638	0.057790
639	0.057623
640	0.057423
641	0.057193
642	0.056937
643	0.056666
644	0.056390
645	0.056120
646	0.055864
647	0.055631
648	0.055424
649	0.055250
650	0.055111
651	0.055008
652	0.054929
653	0.054861
654	0.054789
655	0.054704
656	0.054602
657	0.054481
658	0.054338
659	0.054168
660	0.053976
661	0.053769
662	0.053557
663	0.053352
664	0.053166
665	0.053006
666	0.052876
667	0.052774
668	0.052701
669	0.052657
670	0.052639
671	0.052637
672	0.052649
673	0.052674
674	0.052715
675	0.052773
676	0.052848
677	0.052946
678	0.053070
679	0.053229
680	0.053433
681	0.053696
682	0.054028
683	0.054444
684	0.054954
685	0.055570
686	0.056304
687	0.057177
688	0.058207
689	0.059419
690	0.060838
691	0.062491
692	0.064403
693	0.066590
694	0.069062
695	0.071824
696	0.074872
697	0.078190
698	0.081756
699	0.085542
700	0.089513
701	0.093639
702	0.097890
703	0.102246
704	0.106689
705	0.111207
706	0.115792
707	0.120441
708	0.125158
709	0.129934
710	0.134741
711	0.139539
712	0.144300
713	0.149033
714	0.153787
715	0.158612
716	0.163536
717	0.168564
718	0.173685
719	0.178885
720	0.184147
721	0.189440
722	0.194716
723	0.199913
724	0.204984
725	0.209917
726	0.214748
727	0.219531
728	0.224297
729	0.229029
730	0.233681
731	0.238205
732	0.242574
733	0.246779
734	0.250808
735	0.254650
736	0.258300
737	0.261762
738	0.265048
739	0.268164
740	0.271117
741	0.273904
742	0.276515
743	0.278938
744	0.281174
745	0.283229
746	0.285120
747	0.286864
748	0.288472
749	0.289958
750	0.291344
751	0.292660
752	0.293914
753	0.295069
754	0.296070
755	0.296881
756	0.297491
757	0.297911
758	0.298172
759	0.298332
760	0.298463
761	0.298640
762	0.298940
763	0.299416
764	0.300084
765	0.300920
766	0.301858
767	0.302807
768	0.303689
769	0.304466
770	0.305136
771	0.305698
772	0.306159
773	0.306549
774	0.306901
775	0.307236
776	0.307562
777	0.307883
778	0.308198
779	0.308505
780	0.308798
781	0.309064
782	0.309286
783	0.309461
784	0.309594
785	0.309701
786	0.309796
787	0.309898
788	0.310028
789	0.310199
790	0.310418
791	0.310678
792	0.310970
793	0.311274
794	0.311567
795	0.311825
796	0.312037
797	0.312211
798	0.312368
799	0.312541
800	0.312757
801	0.313025
802	0.313339
803	0.313680
804	0.314027
805	0.314357
806	0.314638
807	0.314828
808	0.314884
809	0.314777
810	0.314508
811	0.314125
812	0.313703
813	0.313332
814	0.313088
815	0.312999
816	0.313056
817	0.313245
818	0.313561
819	0.313992
820	0.314503
821	0.315028
822	0.315508
823	0.315905
824	0.316220
825	0.316489
826	0.316750
827	0.317030
828	0.317330
829	0.317640
830	0.317959
831	0.318307
832	0.318712
833	0.319175
834	0.319670
835	0.320168
836	0.320648
837	0.321111
838	0.321560
839	0.321996
840	0.322419
841	0.322830
842	0.323224
843	0.323593
844	0.323934
845	0.324246
846	0.324529
847	0.324780
848	0.325001
849	0.325200
850	0.325393
851	0.325600
852	0.325831
853	0.326085
854	0.326353
855	0.326624
856	0.326902
857	0.327185
858	0.327464
859	0.327723
860	0.327944
861	0.328119
862	0.328264
863	0.328407
864	0.328568
865	0.328746
866	0.328933
867	0.329121
868	0.329313
869	0.329517
870	0.329733
871	0.329954
872	0.330162
873	0.330344
874	0.330503
875	0.330644
876	0.330774
877	0.330895
878	0.331004
879	0.331098
880	0.331180
881	0.331263
882	0.331355
883	0.331456
884	0.331566
885	0.331687
886	0.331809
887	0.331903
888	0.331937
889	0.331876
890	0.331690
891	0.331371
892	0.330921
893	0.330350
894	0.329691
895	0.329007
896	0.328385
897	0.327908
898	0.327633
899	0.327579
900	0.327715
901	0.327970
902	0.328255
903	0.328505
904	0.328674
905	0.328733
906	0.328681
907	0.328522
908	0.328278
909	0.328001
910	0.327762
911	0.327600
912	0.327523
913	0.327573
914	0.327796
915	0.328199
916	0.328738
917	0.329337
918	0.329903
919	0.330338
920	0.330555
921	0.330499
922	0.330142
923	0.329490
924	0.328596
925	0.327536
926	0.326410
927	0.325320
928	0.324344
929	0.323492
930	0.322714
931	0.321986
932	0.321307
933	0.320677
934	0.320092
935	0.319554
936	0.319061
937	0.318611
938	0.318204
939	0.317838
940	0.317513
941	0.317228
942	0.316980
943	0.316771
944	0.316597
945	0.316459
946	0.316355
947	0.316284
948	0.316245
949	0.316237
950	0.316259
951	0.316309
952	0.316388
953	0.316494
954	0.316625
955	0.316780
956	0.316960
957	0.317162
958	0.317385
959	0.317629
960	0.317892
961	0.318173
962	0.318472
963	0.318787
964	0.319117
965	0.319461
966	0.319818
967	0.320187
968	0.320567
969	0.320956
970	0.321355
971	0.321761
972	0.322174
973	0.322592
974	0.323015
975	0.323442
976	0.323870
977	0.324301
978	0.324731
979	0.325161
980	0.325589
981	0.326014
982	0.326432
983	0.326836
984	0.327228
985	0.327616
986	0.328013
987	0.328428
988	0.328865
989	0.329326
990	0.329809
991	0.330311
992	0.330827
993	0.331353
994	0.331879
995	0.332398
996	0.332902
997	0.333392
998	0.333874
999	0.334356
1000	0.334844
1001	0.335333
1002	0.335821
1003	0.336309
1004	0.336795
1005	0.337280
1006	0.337763
1007	0.338244
1008	0.338722
1009	0.339198
1010	0.339671
1011	0.340141
1012	0.340608
1013	0.341070
1014	0.341529
1015	0.341984
1016	0.342435
1017	0.342881
1018	0.343322
1019	0.343758
1020	0.344189
1021	0.344614
1022	0.345034
1023	0.345447
1024	0.345855
1025	0.346256
1026	0.346650
1027	0.347038
1028	0.347419
1029	0.347792
1030	0.348158
1031	0.348516
1032	0.348863
1033	0.349202
1034	0.349537
1035	0.349871
1036	0.350204
1037	0.350535
1038	0.350858
1039	0.351169
1040	0.351466
1041	0.351745
1042	0.352006
1043	0.352246
1044	0.352466
1045	0.352667
1046	0.352854
1047	0.353032
1048	0.353206
1049	0.353378
1050	0.353544
1051	0.353704
1052	0.353856
1053	0.354001
1054	0.354139
1055	0.354269
1056	0.354392
1057	0.354507
1058	0.354614
1059	0.354713
1060	0.354804
1061	0.354886
1062	0.354960
1063	0.355025
1064	0.355081
1065	0.355128
1066	0.355167
1067	0.355195
1068	0.355215
1069	0.355225
1070	0.355225
1071	0.355216
1072	0.355196
1073	0.355166
1074	0.355126
1075	0.355076
1076	0.355015
1077	0.354943
1078	0.354861
1079	0.354767
1080	0.354662
1081	0.354546
1082	0.354418
1083	0.354279
1084	0.354128
1085	0.353965
1086	0.353790
1087	0.353603
1088	0.353404
1089	0.353192
1090	0.352967
1091	0.352730
1092	0.352484
1093	0.352236
1094	0.351980
1095	0.351697
1096	0.351368
1097	0.350987
1098	0.350561
1099	0.350107
1100	0.349650
1101	0.349208
1102	0.348794
1103	0.348402
1104	0.348013
1105	0.347596
1106	0.347121
1107	0.346561
1108	0.345895
1109	0.345100
1110	0.344166
1111	0.343098
1112	0.341903
1113	0.340587
1114	0.339162
1115	0.337658
1116	0.336113
1117	0.334604
1118	0.333249
1119	0.332163
1120	0.331414
1121	0.331004
1122	0.330867
1123	0.330900
1124	0.331001
1125	0.331095
1126	0.331124
1127	0.331035
1128	0.330808
1129	0.330462
1130	0.330063
1131	0.329699
1132	0.329429
1133	0.329253
1134	0.329094
1135	0.328854
1136	0.328474
1137	0.327948
1138	0.327301
1139	0.326548
1140	0.325673
1141	0.324637
1142	0.323417
1143	0.322058
1144	0.320649
1145	0.319296
1146	0.318087
1147	0.317074
1148	0.316281
1149	0.315724
1150	0.315404
1151	0.315304
1152	0.315383
1153	0.315566
1154	0.315765
1155	0.315925
1156	0.316031
1157	0.316095
1158	0.316151
1159	0.316224
1160	0.316314
1161	0.316415
1162	0.316517
1163	0.316610
1164	0.316689
1165	0.316750
1166	0.316795
1167	0.316840
1168	0.316903
1169	0.316993
1170	0.317116
1171	0.317264
1172	0.317414
1173	0.317541
1174	0.317618
1175	0.317625
1176	0.317555
1177	0.317414
1178	0.317223
1179	0.317006
1180	0.316788
1181	0.316597
1182	0.316454
1183	0.316363
1184	0.316316
1185	0.316299
1186	0.316291
1187	0.316278
1188	0.316263
1189	0.316252
1190	0.316258
1191	0.316289
1192	0.316340
1193	0.316397
1194	0.316442
1195	0.316467
1196	0.316482
1197	0.316503
1198	0.316550
1199	0.316630
1200	0.316744
1201	0.316885
1202	0.317049
1203	0.317238
1204	0.317451
1205	0.317678
1206	0.317906
1207	0.318120
1208	0.318312
1209	0.318496
1210	0.318692
1211	0.318919
1212	0.319187
1213	0.319491
1214	0.319820
1215	0.320163
1216	0.320522
1217	0.320902
1218	0.321308
1219	0.321741
1220	0.322189
1221	0.322640
1222	0.323085
1223	0.323520
1224	0.323950
1225	0.324379
1226	0.324803
1227	0.325217
1228	0.325618
1229	0.326014
1230	0.326413
1231	0.326826
1232	0.327255
1233	0.327688
1234	0.328104
1235	0.328487
1236	0.328827
1237	0.329128
1238	0.329396
1239	0.329643
1240	0.329880
1241	0.330115
1242	0.330358
1243	0.330612
1244	0.330876
1245	0.331144
1246	0.331407
1247	0.331659
1248	0.331885
1249	0.332073
1250	0.332215
1251	0.332302
1252	0.332341
1253	0.332345
1254	0.332330
1255	0.332310
1256	0.332288
1257	0.332267
1258	0.332252
1259	0.332257
1260	0.332294
1261	0.332372
1262	0.332483
1263	0.332612
1264	0.332743
1265	0.332865
1266	0.332979
1267	0.333097
1268	0.333233
1269	0.333396
1270	0.333586
1271	0.333806
1272	0.334053
1273	0.334323
1274	0.334611
1275	0.334897
1276	0.335158
1277	0.335367
1278	0.335502
1279	0.335564
1280	0.335559
1281	0.335501
1282	0.335397
1283	0.335250
1284	0.335054
1285	0.334810
1286	0.334523
1287	0.334205
1288	0.333861
1289	0.333494
1290	0.333105
1291	0.332697
1292	0.332274
1293	0.331837
1294	0.331389
1295	0.330927
1296	0.330444
1297	0.329933
1298	0.329390
1299	0.328808
1300	0.328183
1301	0.327513
1302	0.326805
1303	0.326068
1304	0.325313
1305	0.324548
1306	0.323765
1307	0.322951
1308	0.322096
1309	0.321199
1310	0.320265
1311	0.319298
1312	0.318305
1313	0.317296
1314	0.316279
1315	0.315266
1316	0.314264
1317	0.313276
1318	0.312292
1319	0.311298
1320	0.310280
1321	0.309230
1322	0.308146
1323	0.307035
1324	0.305898
1325	0.304735
1326	0.303548
1327	0.302336
1328	0.301100
1329	0.299839
1330	0.298553
1331	0.297243
1332	0.295908
1333	0.294550
1334	0.293168
1335	0.291762
1336	0.290332
1337	0.288878
1338	0.287401
1339	0.285901
1340	0.284377
1341	0.282831
1342	0.281261
1343	0.279669
1344	0.278053
1345	0.276416
1346	0.274755
1347	0.273073
1348	0.271368
1349	0.269641
1350	0.267892
1351	0.266122
1352	0.264329
1353	0.262515
1354	0.260680
1355	0.258823
1356	0.256945
1357	0.255046
1358	0.253126
1359	0.251185
1360	0.249223
1361	0.247241
1362	0.245238
1363	0.243215
1364	0.241172
1365	0.239102
1366	0.236991
1367	0.234846
1368	0.232693
1369	0.230562
1370	0.228475
1371	0.226443
1372	0.224467
1373	0.222540
1374	0.220653
1375	0.218795
1376	0.216951
1377	0.215100
1378	0.213222
1379	0.211305
1380	0.209350
1381	0.207373
1382	0.205397
1383	0.203436
1384	0.201480
1385	0.199524
1386	0.197569
1387	0.195613
1388	0.193657
1389	0.191701
1390	0.189745
1391	0.187768
1392	0.185735
1393	0.183697
1394	0.181744
1395	0.179942
1396	0.178293
1397	0.176747
1398	0.175225
1399	0.173646
1400	0.171950
1401	0.170097
1402	0.168052
1403	0.165791
1404	0.163317
1405	0.160676
1406	0.157957
1407	0.155278
1408	0.152739
1409	0.150367
1410	0.148104
1411	0.145922
1412	0.143821
1413	0.141799
1414	0.139856
1415	0.137991
1416	0.136203
1417	0.134491
1418	0.132855
1419	0.131294
1420	0.129806
1421	0.128392
1422	0.127050
1423	0.125780
1424	0.124580
1425	0.123450
1426	0.122389
1427	0.121396
1428	0.120471
1429	0.119612
1430	0.118819
1431	0.118091
1432	0.117427
1433	0.116827
1434	0.116289
1435	0.115813
1436	0.115397
1437	0.115042
1438	0.114746
1439	0.114508
1440	0.114329
1441	0.114206
1442	0.114139
1443	0.114127
1444	0.114169
1445	0.114265
1446	0.114414
1447	0.114615
1448	0.114867
1449	0.115170
1450	0.115522
1451	0.115922
1452	0.116393
1453	0.116975
1454	0.117641
1455	0.118310
1456	0.118902
1457	0.119358
1458	0.119643
1459	0.119746
1460	0.119664
1461	0.119398
1462	0.118972
1463	0.118452
1464	0.117939
1465	0.117553
1466	0.117393
1467	0.117492
1468	0.117800
1469	0.118235
1470	0.118741
1471	0.119315
1472	0.119942
1473	0.120587
1474	0.121219
1475	0.121817
1476	0.122386
1477	0.122956
1478	0.123572
1479	0.124264
1480	0.125040
1481	0.125881
1482	0.126749
1483	0.127624
1484	0.128504
1485	0.129393
1486	0.130285
1487	0.131171
1488	0.132048
1489	0.132917
1490	0.133798
1491	0.134712
1492	0.135656
1493	0.136614
1494	0.137558
1495	0.138462
1496	0.139315
1497	0.140113
1498	0.140863
1499	0.141579
1500	0.142287
1501	0.143015
1502	0.143790
1503	0.144628
1504	0.145524
1505	0.146456
1506	0.147398
1507	0.148331
1508	0.149245
1509	0.150134
1510	0.150996
1511	0.151831
1512	0.152645
1513	0.153446
1514	0.154239
1515	0.155018
1516	0.155773
1517	0.156498
1518	0.157193
1519	0.157868
1520	0.158540
1521	0.159221
1522	0.159926
1523	0.160667
1524	0.161452
1525	0.162284
1526	0.163150
1527	0.164026
1528	0.164881
1529	0.165695
1530	0.166458
1531	0.167175
1532	0.167856
1533	0.168511
1534	0.169155
1535	0.169806
1536	0.170478
1537	0.171176
1538	0.171898
1539	0.172632
1540	0.173364
1541	0.174088
1542	0.174806
1543	0.175519
1544	0.176227
1545	0.176925
1546	0.177607
1547	0.178269
1548	0.178913
1549	0.179548
1550	0.180179
1551	0.180808
1552	0.181436
1553	0.182064
1554	0.182688
1555	0.183306
1556	0.183911
1557	0.184492
1558	0.185042
1559	0.185561
1560	0.186056
1561	0.186537
1562	0.187018
1563	0.187512
1564	0.188023
1565	0.188552
1566	0.189096
1567	0.189653
1568	0.190221
1569	0.190799
1570	0.191382
1571	0.191965
1572	0.192550
1573	0.193145
1574	0.193754
1575	0.194377
1576	0.195010
1577	0.195644
1578	0.196270
1579	0.196882
1580	0.197475
1581	0.198043
1582	0.198576
1583	0.199068
1584	0.199521
1585	0.199946
1586	0.200361
1587	0.200785
1588	0.201229
1589	0.201698
1590	0.202195
1591	0.202723
1592	0.203280
1593	0.203863
1594	0.204457
1595	0.205044
1596	0.205604
1597	0.206125
1598	0.206606
1599	0.207054
1600	0.207483
1601	0.207908
1602	0.208338
1603	0.208781
1604	0.209234
1605	0.209694
1606	0.210150
1607	0.210592
1608	0.211011
1609	0.211407
1610	0.211790
1611	0.212175
1612	0.212582
1613	0.213024
1614	0.213502
1615	0.214021
1616	0.214580
1617	0.215167
1618	0.215760
1619	0.216330
1620	0.216846
1621	0.217293
1622	0.217677
1623	0.218016
1624	0.218331
1625	0.218633
1626	0.218925
1627	0.219209
1628	0.219487
1629	0.219762
1630	0.220036
1631	0.220304
1632	0.220556
1633	0.220790
1634	0.221013
1635	0.221242
1636	0.221494
1637	0.221781
1638	0.222101
1639	0.222440
1640	0.222775
1641	0.223083
1642	0.223346
1643	0.223555
1644	0.223713
1645	0.223827
1646	0.223911
1647	0.223986
1648	0.224076
1649	0.224204
1650	0.224384
1651	0.224621
1652	0.224908
1653	0.225225
1654	0.225548
1655	0.225854
1656	0.226122
1657	0.226330
1658	0.226463
1659	0.226524
1660	0.226523
1661	0.226479
1662	0.226409
1663	0.226330
1664	0.226249
1665	0.226176
1666	0.226123
1667	0.226092
1668	0.226082
1669	0.226090
1670	0.226103
1671	0.226103
1672	0.226080
1673	0.226039
1674	0.225981
1675	0.225906
1676	0.225803
1677	0.225658
1678	0.225458
1679	0.225202
1680	0.224898
1681	0.224557
1682	0.224186
1683	0.223788
1684	0.223367
1685	0.222939
1686	0.222534
1687	0.222182
1688	0.221897
1689	0.221664
1690	0.221456
1691	0.221250
1692	0.221038
1693	0.220825
1694	0.220609
1695	0.220379
1696	0.220121
1697	0.219827
1698	0.219509
1699	0.219190
1700	0.218888
1701	0.218610
1702	0.218349
1703	0.218091
1704	0.217828
1705	0.217555
1706	0.217269
1707	0.216969
1708	0.216651
1709	0.216315
1710	0.215966
1711	0.215620
1712	0.215297
1713	0.215009
1714	0.214749
1715	0.214494
1716	0.214224
1717	0.213925
1718	0.213605
1719	0.213282
1720	0.212961
1721	0.212637
1722	0.212301
1723	0.211954
1724	0.211609
1725	0.211286
1726	0.210993
1727	0.210727
1728	0.210474
1729	0.210216
1730	0.209948
1731	0.209686
1732	0.209459
1733	0.209282
1734	0.209156
1735	0.209061
1736	0.208965
1737	0.208843
1738	0.208680
1739	0.208463
1740	0.208183
1741	0.207839
1742	0.207442
1743	0.207011
1744	0.206570
1745	0.206151
1746	0.205784
1747	0.205485
1748	0.205247
1749	0.205044
1750	0.204836
1751	0.204578
1752	0.204238
1753	0.203801
1754	0.203266
1755	0.202647
1756	0.201971
1757	0.201273
1758	0.200598
1759	0.199996
1760	0.199509
1761	0.199144
1762	0.198868
1763	0.198629
1764	0.198370
1765	0.198081
1766	0.197788
1767	0.197504
1768	0.197227
1769	0.196946
1770	0.196656
1771	0.196376
1772	0.196139
1773	0.195950
1774	0.195776
1775	0.195561
1776	0.195266
1777	0.194888
1778	0.194459
1779	0.194015
1780	0.193562
1781	0.193082
1782	0.192543
1783	0.191939
1784	0.191299
1785	0.190653
1786	0.190019
1787	0.189405
1788	0.188800
1789	0.188193
1790	0.187584
1791	0.186975
1792	0.186367
1793	0.185758
1794	0.185150
1795	0.184541
1796	0.183933
1797	0.183324
1798	0.182715
1799	0.182107
1800	0.181498
1801	0.180890
1802	0.180281
1803	0.179672
1804	0.179064
1805	0.178455
1806	0.177847
1807	0.177238
1808	0.176630
1809	0.176021
1810	0.175412
1811	0.174804
1812	0.174195
1813	0.173587
1814	0.172978
1815	0.172370
1816	0.171761
1817	0.171152
1818	0.170544
1819	0.169935
1820	0.169327
1821	0.168718
1822	0.168109
1823	0.167501
1824	0.166892
1825	0.166284
1826	0.165675
1827	0.165067
1828	0.164458
1829	0.163849
1830	0.163241
1831	0.162632
1832	0.162024
1833	0.161415
1834	0.160807
1835	0.160198
1836	0.159589
1837	0.158981
1838	0.158372
1839	0.157764
1840	0.157155
1841	0.156546
1842	0.155938
1843	0.155329
1844	0.154721
1845	0.154112
1846	0.153504
1847	0.152895
1848	0.152286
1849	0.151678
1850	0.151069
1851	0.150461
1852	0.149852
1853	0.149244
1854	0.148635
1855	0.148026
1856	0.147418
1857	0.146809
1858	0.146201
1859	0.145592
1860	0.144983
1861	0.144375
1862	0.143766
1863	0.143158
1864	0.142549
1865	0.141941
1866	0.141332
1867	0.140723
1868	0.140115
1869	0.139506
1870	0.138898
1871	0.138289
1872	0.137680
1873	0.137072
1874	0.136463
1875	0.135855
1876	0.135246
1877	0.134638
1878	0.134029
1879	0.133420
1880	0.132812
1881	0.132203
1882	0.131595
1883	0.130986
1884	0.130378
1885	0.129769
1886	0.129160
1887	0.128552
1888	0.127943
1889	0.127335
1890	0.126726
1891	0.126117
1892	0.125509
1893	0.124900
1894	0.124292
1895	0.123683
1896	0.123075
1897	0.122466
1898	0.121857
1899	0.121249
1900	0.120640
1901	0.120032
1902	0.119423
1903	0.118815
1904	0.118206
1905	0.117597
1906	0.116989
1907	0.116380
1908	0.115772
1909	0.115163
1910	0.114554
1911	0.113946
1912	0.113337
1913	0.112729
1914	0.112120
1915	0.111512
1916	0.110903
1917	0.110294
1918	0.109686
1919	0.109077
1920	0.108469
1921	0.107860
1922	0.107251
1923	0.106643
1924	0.106034
1925	0.105426
1926	0.104817
1927	0.104209
1928	0.103600
1929	0.102991
1930	0.102383
1931	0.101774
1932	0.101166
1933	0.100557
1934	0.099949
1935	0.099340
1936	0.098731
1937	0.098123
1938	0.097514
1939	0.096906
1940	0.096297
1941	0.095679
1942	0.095035
1943	0.094393
1944	0.093793
1945	0.093262
1946	0.092796
1947	0.092365
1948	0.091929
1949	0.091451
1950	0.090902
1951	0.090269
1952	0.089543
1953	0.088719
1954	0.087809
1955	0.086843
1956	0.085870
1957	0.084948
1958	0.084126
1959	0.083411
1960	0.082774
1961	0.082199
1962	0.081684
1963	0.081228
1964	0.080830
1965	0.080487
1966	0.080198
1967	0.079963
1968	0.079778
1969	0.079642
1970	0.079555
1971	0.079513
1972	0.079517
1973	0.079563
1974	0.079651
1975	0.079779
1976	0.079945
1977	0.080148
1978	0.080387
1979	0.080658
1980	0.080962
1981	0.081296
1982	0.081659
1983	0.082049
1984	0.082465
1985	0.082905
1986	0.083367
1987	0.083850
1988	0.084352
1989	0.084873
1990	0.085409
1991	0.085960
1992	0.086523
1993	0.087098
1994	0.087683
1995	0.088276
1996	0.088876
1997	0.089480
1998	0.090088
1999	0.090698
2000	0.091308
2001	0.091917
2002	0.092522
2003	0.093108
2004	0.093653
2005	0.094183
2006	0.094759
2007	0.095425
2008	0.096196
2009	0.097070
2010	0.098021
2011	0.098937
2012	0.099663
2013	0.100061
2014	0.100044
2015	0.099613
2016	0.098865
2017	0.097952
2018	0.097039
2019	0.096269
2020	0.095745
2021	0.095508
2022	0.095543
2023	0.095813
2024	0.096256
2025	0.096765
2026	0.097217
2027	0.097555
2028	0.097824
2029	0.098095
2030	0.098428
2031	0.098845
2032	0.099304
2033	0.099724
2034	0.100043
2035	0.100251
2036	0.100385
2037	0.100495
2038	0.100613
2039	0.100736
2040	0.100843
2041	0.100910
2042	0.100923
2043	0.100902
2044	0.100890
2045	0.100944
2046	0.101132
2047	0.101524
2048	0.102142
2049	0.102965
2050	0.103931
2051	0.104954
2052	0.105911
2053	0.106678
2054	0.107178
2055	0.107400
2056	0.107392
2057	0.107250
2058	0.107097
2059	0.107044
2060	0.107149
2061	0.107412
2062	0.107795
2063	0.108233
2064	0.108669
2065	0.109072
2066	0.109422
2067	0.109715
2068	0.109976
2069	0.110241
2070	0.110523
2071	0.110812
2072	0.111102
2073	0.111391
2074	0.111680
2075	0.111969
2076	0.112258
2077	0.112546
2078	0.112834
2079	0.113122
2080	0.113409
2081	0.113695
2082	0.113981
2083	0.114266
2084	0.114551
2085	0.114834
2086	0.115117
2087	0.115399
2088	0.115680
2089	0.115959
2090	0.116238
2091	0.116515
2092	0.116791
2093	0.117066
2094	0.117339
2095	0.117612
2096	0.117882
2097	0.118151
2098	0.118419
2099	0.118685
2100	0.118949
2101	0.119212
2102	0.119473
2103	0.119732
2104	0.119990
2105	0.120246
2106	0.120499
2107	0.120751
2108	0.121001
2109	0.121249
2110	0.121495
2111	0.121739
2112	0.121981
2113	0.122221
2114	0.122458
2115	0.122694
2116	0.122927
2117	0.123158
2118	0.123387
2119	0.123613
2120	0.123838
2121	0.124060
2122	0.124279
2123	0.124497
2124	0.124712
2125	0.124925
2126	0.125135
2127	0.125343
2128	0.125548
2129	0.125751
2130	0.125952
2131	0.126150
2132	0.126346
2133	0.126540
2134	0.126731
2135	0.126919
2136	0.127105
2137	0.127289
2138	0.127470
2139	0.127648
2140	0.127825
2141	0.127999
2142	0.128170
2143	0.128339
2144	0.128505
2145	0.128669
2146	0.128831
2147	0.128990
2148	0.129147
2149	0.129302
2150	0.129454
2151	0.129603
2152	0.129740
2153	0.129843
2154	0.129931
2155	0.130051
2156	0.130242
2157	0.130525
2158	0.130891
2159	0.131318
2160	0.131774
2161	0.132232
2162	0.132667
2163	0.133052
2164	0.133360
2165	0.133573
2166	0.133689
2167	0.133733
2168	0.133750
2169	0.133784
2170	0.133854
2171	0.133938
2172	0.134024
2173	0.134113
2174	0.134204
2175	0.134297
2176	0.134391
2177	0.134488
2178	0.134586
2179	0.134686
2180	0.134787
2181	0.134889
2182	0.134993
2183	0.135097
2184	0.135203
2185	0.135309
2186	0.135416
2187	0.135524
2188	0.135632
2189	0.135740
2190	0.135848
2191	0.135956
2192	0.136064
2193	0.136171
2194	0.136279
2195	0.136385
2196	0.136491
2197	0.136596
2198	0.136699
2199	0.136802
2200	0.136903
2201	0.137003
2202	0.137101
2203	0.137197
2204	0.137291
2205	0.137383
2206	0.137473
2207	0.137560
2208	0.137645
2209	0.137726
2210	0.137805
2211	0.137881
2212	0.137953
2213	0.138022
2214	0.138088
2215	0.138149
2216	0.138206
2217	0.138260
2218	0.138309
2219	0.138353
2220	0.138393
2221	0.138428
2222	0.138458
2223	0.138482
2224	0.138501
2225	0.138515
2226	0.138522
2227	0.138524
2228	0.138520
2229	0.138509
2230	0.138491
2231	0.138467
2232	0.138436
2233	0.138398
2234	0.138352
2235	0.138299
2236	0.138238
2237	0.138169
2238	0.138092
2239	0.138006
2240	0.137912
2241	0.137810
2242	0.137698
2243	0.137577
2244	0.137446
2245	0.137306
2246	0.137157
2247	0.136997
2248	0.136826
2249	0.136646
2250	0.136454
2251	0.136252
2252	0.136058
2253	0.135907
2254	0.135758
2255	0.135529
2256	0.135152
2257	0.134607
2258	0.133922
2259	0.133153
2260	0.132363
2261	0.131608
2262	0.130929
2263	0.130369
2264	0.129967
2265	0.129741
2266	0.129676
2267	0.129714
2268	0.129765
2269	0.129742
2270	0.129620
2271	0.129445
2272	0.129240
2273	0.129007
2274	0.128749
2275	0.128466
2276	0.128160
2277	0.127834
2278	0.127487
2279	0.127123
2280	0.126742
2281	0.126345
2282	0.125935
2283	0.125512
2284	0.125078
2285	0.124634
2286	0.124181
2287	0.123721
2288	0.123254
2289	0.122782
2290	0.122305
2291	0.121825
2292	0.121343
2293	0.120859
2294	0.120375
2295	0.119891
2296	0.119408
2297	0.118928
2298	0.118450
2299	0.117975
2300	0.117505
2301	0.117039
2302	0.116579
2303	0.116125
2304	0.115677
2305	0.115235
2306	0.114801
2307	0.114375
2308	0.113957
2309	0.113547
2310	0.113146
2311	0.112754
2312	0.112371
2313	0.111997
2314	0.111632
2315	0.111277
2316	0.110932
2317	0.110596
2318	0.110269
2319	0.109952
2320	0.109644
2321	0.109345
2322	0.109055
2323	0.108774
2324	0.108501
2325	0.108236
2326	0.107979
2327	0.107730
2328	0.107487
2329	0.107251
2330	0.107021
2331	0.106796
2332	0.106577
2333	0.106361
2334	0.106149
2335	0.105940
2336	0.105733
2337	0.105528
2338	0.105323
2339	0.105118
2340	0.104912
2341	0.104703
2342	0.104492
2343	0.104276
2344	0.104055
2345	0.103828
2346	0.103594
2347	0.103351
2348	0.103098
2349	0.102835
2350	0.102559
2351	0.102269
2352	0.101961
2353	0.101626
2354	0.101264
2355	0.100887
2356	0.100509
2357	0.100142
2358	0.099792
2359	0.099462
2360	0.099151
2361	0.098856
2362	0.098575
2363	0.098300
2364	0.098022
2365	0.097731
2366	0.097420
2367	0.097088
2368	0.096741
2369	0.096392
2370	0.096045
2371	0.095698
2372	0.095348
2373	0.094994
2374	0.094637
2375	0.094277
2376	0.093913
2377	0.093547
2378	0.093177
2379	0.092803
2380	0.092427
2381	0.092047
2382	0.091664
2383	0.091277
2384	0.090887
2385	0.090494
2386	0.090098
2387	0.089699
2388	0.089296
2389	0.088890
2390	0.088480
2391	0.088068
2392	0.087652
2393	0.087232
2394	0.086810
2395	0.086384
2396	0.085955
2397	0.085523
2398	0.085087
2399	0.084648
2400	0.084206
2401	0.083761
2402	0.083312
2403	0.082860
2404	0.082405
2405	0.081946
2406	0.081484
2407	0.081019
2408	0.080551
2409	0.080079
2410	0.079604
2411	0.079126
2412	0.078645
2413	0.078160
2414	0.077672
2415	0.077181
2416	0.076686
2417	0.076188
2418	0.075687
2419	0.075183
2420	0.074675
2421	0.074164
2422	0.073650
2423	0.073132
2424	0.072611
2425	0.072087
2426	0.071560
2427	0.071029
2428	0.070495
2429	0.069958
2430	0.069418
2431	0.068874
2432	0.068327
2433	0.067777
2434	0.067223
2435	0.066666
2436	0.066106
2437	0.065543
2438	0.064976
2439	0.064406
2440	0.063833
2441	0.063256
2442	0.062677
2443	0.062094
2444	0.061507
2445	0.060918
2446	0.060325
2447	0.059729
2448	0.059129
2449	0.058526
2450	0.057920
2451	0.057311
2452	0.056699
2453	0.056083
2454	0.055464
2455	0.054841
2456	0.054216
2457	0.053587
2458	0.052954
2459	0.052319
2460	0.051680
2461	0.051038
2462	0.050393
2463	0.049744
2464	0.049092
2465	0.048437
2466	0.047779
2467	0.047117
2468	0.046452
2469	0.045784
2470	0.045112
2471	0.044438
2472	0.043760
2473	0.043078
2474	0.042394
2475	0.041706
2476	0.041014
2477	0.040320
2478	0.039622
2479	0.038921
2480	0.038217
2481	0.037509
2482	0.036798
2483	0.036084
2484	0.035367
2485	0.034646
2486	0.033922
2487	0.033195
2488	0.032465
2489	0.031731
2490	0.030994
2491	0.030253
2492	0.029510
2493	0.028763
2494	0.028013
2495	0.027259
2496	0.026502
2497	0.025742
2498	0.024979
2499	0.024213
2500	0.023443
