350	0.027424
351	0.027583
352	0.027735
353	0.027882
354	0.028025
355	0.028165
356	0.028302
357	0.028435
358	0.028564
359	0.028685
360	0.028798
361	0.028944
362	0.029106
363	0.029281
364	0.029476
365	0.029684
366	0.029884
367	0.030068
368	0.030237
369	0.030391
370	0.030537
371	0.030684
372	0.030842
373	0.031014
374	0.031199
375	0.031395
376	0.031598
377	0.031797
378	0.031982
379	0.032150
380	0.032300
381	0.032440
382	0.032593
383	0.032781
384	0.033005
385	0.033254
386	0.033523
387	0.033806
388	0.034097
389	0.034387
390	0.034668
391	0.034932
392	0.035178
393	0.035416
394	0.035662
395	0.035925
396	0.036212
397	0.036518
398	0.036827
399	0.037123
400	0.037400
401	0.037663
402	0.037916
403	0.038157
404	0.038387
405	0.038610
406	0.038831
407	0.039057
408	0.039300
409	0.039558
410	0.039829
411	0.040106
412	0.040388
413	0.040674
414	0.040968
415	0.041268
416	0.041572
417	0.041876
418	0.042178
419	0.042482
420	0.042788
421	0.043093
422	0.043395
423	0.043693
424	0.043980
425	0.044258
426	0.044528
427	0.044796
428	0.045071
429	0.045361
430	0.045669
431	0.045990
432	0.046316
433	0.046640
434	0.046958
435	0.047267
436	0.047564
437	0.047849
438	0.048123
439	0.048389
440	0.048653
441	0.048922
442	0.049203
443	0.049496
444	0.049795
445	0.050093
446	0.050387
447	0.050673
448	0.050951
449	0.051223
450	0.051489
451	0.051749
452	0.051998
453	0.052235
454	0.052459
455	0.052677
456	0.052890
457	0.053100
458	0.053304
459	0.053500
460	0.053686
461	0.053862
462	0.054028
463	0.054184
464	0.054333
465	0.054474
466	0.054609
467	0.054742
468	0.054877
469	0.055017
470	0.055160
471	0.055306
472	0.055455
473	0.055609
474	0.055767
475	0.055930
476	0.056097
477	0.056269
478	0.056443
479	0.056613
480	0.056779
481	0.056941
482	0.057101
483	0.057264
484	0.057436
485	0.057619
486	0.057816
487	0.058028
488	0.058257
489	0.058504
490	0.058771
491	0.059051
492	0.059335
493	0.059616
494	0.059894
495	0.060176
496	0.060468
497	0.060772
498	0.061090
499	0.061422
500	0.061770
501	0.062136
502	0.062526
503	0.062939
504	0.063377
505	0.063838
506	0.064323
507	0.064835
508	0.065375
509	0.065942
510	0.066532
511	0.067142
512	0.067773
513	0.068431
514	0.069122
515	0.069848
516	0.070608
517	0.071400
518	0.072222
519	0.073068
520	0.073932
521	0.074803
522	0.075675
523	0.076543
524	0.077402
525	0.078249
526	0.079081
527	0.079898
528	0.080697
529	0.081476
530	0.082231
531	0.082957
532	0.083648
533	0.084302
534	0.084916
535	0.085494
536	0.086042
537	0.086564
538	0.087063
539	0.087541
540	0.088004
541	0.088461
542	0.088919
543	0.089382
544	0.089853
545	0.090332
546	0.090818
547	0.091306
548	0.091794
549	0.092280
550	0.092761
551	0.093233
552	0.093686
553	0.094109
554	0.094489
555	0.094816
556	0.095079
557	0.095270
558	0.095382
559	0.095416
560	0.095382
561	0.095294
562	0.095170
563	0.095031
564	0.094898
565	0.094791
566	0.094724
567	0.094706
568	0.094733
569	0.094794
570	0.094875
571	0.094963
572	0.095047
573	0.095119
574	0.095172
575	0.095196
576	0.095188
577	0.095151
578	0.095091
579	0.095018
580	0.094941
581	0.094869
582	0.094808
583	0.094765
584	0.094747
585	0.094760
586	0.094804
587	0.094872
588	0.094954
589	0.095042
590	0.095131
591	0.095221
592	0.095319
593	0.095435
594	0.095578
595	0.095750
596	0.095947
597	0.096160
598	0.096377
599	0.096585
600	0.096767
601	0.096913
602	0.097016
603	0.097077
604	0.097102
605	0.097095
606	0.097065
607	0.097018
608	0.096961
609	0.096893
610	0.096815
611	0.096726
612	0.096633
613	0.096540
614	0.096453
615	0.096377
616	0.096317
617	0.096273
618	0.096247
619	0.096240
620	0.096252
621	0.096283
622	0.096333
623	0.096403
624	0.096492
625	0.096594
626	0.096706
627	0.096825
628	0.096946
629	0.097066
630	0.097180
631	0.097286
632	0.097380
633	0.097456
634	0.097509
635	0.097537
636	0.097537
637	0.097509
638	0.097455
639	0.097374
640	0.097271
641	0.097150
642	0.097015
643	0.096871
644	0.096722
645	0.096577
646	0.096441
647	0.096321
648	0.096221
649	0.096145
650	0.096091
651	0.096055
652	0.096030
653	0.096007
654	0.095978
655	0.095938
656	0.095881
657	0.095800
658	0.095696
659	0.095572
660	0.095433
661	0.095286
662	0.095138
663	0.094996
664	0.094864
665	0.094747
666	0.094653
667	0.094585
668	0.094545
669	0.094531
670	0.094539
671	0.094567
672	0.094614
673	0.094682
674	0.094773
675	0.094882
676	0.095009
677	0.095158
678	0.095335
679	0.095550
680	0.095807
681	0.096115
682	0.096482
683	0.096920
684	0.097442
685	0.098061
686	0.098787
687	0.099628
688	0.100589
689	0.101683
690	0.102923
691	0.104318
692	0.105873
693	0.107585
694	0.109449
695	0.111460
696	0.113611
697	0.115888
698	0.118272
699	0.120744
700	0.123280
701	0.125862
702	0.128472
703	0.131099
704	0.133733
705	0.136367
706	0.138997
707	0.141627
708	0.144263
709	0.146910
710	0.149562
711	0.152215
712	0.154867
713	0.157524
714	0.160201
715	0.162904
716	0.165624
717	0.168350
718	0.171070
719	0.173777
720	0.176461
721	0.179113
722	0.181719
723	0.184261
724	0.186729
725	0.189125
726	0.191456
727	0.193730
728	0.195941
729	0.198079
730	0.200128
731	0.202077
732	0.203925
733	0.205678
734	0.207338
735	0.208907
736	0.210391
737	0.211795
738	0.213126
739	0.214388
740	0.215584
741	0.216711
742	0.217769
743	0.218754
744	0.219666
745	0.220509
746	0.221290
747	0.222014
748	0.222684
749	0.223305
750	0.223891
751	0.224465
752	0.225028
753	0.225556
754	0.226024
755	0.226431
756	0.226789
757	0.227111
758	0.227411
759	0.227703
760	0.227996
761	0.228294
762	0.228602
763	0.228927
764	0.229267
765	0.229608
766	0.229924
767	0.230190
768	0.230406
769	0.230596
770	0.230781
771	0.230960
772	0.231129
773	0.231300
774	0.231482
775	0.231672
776	0.231867
777	0.232067
778	0.232274
779	0.232488
780	0.232707
781	0.232929
782	0.233148
783	0.233360
784	0.233564
785	0.233761
786	0.233952
787	0.234142
788	0.234333
789	0.234526
790	0.234723
791	0.234926
792	0.235136
793	0.235344
794	0.235545
795	0.235736
796	0.235916
797	0.236088
798	0.236256
799	0.236423
800	0.236590
801	0.236760
802	0.236936
803	0.237119
804	0.237307
805	0.237498
806	0.237686
807	0.237864
808	0.238029
809	0.238178
810	0.238307
811	0.238417
812	0.238516
813	0.238627
814	0.238767
815	0.238932
816	0.239108
817	0.239288
818	0.239477
819	0.239684
820	0.239905
821	0.240123
822	0.240320
823	0.240488
824	0.240631
825	0.240762
826	0.240894
827	0.241032
828	0.241172
829	0.241307
830	0.241439
831	0.241578
832	0.241737
833	0.241913
834	0.242083
835	0.242235
836	0.242371
837	0.242501
838	0.242634
839	0.242770
840	0.242912
841	0.243059
842	0.243214
843	0.243373
844	0.243532
845	0.243688
846	0.243832
847	0.243951
848	0.244040
849	0.244111
850	0.244187
851	0.244287
852	0.244418
853	0.244579
854	0.244762
855	0.244956
856	0.245159
857	0.245364
858	0.245562
859	0.245738
860	0.245876
861	0.245975
862	0.246052
863	0.246137
864	0.246254
865	0.246403
866	0.246568
867	0.246734
868	0.246895
869	0.247050
870	0.247201
871	0.247347
872	0.247479
873	0.247587
874	0.247675
875	0.247761
876	0.247865
877	0.247995
878	0.248144
879	0.248297
880	0.248440
881	0.248567
882	0.248680
883	0.248790
884	0.248902
885	0.249015
886	0.249126
887	0.249237
888	0.249352
889	0.249469
890	0.249581
891	0.249664
892	0.249702
893	0.249693
894	0.249645
895	0.249586
896	0.249554
897	0.249586
898	0.249711
899	0.249923
900	0.250187
901	0.250454
902	0.250687
903	0.250871
904	0.251004
905	0.251091
906	0.251135
907	0.251144
908	0.251140
909	0.251154
910	0.251211
911	0.251323
912	0.251479
913	0.251654
914	0.251828
915	0.251993
916	0.252154
917	0.252318
918	0.252475
919	0.252605
920	0.252686
921	0.252710
922	0.252683
923	0.252617
924	0.252520
925	0.252403
926	0.252281
927	0.252164
928	0.252053
929	0.251946
930	0.251839
931	0.251731
932	0.251624
933	0.251518
934	0.251412
935	0.251307
936	0.251204
937	0.251102
938	0.251002
939	0.250905
940	0.250810
941	0.250718
942	0.250629
943	0.250544
944	0.250462
945	0.250384
946	0.250311
947	0.250243
948	0.250179
949	0.250121
950	0.250068
951	0.250021
952	0.249980
953	0.249945
954	0.249917
955	0.249897
956	0.249883
957	0.249878
958	0.249880
959	0.249890
960	0.249909
961	0.249937
962	0.249973
963	0.250019
964	0.250075
965	0.250141
966	0.250217
967	0.250304
968	0.250402
969	0.250511
970	0.250631
971	0.250763
972	0.250907
973	0.251064
974	0.251233
975	0.251415
976	0.251611
977	0.251820
978	0.252043
979	0.252280
980	0.252531
981	0.252798
982	0.253077
983	0.253367
984	0.253670
985	0.253995
986	0.254348
987	0.254734
988	0.255153
989	0.255600
990	0.256071
991	0.256560
992	0.257059
993	0.257564
994	0.258066
995	0.258560
996	0.259044
997	0.259518
998	0.259989
999	0.260464
1000	0.260943
1001	0.261425
1002	0.261907
1003	0.262388
1004	0.262867
1005	0.263344
1006	0.263818
1007	0.264289
1008	0.264757
1009	0.265220
1010	0.265679
1011	0.266132
1012	0.266580
1013	0.267022
1014	0.267457
1015	0.267886
1016	0.268308
1017	0.268722
1018	0.269129
1019	0.269527
1020	0.269917
1021	0.270299
1022	0.270672
1023	0.271036
1024	0.271391
1025	0.271736
1026	0.272073
1027	0.272399
1028	0.272716
1029	0.273023
1030	0.273320
1031	0.273607
1032	0.273881
1033	0.274146
1034	0.274404
1035	0.274658
1036	0.274908
1037	0.275152
1038	0.275385
1039	0.275606
1040	0.275813
1041	0.276003
1042	0.276177
1043	0.276335
1044	0.276477
1045	0.276606
1046	0.276726
1047	0.276842
1048	0.276959
1049	0.277077
1050	0.277193
1051	0.277307
1052	0.277418
1053	0.277527
1054	0.277633
1055	0.277737
1056	0.277838
1057	0.277936
1058	0.278032
1059	0.278125
1060	0.278215
1061	0.278302
1062	0.278387
1063	0.278469
1064	0.278547
1065	0.278623
1066	0.278697
1067	0.278767
1068	0.278834
1069	0.278898
1070	0.278959
1071	0.279017
1072	0.279072
1073	0.279124
1074	0.279173
1075	0.279219
1076	0.279261
1077	0.279301
1078	0.279337
1079	0.279369
1080	0.279399
1081	0.279425
1082	0.279448
1083	0.279467
1084	0.279483
1085	0.279495
1086	0.279505
1087	0.279510
1088	0.279512
1089	0.279511
1090	0.279506
1091	0.279497
1092	0.279486
1093	0.279473
1094	0.279457
1095	0.279433
1096	0.279398
1097	0.279351
1098	0.279298
1099	0.279247
1100	0.279204
1101	0.279168
1102	0.279134
1103	0.279100
1104	0.279058
1105	0.278995
1106	0.278896
1107	0.278736
1108	0.278494
1109	0.278159
1110	0.277743
1111	0.277283
1112	0.276825
1113	0.276400
1114	0.276020
1115	0.275674
1116	0.275346
1117	0.275029
1118	0.274748
1119	0.274552
1120	0.274489
1121	0.274586
1122	0.274841
1123	0.275228
1124	0.275708
1125	0.276229
1126	0.276732
1127	0.277152
1128	0.277430
1129	0.277538
1130	0.277486
1131	0.277311
1132	0.277068
1133	0.276803
1134	0.276510
1135	0.276131
1136	0.275610
1137	0.274925
1138	0.274089
1139	0.273155
1140	0.272199
1141	0.271283
1142	0.270442
1143	0.269699
1144	0.269077
1145	0.268582
1146	0.268206
1147	0.267929
1148	0.267714
1149	0.267519
1150	0.267326
1151	0.267147
1152	0.267000
1153	0.266881
1154	0.266782
1155	0.266693
1156	0.266598
1157	0.266495
1158	0.266394
1159	0.266293
1160	0.266176
1161	0.266035
1162	0.265872
1163	0.265693
1164	0.265508
1165	0.265335
1166	0.265194
1167	0.265100
1168	0.265062
1169	0.265088
1170	0.265172
1171	0.265295
1172	0.265433
1173	0.265566
1174	0.265677
1175	0.265759
1176	0.265809
1177	0.265827
1178	0.265814
1179	0.265780
1180	0.265744
1181	0.265726
1182	0.265744
1183	0.265809
1184	0.265923
1185	0.266073
1186	0.266242
1187	0.266414
1188	0.266569
1189	0.266683
1190	0.266739
1191	0.266728
1192	0.266664
1193	0.266574
1194	0.266499
1195	0.266474
1196	0.266518
1197	0.266644
1198	0.266851
1199	0.267126
1200	0.267444
1201	0.267773
1202	0.268075
1203	0.268320
1204	0.268497
1205	0.268617
1206	0.268698
1207	0.268770
1208	0.268854
1209	0.268962
1210	0.269099
1211	0.269258
1212	0.269431
1213	0.269608
1214	0.269781
1215	0.269947
1216	0.270112
1217	0.270281
1218	0.270458
1219	0.270642
1220	0.270827
1221	0.271007
1222	0.271178
1223	0.271346
1224	0.271514
1225	0.271689
1226	0.271872
1227	0.272060
1228	0.272250
1229	0.272441
1230	0.272627
1231	0.272805
1232	0.272973
1233	0.273125
1234	0.273263
1235	0.273390
1236	0.273513
1237	0.273643
1238	0.273782
1239	0.273931
1240	0.274087
1241	0.274246
1242	0.274408
1243	0.274574
1244	0.274745
1245	0.274917
1246	0.275082
1247	0.275232
1248	0.275361
1249	0.275469
1250	0.275563
1251	0.275653
1252	0.275752
1253	0.275868
1254	0.276001
1255	0.276145
1256	0.276288
1257	0.276415
1258	0.276520
1259	0.276607
1260	0.276682
1261	0.276755
1262	0.276840
1263	0.276954
1264	0.277107
1265	0.277311
1266	0.277565
1267	0.277855
1268	0.278153
1269	0.278432
1270	0.278670
1271	0.278854
1272	0.278978
1273	0.279042
1274	0.279047
1275	0.279004
1276	0.278934
1277	0.278862
1278	0.278807
1279	0.278777
1280	0.278773
1281	0.278783
1282	0.278796
1283	0.278803
1284	0.278793
1285	0.278747
1286	0.278650
1287	0.278494
1288	0.278285
1289	0.278036
1290	0.277765
1291	0.277486
1292	0.277202
1293	0.276915
1294	0.276627
1295	0.276339
1296	0.276045
1297	0.275740
1298	0.275413
1299	0.275054
1300	0.274661
1301	0.274243
1302	0.273812
1303	0.273378
1304	0.272952
1305	0.272539
1306	0.272134
1307	0.271725
1308	0.271301
1309	0.270856
1310	0.270388
1311	0.269900
1312	0.269395
1313	0.268884
1314	0.268375
1315	0.267880
1316	0.267402
1317	0.266942
1318	0.266494
1319	0.266046
1320	0.265583
1321	0.265095
1322	0.264581
1323	0.264045
1324	0.263493
1325	0.262923
1326	0.262337
1327	0.261733
1328	0.261114
1329	0.260479
1330	0.259827
1331	0.259160
1332	0.258478
1333	0.257781
1334	0.257069
1335	0.256343
1336	0.255602
1337	0.254847
1338	0.254078
1339	0.253296
1340	0.252501
1341	0.251692
1342	0.250871
1343	0.250037
1344	0.249191
1345	0.248333
1346	0.247463
1347	0.246582
1348	0.245689
1349	0.244785
1350	0.243871
1351	0.242946
1352	0.242011
1353	0.241066
1354	0.240111
1355	0.239147
1356	0.238173
1357	0.237190
1358	0.236199
1359	0.235199
1360	0.234191
1361	0.233175
1362	0.232152
1363	0.231120
1364	0.230082
1365	0.229034
1366	0.227970
1367	0.226894
1368	0.225818
1369	0.224753
1370	0.223710
1371	0.222691
1372	0.221697
1373	0.220724
1374	0.219767
1375	0.218821
1376	0.217880
1377	0.216934
1378	0.215976
1379	0.215000
1380	0.214007
1381	0.213005
1382	0.212004
1383	0.211009
1384	0.210017
1385	0.209024
1386	0.208032
1387	0.207040
1388	0.206047
1389	0.205055
1390	0.204063
1391	0.203058
1392	0.202021
1393	0.200982
1394	0.199994
1395	0.199093
1396	0.198279
1397	0.197521
1398	0.196771
1399	0.195983
1400	0.195121
1401	0.194163
1402	0.193092
1403	0.191897
1404	0.190582
1405	0.189176
1406	0.187734
1407	0.186325
1408	0.185008
1409	0.183797
1410	0.182657
1411	0.181570
1412	0.180535
1413	0.179552
1414	0.178619
1415	0.177735
1416	0.176899
1417	0.176109
1418	0.175366
1419	0.174666
1420	0.174011
1421	0.173397
1422	0.172825
1423	0.172292
1424	0.171799
1425	0.171343
1426	0.170924
1427	0.170540
1428	0.170191
1429	0.169875
1430	0.169592
1431	0.169339
1432	0.169116
1433	0.168922
1434	0.168756
1435	0.168616
1436	0.168502
1437	0.168412
1438	0.168345
1439	0.168300
1440	0.168276
1441	0.168272
1442	0.168286
1443	0.168319
1444	0.168367
1445	0.168431
1446	0.168509
1447	0.168600
1448	0.168703
1449	0.168817
1450	0.168940
1451	0.169072
1452	0.169217
1453	0.169387
1454	0.169575
1455	0.169754
1456	0.169890
1457	0.169967
1458	0.169992
1459	0.169971
1460	0.169907
1461	0.169804
1462	0.169647
1463	0.169436
1464	0.169210
1465	0.169036
1466	0.168992
1467	0.169135
1468	0.169491
1469	0.170049
1470	0.170766
1471	0.171599
1472	0.172475
1473	0.173298
1474	0.173979
1475	0.174473
1476	0.174786
1477	0.174960
1478	0.175069
1479	0.175199
1480	0.175403
1481	0.175702
1482	0.176093
1483	0.176552
1484	0.177045
1485	0.177541
1486	0.178023
1487	0.178490
1488	0.178949
1489	0.179418
1490	0.179909
1491	0.180419
1492	0.180941
1493	0.181467
1494	0.181987
1495	0.182493
1496	0.182979
1497	0.183450
1498	0.183913
1499	0.184371
1500	0.184828
1501	0.185282
1502	0.185736
1503	0.186199
1504	0.186680
1505	0.187181
1506	0.187701
1507	0.188232
1508	0.188763
1509	0.189290
1510	0.189811
1511	0.190327
1512	0.190838
1513	0.191343
1514	0.191835
1515	0.192311
1516	0.192770
1517	0.193214
1518	0.193648
1519	0.194076
1520	0.194504
1521	0.194938
1522	0.195388
1523	0.195864
1524	0.196367
1525	0.196895
1526	0.197441
1527	0.197995
1528	0.198551
1529	0.199102
1530	0.199647
1531	0.200183
1532	0.200710
1533	0.201222
1534	0.201714
1535	0.202184
1536	0.202636
1537	0.203080
1538	0.203527
1539	0.203986
1540	0.204461
1541	0.204951
1542	0.205451
1543	0.205952
1544	0.206445
1545	0.206922
1546	0.207377
1547	0.207809
1548	0.208225
1549	0.208637
1550	0.209057
1551	0.209497
1552	0.209959
1553	0.210444
1554	0.210947
1555	0.211462
1556	0.211982
1557	0.212498
1558	0.212999
1559	0.213478
1560	0.213937
1561	0.214379
1562	0.214814
1563	0.215251
1564	0.215692
1565	0.216133
1566	0.216567
1567	0.216984
1568	0.217380
1569	0.217754
1570	0.218110
1571	0.218455
1572	0.218803
1573	0.219164
1574	0.219548
1575	0.219959
1576	0.220397
1577	0.220859
1578	0.221335
1579	0.221812
1580	0.222276
1581	0.222717
1582	0.223129
1583	0.223513
1584	0.223872
1585	0.224211
1586	0.224536
1587	0.224853
1588	0.225171
1589	0.225499
1590	0.225846
1591	0.226212
1592	0.226585
1593	0.226952
1594	0.227297
1595	0.227618
1596	0.227919
1597	0.228215
1598	0.228524
1599	0.228855
1600	0.229212
1601	0.229592
1602	0.229986
1603	0.230378
1604	0.230747
1605	0.231078
1606	0.231365
1607	0.231616
1608	0.231849
1609	0.232080
1610	0.232321
1611	0.232574
1612	0.232842
1613	0.233123
1614	0.233413
1615	0.233709
1616	0.234008
1617	0.234311
1618	0.234620
1619	0.234941
1620	0.235276
1621	0.235627
1622	0.235991
1623	0.236357
1624	0.236715
1625	0.237052
1626	0.237361
1627	0.237638
1628	0.237884
1629	0.238105
1630	0.238302
1631	0.238480
1632	0.238640
1633	0.238793
1634	0.238953
1635	0.239138
1636	0.239362
1637	0.239626
1638	0.239915
1639	0.240217
1640	0.240521
1641	0.240827
1642	0.241141
1643	0.241458
1644	0.241763
1645	0.242042
1646	0.242290
1647	0.242516
1648	0.242742
1649	0.242984
1650	0.243247
1651	0.243522
1652	0.243795
1653	0.244054
1654	0.244295
1655	0.244512
1656	0.244693
1657	0.244830
1658	0.244922
1659	0.244986
1660	0.245047
1661	0.245130
1662	0.245243
1663	0.245383
1664	0.245539
1665	0.245696
1666	0.245841
1667	0.245958
1668	0.246038
1669	0.246081
1670	0.246101
1671	0.246110
1672	0.246114
1673	0.246114
1674	0.246102
1675	0.246082
1676	0.246067
1677	0.246071
1678	0.246099
1679	0.246144
1680	0.246187
1681	0.246216
1682	0.246233
1683	0.246249
1684	0.246269
1685	0.246290
1686	0.246306
1687	0.246310
1688	0.246296
1689	0.246267
1690	0.246220
1691	0.246158
1692	0.246085
1693	0.246012
1694	0.245952
1695	0.245919
1696	0.245925
1697	0.245973
1698	0.246054
1699	0.246142
1700	0.246207
1701	0.246216
1702	0.246144
1703	0.245983
1704	0.245749
1705	0.245471
1706	0.245182
1707	0.244917
1708	0.244707
1709	0.244573
1710	0.244530
1711	0.244567
1712	0.244645
1713	0.244717
1714	0.244739
1715	0.244684
1716	0.244560
1717	0.244383
1718	0.244176
1719	0.243952
1720	0.243717
1721	0.243481
1722	0.243256
1723	0.243063
1724	0.242911
1725	0.242789
1726	0.242681
1727	0.242566
1728	0.242436
1729	0.242293
1730	0.242136
1731	0.241955
1732	0.241734
1733	0.241463
1734	0.241155
1735	0.240835
1736	0.240529
1737	0.240255
1738	0.240009
1739	0.239778
1740	0.239552
1741	0.239325
1742	0.239100
1743	0.238875
1744	0.238652
1745	0.238427
1746	0.238197
1747	0.237968
1748	0.237755
1749	0.237570
1750	0.237412
1751	0.237273
1752	0.237135
1753	0.236986
1754	0.236822
1755	0.236646
1756	0.236453
1757	0.236230
1758	0.235956
1759	0.235624
1760	0.235244
1761	0.234841
1762	0.234447
1763	0.234094
1764	0.233801
1765	0.233577
1766	0.233424
1767	0.233330
1768	0.233275
1769	0.233223
1770	0.233138
1771	0.232992
1772	0.232775
1773	0.232498
1774	0.232181
1775	0.231846
1776	0.231513
1777	0.231206
1778	0.230940
1779	0.230716
1780	0.230514
1781	0.230307
1782	0.230067
1783	0.229775
1784	0.229436
1785	0.229067
1786	0.228687
1787	0.228311
1788	0.227944
1789	0.227582
1790	0.227221
1791	0.226861
1792	0.226501
1793	0.226141
1794	0.225780
1795	0.225420
1796	0.225060
1797	0.224700
1798	0.224340
1799	0.223979
1800	0.223619
1801	0.223259
1802	0.222899
1803	0.222538
1804	0.222178
1805	0.221818
1806	0.221458
1807	0.221097
1808	0.220737
1809	0.220377
1810	0.220017
1811	0.219657
1812	0.219296
1813	0.218936
1814	0.218576
1815	0.218216
1816	0.217855
1817	0.217495
1818	0.217135
1819	0.216775
1820	0.216414
1821	0.216054
1822	0.215694
1823	0.215334
1824	0.214973
1825	0.214613
1826	0.214253
1827	0.213893
1828	0.213533
1829	0.213172
1830	0.212812
1831	0.212452
1832	0.212092
1833	0.211731
1834	0.211371
1835	0.211011
1836	0.210651
1837	0.210290
1838	0.209930
1839	0.209570
1840	0.209210
1841	0.208850
1842	0.208489
1843	0.208129
1844	0.207769
1845	0.207409
1846	0.207048
1847	0.206688
1848	0.206328
1849	0.205968
1850	0.205607
1851	0.205247
1852	0.204887
1853	0.204527
1854	0.204166
1855	0.203806
1856	0.203446
1857	0.203086
1858	0.202726
1859	0.202365
1860	0.202005
1861	0.201645
1862	0.201285
1863	0.200924
1864	0.200564
1865	0.200204
1866	0.199844
1867	0.199483
1868	0.199123
1869	0.198763
1870	0.198403
1871	0.198043
1872	0.197682
1873	0.197322
1874	0.196962
1875	0.196602
1876	0.196241
1877	0.195881
1878	0.195521
1879	0.195161
1880	0.194800
1881	0.194440
1882	0.194080
1883	0.193720
1884	0.193359
1885	0.192999
1886	0.192639
1887	0.192279
1888	0.191919
1889	0.191558
1890	0.191198
1891	0.190838
1892	0.190478
1893	0.190117
1894	0.189757
1895	0.189397
1896	0.189037
1897	0.188676
1898	0.188316
1899	0.187956
1900	0.187596
1901	0.187236
1902	0.186875
1903	0.186515
1904	0.186155
1905	0.185795
1906	0.185434
1907	0.185074
1908	0.184714
1909	0.184354
1910	0.183993
1911	0.183633
1912	0.183273
1913	0.182913
1914	0.182553
1915	0.182192
1916	0.181832
1917	0.181472
1918	0.181112
1919	0.180751
1920	0.180391
1921	0.180031
1922	0.179671
1923	0.179310
1924	0.178950
1925	0.178590
1926	0.178230
1927	0.177869
1928	0.177509
1929	0.177149
1930	0.176789
1931	0.176429
1932	0.176068
1933	0.175708
1934	0.175348
1935	0.174988
1936	0.174627
1937	0.174267
1938	0.173907
1939	0.173547
1940	0.173186
1941	0.172822
1942	0.172449
1943	0.172076
1944	0.171721
1945	0.171393
1946	0.171089
1947	0.170797
1948	0.170498
1949	0.170178
1950	0.169827
1951	0.169439
1952	0.169013
1953	0.168549
1954	0.168053
1955	0.167541
1956	0.167033
1957	0.166554
1958	0.166124
1959	0.165746
1960	0.165406
1961	0.165098
1962	0.164822
1963	0.164576
1964	0.164361
1965	0.164176
1966	0.164019
1967	0.163890
1968	0.163789
1969	0.163715
1970	0.163667
1971	0.163644
1972	0.163647
1973	0.163673
1974	0.163723
1975	0.163795
1976	0.163890
1977	0.164005
1978	0.164142
1979	0.164298
1980	0.164474
1981	0.164669
1982	0.164881
1983	0.165111
1984	0.165357
1985	0.165620
1986	0.165897
1987	0.166189
1988	0.166495
1989	0.166814
1990	0.167146
1991	0.167489
1992	0.167844
1993	0.168209
1994	0.168584
1995	0.168968
1996	0.169361
1997	0.169761
1998	0.170168
1999	0.170581
2000	0.171001
2001	0.171425
2002	0.171840
2003	0.172219
2004	0.172589
2005	0.173025
2006	0.173588
2007	0.174303
2008	0.175141
2009	0.175994
2010	0.176708
2011	0.177129
2012	0.177152
2013	0.176778
2014	0.176114
2015	0.175341
2016	0.174659
2017	0.174245
2018	0.174219
2019	0.174619
2020	0.175382
2021	0.176349
2022	0.177336
2023	0.178166
2024	0.178689
2025	0.178851
2026	0.178726
2027	0.178465
2028	0.178258
2029	0.178249
2030	0.178497
2031	0.178990
2032	0.179672
2033	0.180468
2034	0.181314
2035	0.182151
2036	0.182910
2037	0.183533
2038	0.183996
2039	0.184298
2040	0.184458
2041	0.184498
2042	0.184437
2043	0.184305
2044	0.184160
2045	0.184061
2046	0.184061
2047	0.184196
2048	0.184463
2049	0.184840
2050	0.185302
2051	0.185841
2052	0.186452
2053	0.187096
2054	0.187707
2055	0.188235
2056	0.188660
2057	0.188998
2058	0.189294
2059	0.189585
2060	0.189884
2061	0.190187
2062	0.190493
2063	0.190801
2064	0.191120
2065	0.191464
2066	0.191833
2067	0.192204
2068	0.192564
2069	0.192913
2070	0.193256
2071	0.193593
2072	0.193927
2073	0.194257
2074	0.194583
2075	0.194905
2076	0.195225
2077	0.195541
2078	0.195854
2079	0.196163
2080	0.196471
2081	0.196775
2082	0.197077
2083	0.197376
2084	0.197673
2085	0.197968
2086	0.198261
2087	0.198551
2088	0.198839
2089	0.199126
2090	0.199411
2091	0.199694
2092	0.199975
2093	0.200255
2094	0.200533
2095	0.200810
2096	0.201085
2097	0.201359
2098	0.201632
2099	0.201903
2100	0.202173
2101	0.202442
2102	0.202710
2103	0.202976
2104	0.203241
2105	0.203506
2106	0.203769
2107	0.204031
2108	0.204291
2109	0.204551
2110	0.204810
2111	0.205067
2112	0.205323
2113	0.205578
2114	0.205832
2115	0.206085
2116	0.206336
2117	0.206586
2118	0.206835
2119	0.207082
2120	0.207328
2121	0.207572
2122	0.207814
2123	0.208055
2124	0.208295
2125	0.208532
2126	0.208768
2127	0.209002
2128	0.209233
2129	0.209463
2130	0.209690
2131	0.209915
2132	0.210137
2133	0.210357
2134	0.210575
2135	0.210789
2136	0.211001
2137	0.211209
2138	0.211414
2139	0.211616
2140	0.211815
2141	0.212010
2142	0.212201
2143	0.212389
2144	0.212572
2145	0.212751
2146	0.212925
2147	0.213095
2148	0.213261
2149	0.213421
2150	0.213576
2151	0.213726
2152	0.213895
2153	0.214128
2154	0.214377
2155	0.214542
2156	0.214534
2157	0.214317
2158	0.213913
2159	0.213383
2160	0.212796
2161	0.212217
2162	0.211696
2163	0.211289
2164	0.211049
2165	0.211010
2166	0.211166
2167	0.211454
2168	0.211770
2169	0.212012
2170	0.212145
2171	0.212222
2172	0.212273
2173	0.212298
2174	0.212300
2175	0.212282
2176	0.212245
2177	0.212191
2178	0.212121
2179	0.212038
2180	0.211943
2181	0.211838
2182	0.211723
2183	0.211602
2184	0.211475
2185	0.211343
2186	0.211208
2187	0.211071
2188	0.210933
2189	0.210796
2190	0.210660
2191	0.210526
2192	0.210395
2193	0.210269
2194	0.210147
2195	0.210032
2196	0.209922
2197	0.209819
2198	0.209724
2199	0.209637
2200	0.209559
2201	0.209489
2202	0.209428
2203	0.209377
2204	0.209335
2205	0.209303
2206	0.209280
2207	0.209267
2208	0.209264
2209	0.209271
2210	0.209286
2211	0.209311
2212	0.209345
2213	0.209387
2214	0.209437
2215	0.209495
2216	0.209559
2217	0.209630
2218	0.209707
2219	0.209788
2220	0.209874
2221	0.209963
2222	0.210054
2223	0.210147
2224	0.210239
2225	0.210331
2226	0.210421
2227	0.210508
2228	0.210590
2229	0.210667
2230	0.210736
2231	0.210796
2232	0.210847
2233	0.210885
2234	0.210909
2235	0.210919
2236	0.210911
2237	0.210884
2238	0.210837
2239	0.210767
2240	0.210672
2241	0.210550
2242	0.210399
2243	0.210216
2244	0.210000
2245	0.209748
2246	0.209458
2247	0.209127
2248	0.208753
2249	0.208332
2250	0.207864
2251	0.207344
2252	0.206719
2253	0.205893
2254	0.204938
2255	0.204048
2256	0.203415
2257	0.203140
2258	0.203225
2259	0.203600
2260	0.204163
2261	0.204816
2262	0.205476
2263	0.206037
2264	0.206387
2265	0.206434
2266	0.206159
2267	0.205643
2268	0.205062
2269	0.204607
2270	0.204353
2271	0.204207
2272	0.204113
2273	0.204068
2274	0.204067
2275	0.204105
2276	0.204179
2277	0.204284
2278	0.204418
2279	0.204575
2280	0.204752
2281	0.204947
2282	0.205155
2283	0.205374
2284	0.205599
2285	0.205830
2286	0.206062
2287	0.206293
2288	0.206520
2289	0.206742
2290	0.206955
2291	0.207158
2292	0.207349
2293	0.207525
2294	0.207686
2295	0.207829
2296	0.207954
2297	0.208058
2298	0.208141
2299	0.208201
2300	0.208239
2301	0.208251
2302	0.208240
2303	0.208203
2304	0.208140
2305	0.208051
2306	0.207937
2307	0.207796
2308	0.207630
2309	0.207438
2310	0.207221
2311	0.206979
2312	0.206713
2313	0.206425
2314	0.206114
2315	0.205783
2316	0.205431
2317	0.205062
2318	0.204675
2319	0.204273
2320	0.203858
2321	0.203431
2322	0.202994
2323	0.202550
2324	0.202101
2325	0.201650
2326	0.201198
2327	0.200749
2328	0.200305
2329	0.199870
2330	0.199446
2331	0.199038
2332	0.198647
2333	0.198278
2334	0.197934
2335	0.197619
2336	0.197337
2337	0.197093
2338	0.196889
2339	0.196731
2340	0.196623
2341	0.196569
2342	0.196575
2343	0.196645
2344	0.196784
2345	0.196997
2346	0.197289
2347	0.197666
2348	0.198134
2349	0.198698
2350	0.199363
2351	0.200136
2352	0.201039
2353	0.202115
2354	0.203356
2355	0.204711
2356	0.206112
2357	0.207504
2358	0.208853
2359	0.210150
2360	0.211401
2361	0.212616
2362	0.213814
2363	0.215025
2364	0.216293
2365	0.217667
2366	0.219180
2367	0.220836
2368	0.222602
2369	0.224427
2370	0.226279
2371	0.228177
2372	0.230134
2373	0.232150
2374	0.234224
2375	0.236357
2376	0.238548
2377	0.240797
2378	0.243106
2379	0.245472
2380	0.247898
2381	0.250381
2382	0.252924
2383	0.255524
2384	0.258184
2385	0.260902
2386	0.263678
2387	0.266513
2388	0.269406
2389	0.272358
2390	0.275369
2391	0.278438
2392	0.281566
2393	0.284752
2394	0.287996
2395	0.291299
2396	0.294661
2397	0.298081
2398	0.301560
2399	0.305097
2400	0.308693
2401	0.312347
2402	0.316060
2403	0.319832
2404	0.323662
2405	0.327550
2406	0.331497
2407	0.335503
2408	0.339567
2409	0.343689
2410	0.347870
2411	0.352110
2412	0.356408
2413	0.360765
2414	0.365180
2415	0.369654
2416	0.374186
2417	0.378777
2418	0.383426
2419	0.388134
2420	0.392900
2421	0.397725
2422	0.402608
2423	0.407550
2424	0.412551
2425	0.417610
2426	0.422727
2427	0.427904
2428	0.433138
2429	0.438431
2430	0.443783
2431	0.449193
2432	0.454662
2433	0.460189
2434	0.465775
2435	0.471419
2436	0.477122
2437	0.482883
2438	0.488703
2439	0.494582
2440	0.500519
2441	0.506514
2442	0.512568
2443	0.518681
2444	0.524852
2445	0.531081
2446	0.537369
2447	0.543716
2448	0.550121
2449	0.556585
2450	0.563107
2451	0.569688
2452	0.576327
2453	0.583025
2454	0.589781
2455	0.596596
2456	0.603470
2457	0.610401
2458	0.617392
2459	0.624441
2460	0.631548
2461	0.638714
2462	0.645939
2463	0.653222
2464	0.660564
2465	0.667964
2466	0.675423
2467	0.682940
2468	0.690516
2469	0.698150
2470	0.705843
2471	0.713594
2472	0.721404
2473	0.729272
2474	0.737199
2475	0.745185
2476	0.753229
2477	0.761331
2478	0.769492
2479	0.777712
2480	0.785990
2481	0.794326
2482	0.802721
2483	0.811175
2484	0.819687
2485	0.828258
2486	0.836887
2487	0.845575
2488	0.854321
2489	0.863126
2490	0.871990
2491	0.880912
2492	0.889892
2493	0.898931
2494	0.908028
2495	0.917184
2496	0.926399
2497	0.935672
2498	0.945004
2499	0.954394
2500	0.963842
