350	0.010284
351	0.010369
352	0.010445
353	0.010510
354	0.010566
355	0.010613
356	0.010650
357	0.010680
358	0.010701
359	0.010713
360	0.010709
361	0.010691
362	0.010675
363	0.010669
364	0.010684
365	0.010720
366	0.010766
367	0.010816
368	0.010871
369	0.010927
370	0.010980
371	0.011030
372	0.011083
373	0.011135
374	0.011183
375	0.011229
376	0.011273
377	0.011316
378	0.011358
379	0.011398
380	0.011433
381	0.011465
382	0.011498
383	0.011543
384	0.011608
385	0.011693
386	0.011792
387	0.011896
388	0.012000
389	0.012109
390	0.012228
391	0.012354
392	0.012481
393	0.012606
394	0.012729
395	0.012853
396	0.012981
397	0.013117
398	0.013260
399	0.013403
400	0.013539
401	0.013664
402	0.013786
403	0.013913
404	0.014051
405	0.014203
406	0.014368
407	0.014541
408	0.014721
409	0.014906
410	0.015094
411	0.015279
412	0.015456
413	0.015621
414	0.015772
415	0.015913
416	0.016046
417	0.016178
418	0.016313
419	0.016451
420	0.016590
421	0.016728
422	0.016862
423	0.016988
424	0.017103
425	0.017207
426	0.017301
427	0.017387
428	0.017470
429	0.017551
430	0.017631
431	0.017710
432	0.017789
433	0.017868
434	0.017943
435	0.018011
436	0.018073
437	0.018129
438	0.018183
439	0.018238
440	0.018296
441	0.018361
442	0.018432
443	0.018508
444	0.018586
445	0.018666
446	0.018749
447	0.018834
448	0.018921
449	0.019006
450	0.019090
451	0.019171
452	0.019247
453	0.019316
454	0.019379
455	0.019435
456	0.019481
457	0.019519
458	0.019548
459	0.019572
460	0.019591
461	0.019606
462	0.019618
463	0.019628
464	0.019638
465	0.019651
466	0.019667
467	0.019686
468	0.019708
469	0.019731
470	0.019754
471	0.019775
472	0.019795
473	0.019811
474	0.019822
475	0.019828
476	0.019835
477	0.019845
478	0.019857
479	0.019871
480	0.019891
481	0.019915
482	0.019943
483	0.019972
484	0.020001
485	0.020033
486	0.020069
487	0.020111
488	0.020161
489	0.020221
490	0.020293
491	0.020377
492	0.020472
493	0.020579
494	0.020698
495	0.020832
496	0.020980
497	0.021145
498	0.021327
499	0.021530
500	0.021757
501	0.022008
502	0.022281
503	0.022576
504	0.022896
505	0.023243
506	0.023623
507	0.024040
508	0.024495
509	0.024989
510	0.025522
511	0.026099
512	0.026725
513	0.027404
514	0.028137
515	0.028921
516	0.029749
517	0.030616
518	0.031520
519	0.032457
520	0.033416
521	0.034388
522	0.035364
523	0.036337
524	0.037302
525	0.038254
526	0.039186
527	0.040088
528	0.040953
529	0.041773
530	0.042543
531	0.043262
532	0.043925
533	0.044534
534	0.045087
535	0.045588
536	0.046042
537	0.046454
538	0.046829
539	0.047170
540	0.047483
541	0.047775
542	0.048051
543	0.048316
544	0.048569
545	0.048811
546	0.049042
547	0.049258
548	0.049458
549	0.049639
550	0.049798
551	0.049928
552	0.050022
553	0.050073
554	0.050073
555	0.050015
556	0.049893
557	0.049701
558	0.049440
559	0.049110
560	0.048721
561	0.048279
562	0.047793
563	0.047274
564	0.046735
565	0.046187
566	0.045638
567	0.045092
568	0.044551
569	0.044017
570	0.043485
571	0.042956
572	0.042433
573	0.041919
574	0.041418
575	0.040931
576	0.040459
577	0.040006
578	0.039578
579	0.039177
580	0.038805
581	0.038461
582	0.038143
583	0.037850
584	0.037583
585	0.037342
586	0.037128
587	0.036938
588	0.036766
589	0.036609
590	0.036466
591	0.036339
592	0.036230
593	0.036137
594	0.036058
595	0.035990
596	0.035933
597	0.035883
598	0.035835
599	0.035782
600	0.035719
601	0.035638
602	0.035536
603	0.035414
604	0.035270
605	0.035105
606	0.034918
607	0.034710
608	0.034484
609	0.034246
610	0.034000
611	0.033748
612	0.033492
613	0.033236
614	0.032984
615	0.032742
616	0.032515
617	0.032306
618	0.032118
619	0.031954
620	0.031816
621	0.031705
622	0.031622
623	0.031564
624	0.031531
625	0.031520
626	0.031525
627	0.031542
628	0.031567
629	0.031595
630	0.031620
631	0.031633
632	0.031625
633	0.031590
634	0.031523
635	0.031419
636	0.031279
637	0.031101
638	0.030885
639	0.030629
640	0.030335
641	0.030009
642	0.029659
643	0.029296
644	0.028929
645	0.028570
646	0.028229
647	0.027916
648	0.027639
649	0.027401
650	0.027201
651	0.027027
652	0.026867
653	0.026706
654	0.026535
655	0.026347
656	0.026139
657	0.025905
658	0.025647
659	0.025364
660	0.025064
661	0.024758
662	0.024455
663	0.024164
664	0.023890
665	0.023637
666	0.023407
667	0.023204
668	0.023032
669	0.022892
670	0.022784
671	0.022707
672	0.022658
673	0.022634
674	0.022637
675	0.022665
676	0.022719
677	0.022795
678	0.022897
679	0.023032
680	0.023216
681	0.023471
682	0.023817
683	0.024268
684	0.024833
685	0.025517
686	0.026326
687	0.027273
688	0.028372
689	0.029636
690	0.031075
691	0.032701
692	0.034525
693	0.036566
694	0.038840
695	0.041350
696	0.044084
697	0.047022
698	0.050136
699	0.053402
700	0.056795
701	0.060295
702	0.063880
703	0.067531
704	0.071237
705	0.074993
706	0.078810
707	0.082699
708	0.086670
709	0.090725
710	0.094864
711	0.099098
712	0.103456
713	0.107977
714	0.112697
715	0.117621
716	0.122732
717	0.128006
718	0.133428
719	0.138992
720	0.144685
721	0.150486
722	0.156364
723	0.162295
724	0.168273
725	0.174306
726	0.180399
727	0.186538
728	0.192682
729	0.198779
730	0.204782
731	0.210670
732	0.216436
733	0.222077
734	0.227580
735	0.232930
736	0.238117
737	0.243134
738	0.247973
739	0.252624
740	0.257074
741	0.261312
742	0.265330
743	0.269124
744	0.272692
745	0.276043
746	0.279186
747	0.282130
748	0.284880
749	0.287439
750	0.289815
751	0.292020
752	0.294061
753	0.295948
754	0.297712
755	0.299390
756	0.301005
757	0.302554
758	0.304025
759	0.305398
760	0.306654
761	0.307777
762	0.308762
763	0.309613
764	0.310340
765	0.310963
766	0.311508
767	0.312011
768	0.312506
769	0.313017
770	0.313542
771	0.314060
772	0.314560
773	0.315044
774	0.315515
775	0.315972
776	0.316420
777	0.316861
778	0.317300
779	0.317735
780	0.318161
781	0.318572
782	0.318962
783	0.319331
784	0.319680
785	0.320016
786	0.320348
787	0.320685
788	0.321034
789	0.321392
790	0.321755
791	0.322117
792	0.322475
793	0.322823
794	0.323158
795	0.323477
796	0.323780
797	0.324067
798	0.324347
799	0.324626
800	0.324914
801	0.325214
802	0.325524
803	0.325831
804	0.326129
805	0.326417
806	0.326694
807	0.326953
808	0.327189
809	0.327398
810	0.327583
811	0.327749
812	0.327912
813	0.328093
814	0.328306
815	0.328548
816	0.328806
817	0.329069
818	0.329337
819	0.329612
820	0.329891
821	0.330165
822	0.330425
823	0.330666
824	0.330889
825	0.331098
826	0.331298
827	0.331494
828	0.331684
829	0.331861
830	0.332027
831	0.332191
832	0.332371
833	0.332576
834	0.332796
835	0.333024
836	0.333259
837	0.333499
838	0.333742
839	0.333986
840	0.334234
841	0.334484
842	0.334734
843	0.334974
844	0.335200
845	0.335410
846	0.335603
847	0.335777
848	0.335934
849	0.336086
850	0.336246
851	0.336427
852	0.336628
853	0.336846
854	0.337077
855	0.337321
856	0.337572
857	0.337820
858	0.338056
859	0.338276
860	0.338474
861	0.338647
862	0.338806
863	0.338965
864	0.339136
865	0.339314
866	0.339492
867	0.339665
868	0.339838
869	0.340014
870	0.340196
871	0.340382
872	0.340563
873	0.340732
874	0.340880
875	0.341004
876	0.341114
877	0.341222
878	0.341334
879	0.341445
880	0.341547
881	0.341644
882	0.341742
883	0.341848
884	0.341962
885	0.342081
886	0.342194
887	0.342285
888	0.342345
889	0.342372
890	0.342364
891	0.342317
892	0.342232
893	0.342115
894	0.341984
895	0.341859
896	0.341769
897	0.341746
898	0.341806
899	0.341941
900	0.342120
901	0.342305
902	0.342465
903	0.342584
904	0.342657
905	0.342686
906	0.342678
907	0.342638
908	0.342568
909	0.342477
910	0.342392
911	0.342344
912	0.342344
913	0.342378
914	0.342422
915	0.342464
916	0.342501
917	0.342529
918	0.342536
919	0.342499
920	0.342396
921	0.342210
922	0.341939
923	0.341597
924	0.341207
925	0.340788
926	0.340343
927	0.339866
928	0.339352
929	0.338804
930	0.338224
931	0.337615
932	0.336979
933	0.336318
934	0.335633
935	0.334927
936	0.334201
937	0.333458
938	0.332700
939	0.331927
940	0.331144
941	0.330350
942	0.329549
943	0.328742
944	0.327931
945	0.327118
946	0.326305
947	0.325494
948	0.324687
949	0.323886
950	0.323093
951	0.322309
952	0.321538
953	0.320779
954	0.320037
955	0.319312
956	0.318606
957	0.317922
958	0.317261
959	0.316626
960	0.316018
961	0.315439
962	0.314891
963	0.314376
964	0.313896
965	0.313454
966	0.313050
967	0.312687
968	0.312367
969	0.312092
970	0.311863
971	0.311683
972	0.311554
973	0.311477
974	0.311455
975	0.311489
976	0.311582
977	0.311735
978	0.311950
979	0.312229
980	0.312575
981	0.312988
982	0.313478
983	0.314059
984	0.314731
985	0.315475
986	0.316265
987	0.317079
988	0.317899
989	0.318713
990	0.319518
991	0.320312
992	0.321094
993	0.321872
994	0.322658
995	0.323468
996	0.324313
997	0.325198
998	0.326110
999	0.327032
1000	0.327950
1001	0.328869
1002	0.329791
1003	0.330715
1004	0.331639
1005	0.332561
1006	0.333481
1007	0.334396
1008	0.335307
1009	0.336210
1010	0.337107
1011	0.337994
1012	0.338872
1013	0.339738
1014	0.340593
1015	0.341436
1016	0.342264
1017	0.343079
1018	0.343878
1019	0.344662
1020	0.345429
1021	0.346179
1022	0.346912
1023	0.347627
1024	0.348323
1025	0.349000
1026	0.349659
1027	0.350297
1028	0.350916
1029	0.351516
1030	0.352095
1031	0.352654
1032	0.353193
1033	0.353712
1034	0.354213
1035	0.354694
1036	0.355156
1037	0.355595
1038	0.356011
1039	0.356404
1040	0.356775
1041	0.357124
1042	0.357455
1043	0.357769
1044	0.358070
1045	0.358360
1046	0.358644
1047	0.358922
1048	0.359195
1049	0.359464
1050	0.359726
1051	0.359981
1052	0.360229
1053	0.360469
1054	0.360701
1055	0.360925
1056	0.361141
1057	0.361349
1058	0.361547
1059	0.361737
1060	0.361918
1061	0.362089
1062	0.362250
1063	0.362401
1064	0.362543
1065	0.362674
1066	0.362794
1067	0.362903
1068	0.363002
1069	0.363089
1070	0.363164
1071	0.363228
1072	0.363280
1073	0.363319
1074	0.363346
1075	0.363360
1076	0.363362
1077	0.363350
1078	0.363324
1079	0.363285
1080	0.363233
1081	0.363166
1082	0.363084
1083	0.362989
1084	0.362878
1085	0.362752
1086	0.362611
1087	0.362455
1088	0.362282
1089	0.362094
1090	0.361889
1091	0.361669
1092	0.361429
1093	0.361167
1094	0.360882
1095	0.360581
1096	0.360276
1097	0.359977
1098	0.359692
1099	0.359418
1100	0.359146
1101	0.358858
1102	0.358541
1103	0.358180
1104	0.357766
1105	0.357289
1106	0.356744
1107	0.356135
1108	0.355480
1109	0.354809
1110	0.354153
1111	0.353536
1112	0.352968
1113	0.352442
1114	0.351935
1115	0.351416
1116	0.350852
1117	0.350226
1118	0.349543
1119	0.348811
1120	0.348049
1121	0.347282
1122	0.346534
1123	0.345813
1124	0.345110
1125	0.344400
1126	0.343628
1127	0.342722
1128	0.341617
1129	0.340282
1130	0.338727
1131	0.337002
1132	0.335167
1133	0.333272
1134	0.331342
1135	0.329392
1136	0.327431
1137	0.325453
1138	0.323428
1139	0.321304
1140	0.319024
1141	0.316550
1142	0.313898
1143	0.311140
1144	0.308373
1145	0.305676
1146	0.303105
1147	0.300698
1148	0.298480
1149	0.296475
1150	0.294700
1151	0.293159
1152	0.291832
1153	0.290684
1154	0.289685
1155	0.288817
1156	0.288076
1157	0.287454
1158	0.286927
1159	0.286465
1160	0.286033
1161	0.285609
1162	0.285187
1163	0.284771
1164	0.284370
1165	0.283999
1166	0.283669
1167	0.283388
1168	0.283158
1169	0.282976
1170	0.282834
1171	0.282716
1172	0.282603
1173	0.282483
1174	0.282352
1175	0.282209
1176	0.282052
1177	0.281880
1178	0.281690
1179	0.281485
1180	0.281279
1181	0.281087
1182	0.280916
1183	0.280764
1184	0.280621
1185	0.280481
1186	0.280343
1187	0.280211
1188	0.280088
1189	0.279972
1190	0.279852
1191	0.279725
1192	0.279592
1193	0.279464
1194	0.279356
1195	0.279286
1196	0.279264
1197	0.279299
1198	0.279395
1199	0.279545
1200	0.279739
1201	0.279954
1202	0.280168
1203	0.280366
1204	0.280541
1205	0.280699
1206	0.280851
1207	0.281009
1208	0.281184
1209	0.281387
1210	0.281628
1211	0.281908
1212	0.282215
1213	0.282533
1214	0.282839
1215	0.283114
1216	0.283354
1217	0.283570
1218	0.283786
1219	0.284025
1220	0.284304
1221	0.284632
1222	0.285008
1223	0.285423
1224	0.285864
1225	0.286310
1226	0.286739
1227	0.287134
1228	0.287488
1229	0.287803
1230	0.288091
1231	0.288368
1232	0.288649
1233	0.288937
1234	0.289227
1235	0.289511
1236	0.289777
1237	0.290026
1238	0.290260
1239	0.290487
1240	0.290708
1241	0.290926
1242	0.291142
1243	0.291359
1244	0.291586
1245	0.291830
1246	0.292088
1247	0.292353
1248	0.292619
1249	0.292880
1250	0.293132
1251	0.293373
1252	0.293596
1253	0.293794
1254	0.293960
1255	0.294098
1256	0.294215
1257	0.294316
1258	0.294400
1259	0.294467
1260	0.294515
1261	0.294549
1262	0.294578
1263	0.294611
1264	0.294648
1265	0.294691
1266	0.294737
1267	0.294785
1268	0.294831
1269	0.294869
1270	0.294890
1271	0.294884
1272	0.294845
1273	0.294777
1274	0.294685
1275	0.294572
1276	0.294441
1277	0.294292
1278	0.294128
1279	0.293945
1280	0.293741
1281	0.293508
1282	0.293241
1283	0.292936
1284	0.292589
1285	0.292199
1286	0.291761
1287	0.291273
1288	0.290735
1289	0.290154
1290	0.289541
1291	0.288912
1292	0.288274
1293	0.287628
1294	0.286970
1295	0.286292
1296	0.285594
1297	0.284873
1298	0.284132
1299	0.283371
1300	0.282590
1301	0.281785
1302	0.280952
1303	0.280082
1304	0.279167
1305	0.278204
1306	0.277191
1307	0.276129
1308	0.275018
1309	0.273860
1310	0.272655
1311	0.271407
1312	0.270122
1313	0.268802
1314	0.267449
1315	0.266062
1316	0.264640
1317	0.263186
1318	0.261710
1319	0.260223
1320	0.258734
1321	0.257246
1322	0.255754
1323	0.254257
1324	0.252753
1325	0.251242
1326	0.249723
1327	0.248196
1328	0.246662
1329	0.245119
1330	0.243568
1331	0.242008
1332	0.240439
1333	0.238861
1334	0.237274
1335	0.235677
1336	0.234069
1337	0.232452
1338	0.230824
1339	0.229186
1340	0.227537
1341	0.225876
1342	0.224204
1343	0.222520
1344	0.220825
1345	0.219117
1346	0.217397
1347	0.215664
1348	0.213918
1349	0.212159
1350	0.210387
1351	0.208601
1352	0.206802
1353	0.204988
1354	0.203159
1355	0.201317
1356	0.199459
1357	0.197586
1358	0.195698
1359	0.193794
1360	0.191874
1361	0.189938
1362	0.187986
1363	0.186017
1364	0.184032
1365	0.182024
1366	0.179982
1367	0.177911
1368	0.175831
1369	0.173765
1370	0.171730
1371	0.169736
1372	0.167784
1373	0.165869
1374	0.163986
1375	0.162127
1376	0.160280
1377	0.158430
1378	0.156560
1379	0.154660
1380	0.152732
1381	0.150787
1382	0.148842
1383	0.146909
1384	0.144979
1385	0.143049
1386	0.141120
1387	0.139190
1388	0.137261
1389	0.135331
1390	0.133402
1391	0.131454
1392	0.129458
1393	0.127457
1394	0.125530
1395	0.123733
1396	0.122069
1397	0.120492
1398	0.118936
1399	0.117332
1400	0.115625
1401	0.113782
1402	0.111773
1403	0.109578
1404	0.107199
1405	0.104674
1406	0.102083
1407	0.099526
1408	0.097091
1409	0.094800
1410	0.092604
1411	0.090479
1412	0.088424
1413	0.086440
1414	0.084525
1415	0.082679
1416	0.080902
1417	0.079192
1418	0.077551
1419	0.075976
1420	0.074468
1421	0.073026
1422	0.071649
1423	0.070338
1424	0.069091
1425	0.067908
1426	0.066789
1427	0.065732
1428	0.064738
1429	0.063807
1430	0.062936
1431	0.062127
1432	0.061378
1433	0.060689
1434	0.060060
1435	0.059490
1436	0.058978
1437	0.058524
1438	0.058127
1439	0.057788
1440	0.057505
1441	0.057278
1442	0.057107
1443	0.056990
1444	0.056928
1445	0.056920
1446	0.056965
1447	0.057063
1448	0.057214
1449	0.057417
1450	0.057671
1451	0.057976
1452	0.058350
1453	0.058832
1454	0.059402
1455	0.059986
1456	0.060500
1457	0.060884
1458	0.061116
1459	0.061199
1460	0.061151
1461	0.060994
1462	0.060748
1463	0.060457
1464	0.060193
1465	0.060032
1466	0.060031
1467	0.060201
1468	0.060496
1469	0.060844
1470	0.061204
1471	0.061584
1472	0.061985
1473	0.062386
1474	0.062767
1475	0.063121
1476	0.063462
1477	0.063816
1478	0.064217
1479	0.064695
1480	0.065262
1481	0.065914
1482	0.066642
1483	0.067426
1484	0.068245
1485	0.069077
1486	0.069888
1487	0.070648
1488	0.071343
1489	0.071965
1490	0.072525
1491	0.073048
1492	0.073560
1493	0.074083
1494	0.074631
1495	0.075212
1496	0.075829
1497	0.076475
1498	0.077138
1499	0.077802
1500	0.078453
1501	0.079084
1502	0.079701
1503	0.080324
1504	0.080976
1505	0.081669
1506	0.082407
1507	0.083185
1508	0.083985
1509	0.084789
1510	0.085581
1511	0.086345
1512	0.087073
1513	0.087761
1514	0.088418
1515	0.089055
1516	0.089689
1517	0.090331
1518	0.090991
1519	0.091669
1520	0.092362
1521	0.093063
1522	0.093764
1523	0.094457
1524	0.095132
1525	0.095787
1526	0.096424
1527	0.097054
1528	0.097691
1529	0.098341
1530	0.099008
1531	0.099686
1532	0.100373
1533	0.101068
1534	0.101773
1535	0.102487
1536	0.103206
1537	0.103925
1538	0.104639
1539	0.105349
1540	0.106056
1541	0.106761
1542	0.107459
1543	0.108148
1544	0.108825
1545	0.109495
1546	0.110162
1547	0.110827
1548	0.111486
1549	0.112133
1550	0.112768
1551	0.113396
1552	0.114021
1553	0.114646
1554	0.115272
1555	0.115900
1556	0.116536
1557	0.117181
1558	0.117834
1559	0.118482
1560	0.119110
1561	0.119705
1562	0.120267
1563	0.120806
1564	0.121338
1565	0.121879
1566	0.122436
1567	0.123003
1568	0.123578
1569	0.124161
1570	0.124750
1571	0.125344
1572	0.125941
1573	0.126540
1574	0.127138
1575	0.127737
1576	0.128333
1577	0.128920
1578	0.129488
1579	0.130023
1580	0.130516
1581	0.130965
1582	0.131381
1583	0.131785
1584	0.132200
1585	0.132645
1586	0.133132
1587	0.133667
1588	0.134245
1589	0.134852
1590	0.135463
1591	0.136051
1592	0.136596
1593	0.137095
1594	0.137558
1595	0.138003
1596	0.138444
1597	0.138890
1598	0.139341
1599	0.139792
1600	0.140239
1601	0.140681
1602	0.141117
1603	0.141550
1604	0.141985
1605	0.142432
1606	0.142900
1607	0.143397
1608	0.143921
1609	0.144458
1610	0.144988
1611	0.145488
1612	0.145938
1613	0.146333
1614	0.146683
1615	0.147010
1616	0.147341
1617	0.147696
1618	0.148085
1619	0.148507
1620	0.148954
1621	0.149412
1622	0.149861
1623	0.150283
1624	0.150664
1625	0.150997
1626	0.151291
1627	0.151559
1628	0.151818
1629	0.152085
1630	0.152372
1631	0.152691
1632	0.153042
1633	0.153416
1634	0.153798
1635	0.154167
1636	0.154512
1637	0.154829
1638	0.155128
1639	0.155419
1640	0.155710
1641	0.156012
1642	0.156338
1643	0.156694
1644	0.157075
1645	0.157463
1646	0.157829
1647	0.158151
1648	0.158425
1649	0.158652
1650	0.158842
1651	0.159003
1652	0.159137
1653	0.159250
1654	0.159352
1655	0.159460
1656	0.159590
1657	0.159748
1658	0.159925
1659	0.160106
1660	0.160277
1661	0.160427
1662	0.160546
1663	0.160626
1664	0.160658
1665	0.160641
1666	0.160588
1667	0.160521
1668	0.160463
1669	0.160426
1670	0.160409
1671	0.160400
1672	0.160387
1673	0.160361
1674	0.160324
1675	0.160280
1676	0.160236
1677	0.160189
1678	0.160137
1679	0.160075
1680	0.159997
1681	0.159898
1682	0.159776
1683	0.159630
1684	0.159463
1685	0.159284
1686	0.159097
1687	0.158904
1688	0.158709
1689	0.158514
1690	0.158326
1691	0.158149
1692	0.157988
1693	0.157841
1694	0.157705
1695	0.157571
1696	0.157428
1697	0.157264
1698	0.157074
1699	0.156860
1700	0.156631
1701	0.156398
1702	0.156170
1703	0.155962
1704	0.155784
1705	0.155634
1706	0.155501
1707	0.155357
1708	0.155162
1709	0.154892
1710	0.154540
1711	0.154125
1712	0.153678
1713	0.153232
1714	0.152806
1715	0.152405
1716	0.152033
1717	0.151691
1718	0.151382
1719	0.151116
1720	0.150890
1721	0.150687
1722	0.150484
1723	0.150267
1724	0.150032
1725	0.149780
1726	0.149504
1727	0.149206
1728	0.148890
1729	0.148570
1730	0.148270
1731	0.148009
1732	0.147785
1733	0.147574
1734	0.147335
1735	0.147025
1736	0.146613
1737	0.146091
1738	0.145477
1739	0.144799
1740	0.144090
1741	0.143391
1742	0.142738
1743	0.142162
1744	0.141673
1745	0.141267
1746	0.140922
1747	0.140613
1748	0.140323
1749	0.140043
1750	0.139767
1751	0.139484
1752	0.139166
1753	0.138788
1754	0.138327
1755	0.137771
1756	0.137124
1757	0.136416
1758	0.135692
1759	0.134994
1760	0.134357
1761	0.133801
1762	0.133326
1763	0.132929
1764	0.132603
1765	0.132343
1766	0.132136
1767	0.131951
1768	0.131747
1769	0.131477
1770	0.131102
1771	0.130623
1772	0.130074
1773	0.129499
1774	0.128925
1775	0.128372
1776	0.127858
1777	0.127398
1778	0.127010
1779	0.126689
1780	0.126400
1781	0.126093
1782	0.125721
1783	0.125266
1784	0.124741
1785	0.124181
1786	0.123619
1787	0.123075
1788	0.122542
1789	0.122012
1790	0.121483
1791	0.120954
1792	0.120425
1793	0.119897
1794	0.119368
1795	0.118839
1796	0.118310
1797	0.117781
1798	0.117252
1799	0.116723
1800	0.116194
1801	0.115665
1802	0.115136
1803	0.114608
1804	0.114079
1805	0.113550
1806	0.113021
1807	0.112492
1808	0.111963
1809	0.111434
1810	0.110905
1811	0.110376
1812	0.109847
1813	0.109319
1814	0.108790
1815	0.108261
1816	0.107732
1817	0.107203
1818	0.106674
1819	0.106145
1820	0.105616
1821	0.105087
1822	0.104558
1823	0.104030
1824	0.103501
1825	0.102972
1826	0.102443
1827	0.101914
1828	0.101385
1829	0.100856
1830	0.100327
1831	0.099798
1832	0.099269
1833	0.098741
1834	0.098212
1835	0.097683
1836	0.097154
1837	0.096625
1838	0.096096
1839	0.095567
1840	0.095038
1841	0.094509
1842	0.093980
1843	0.093452
1844	0.092923
1845	0.092394
1846	0.091865
1847	0.091336
1848	0.090807
1849	0.090278
1850	0.089749
1851	0.089220
1852	0.088691
1853	0.088163
1854	0.087634
1855	0.087105
1856	0.086576
1857	0.086047
1858	0.085518
1859	0.084989
1860	0.084460
1861	0.083931
1862	0.083402
1863	0.082874
1864	0.082345
1865	0.081816
1866	0.081287
1867	0.080758
1868	0.080229
1869	0.079700
1870	0.079171
1871	0.078642
1872	0.078113
1873	0.077585
1874	0.077056
1875	0.076527
1876	0.075998
1877	0.075469
1878	0.074940
1879	0.074411
1880	0.073882
1881	0.073353
1882	0.072824
1883	0.072296
1884	0.071767
1885	0.071238
1886	0.070709
1887	0.070180
1888	0.069651
1889	0.069122
1890	0.068593
1891	0.068064
1892	0.067535
1893	0.067007
1894	0.066478
1895	0.065949
1896	0.065420
1897	0.064891
1898	0.064362
1899	0.063833
1900	0.063304
1901	0.062775
1902	0.062246
1903	0.061718
1904	0.061189
1905	0.060660
1906	0.060131
1907	0.059602
1908	0.059073
1909	0.058544
1910	0.058015
1911	0.057486
1912	0.056957
1913	0.056429
1914	0.055900
1915	0.055371
1916	0.054842
1917	0.054313
1918	0.053784
1919	0.053255
1920	0.052726
1921	0.052197
1922	0.051668
1923	0.051140
1924	0.050611
1925	0.050082
1926	0.049553
1927	0.049024
1928	0.048495
1929	0.047966
1930	0.047437
1931	0.046908
1932	0.046379
1933	0.045851
1934	0.045322
1935	0.044793
1936	0.044264
1937	0.043735
1938	0.043206
1939	0.042677
1940	0.042148
1941	0.041617
1942	0.041080
1943	0.040544
1944	0.040018
1945	0.039509
1946	0.039014
1947	0.038525
1948	0.038032
1949	0.037525
1950	0.036999
1951	0.036450
1952	0.035878
1953	0.035282
1954	0.034669
1955	0.034045
1956	0.033426
1957	0.032827
1958	0.032260
1959	0.031727
1960	0.031220
1961	0.030738
1962	0.030279
1963	0.029845
1964	0.029435
1965	0.029050
1966	0.028689
1967	0.028353
1968	0.028042
1969	0.027756
1970	0.027496
1971	0.027261
1972	0.027052
1973	0.026869
1974	0.026711
1975	0.026581
1976	0.026476
1977	0.026398
1978	0.026347
1979	0.026322
1980	0.026325
1981	0.026355
1982	0.026413
1983	0.026498
1984	0.026610
1985	0.026751
1986	0.026920
1987	0.027117
1988	0.027343
1989	0.027597
1990	0.027880
1991	0.028192
1992	0.028533
1993	0.028904
1994	0.029303
1995	0.029733
1996	0.030192
1997	0.030682
1998	0.031201
1999	0.031751
2000	0.032332
2001	0.032943
2002	0.033594
2003	0.034307
2004	0.035083
2005	0.035885
2006	0.036657
2007	0.037358
2008	0.037967
2009	0.038492
2010	0.038943
2011	0.039296
2012	0.039502
2013	0.039510
2014	0.039295
2015	0.038888
2016	0.038373
2017	0.037852
2018	0.037406
2019	0.037069
2020	0.036840
2021	0.036716
2022	0.036683
2023	0.036706
2024	0.036757
2025	0.036818
2026	0.036878
2027	0.036950
2028	0.037069
2029	0.037267
2030	0.037565
2031	0.037963
2032	0.038427
2033	0.038899
2034	0.039321
2035	0.039661
2036	0.039929
2037	0.040177
2038	0.040472
2039	0.040848
2040	0.041293
2041	0.041743
2042	0.042123
2043	0.042375
2044	0.042477
2045	0.042451
2046	0.042346
2047	0.042209
2048	0.042093
2049	0.042057
2050	0.042133
2051	0.042327
2052	0.042640
2053	0.043062
2054	0.043548
2055	0.044035
2056	0.044478
2057	0.044851
2058	0.045157
2059	0.045414
2060	0.045649
2061	0.045882
2062	0.046125
2063	0.046397
2064	0.046707
2065	0.047055
2066	0.047446
2067	0.047880
2068	0.048334
2069	0.048768
2070	0.049169
2071	0.049553
2072	0.049928
2073	0.050295
2074	0.050654
2075	0.051007
2076	0.051352
2077	0.051691
2078	0.052024
2079	0.052351
2080	0.052673
2081	0.052991
2082	0.053304
2083	0.053612
2084	0.053917
2085	0.054218
2086	0.054516
2087	0.054811
2088	0.055103
2089	0.055393
2090	0.055680
2091	0.055966
2092	0.056250
2093	0.056532
2094	0.056813
2095	0.057093
2096	0.057372
2097	0.057650
2098	0.057928
2099	0.058205
2100	0.058481
2101	0.058757
2102	0.059033
2103	0.059309
2104	0.059585
2105	0.059861
2106	0.060137
2107	0.060413
2108	0.060689
2109	0.060965
2110	0.061242
2111	0.061518
2112	0.061795
2113	0.062072
2114	0.062348
2115	0.062625
2116	0.062901
2117	0.063177
2118	0.063453
2119	0.063728
2120	0.064003
2121	0.064277
2122	0.064550
2123	0.064822
2124	0.065092
2125	0.065361
2126	0.065629
2127	0.065895
2128	0.066158
2129	0.066420
2130	0.066678
2131	0.066934
2132	0.067187
2133	0.067436
2134	0.067682
2135	0.067924
2136	0.068161
2137	0.068393
2138	0.068620
2139	0.068842
2140	0.069058
2141	0.069268
2142	0.069472
2143	0.069668
2144	0.069856
2145	0.070037
2146	0.070210
2147	0.070373
2148	0.070528
2149	0.070672
2150	0.070806
2151	0.070930
2152	0.071044
2153	0.071150
2154	0.071239
2155	0.071299
2156	0.071325
2157	0.071327
2158	0.071321
2159	0.071329
2160	0.071369
2161	0.071453
2162	0.071589
2163	0.071779
2164	0.072024
2165	0.072315
2166	0.072638
2167	0.072970
2168	0.073291
2169	0.073587
2170	0.073856
2171	0.074110
2172	0.074352
2173	0.074584
2174	0.074806
2175	0.075017
2176	0.075220
2177	0.075413
2178	0.075598
2179	0.075774
2180	0.075943
2181	0.076104
2182	0.076258
2183	0.076405
2184	0.076546
2185	0.076681
2186	0.076810
2187	0.076933
2188	0.077051
2189	0.077163
2190	0.077271
2191	0.077374
2192	0.077473
2193	0.077567
2194	0.077657
2195	0.077743
2196	0.077826
2197	0.077905
2198	0.077980
2199	0.078052
2200	0.078121
2201	0.078186
2202	0.078248
2203	0.078308
2204	0.078364
2205	0.078417
2206	0.078467
2207	0.078514
2208	0.078558
2209	0.078598
2210	0.078636
2211	0.078671
2212	0.078702
2213	0.078730
2214	0.078755
2215	0.078776
2216	0.078794
2217	0.078808
2218	0.078818
2219	0.078823
2220	0.078825
2221	0.078822
2222	0.078815
2223	0.078802
2224	0.078785
2225	0.078762
2226	0.078734
2227	0.078700
2228	0.078659
2229	0.078612
2230	0.078559
2231	0.078498
2232	0.078430
2233	0.078354
2234	0.078270
2235	0.078178
2236	0.078076
2237	0.077966
2238	0.077845
2239	0.077715
2240	0.077573
2241	0.077421
2242	0.077257
2243	0.077081
2244	0.076893
2245	0.076691
2246	0.076476
2247	0.076246
2248	0.076002
2249	0.075743
2250	0.075468
2251	0.075176
2252	0.074917
2253	0.074770
2254	0.074629
2255	0.074284
2256	0.073578
2257	0.072481
2258	0.071084
2259	0.069549
2260	0.068049
2261	0.066727
2262	0.065686
2263	0.065023
2264	0.064820
2265	0.065103
2266	0.065808
2267	0.066763
2268	0.067724
2269	0.068473
2270	0.068949
2271	0.069276
2272	0.069518
2273	0.069680
2274	0.069768
2275	0.069786
2276	0.069738
2277	0.069630
2278	0.069466
2279	0.069251
2280	0.068988
2281	0.068682
2282	0.068337
2283	0.067957
2284	0.067545
2285	0.067105
2286	0.066641
2287	0.066157
2288	0.065654
2289	0.065138
2290	0.064610
2291	0.064073
2292	0.063531
2293	0.062985
2294	0.062439
2295	0.061895
2296	0.061356
2297	0.060822
2298	0.060297
2299	0.059782
2300	0.059280
2301	0.058791
2302	0.058317
2303	0.057861
2304	0.057422
2305	0.057003
2306	0.056603
2307	0.056225
2308	0.055869
2309	0.055536
2310	0.055226
2311	0.054940
2312	0.054678
2313	0.054440
2314	0.054226
2315	0.054036
2316	0.053870
2317	0.053728
2318	0.053610
2319	0.053514
2320	0.053440
2321	0.053387
2322	0.053355
2323	0.053341
2324	0.053346
2325	0.053368
2326	0.053405
2327	0.053456
2328	0.053519
2329	0.053592
2330	0.053674
2331	0.053762
2332	0.053854
2333	0.053948
2334	0.054042
2335	0.054132
2336	0.054217
2337	0.054294
2338	0.054359
2339	0.054410
2340	0.054443
2341	0.054456
2342	0.054444
2343	0.054404
2344	0.054333
2345	0.054227
2346	0.054081
2347	0.053893
2348	0.053657
2349	0.053370
2350	0.053027
2351	0.052623
2352	0.052143
2353	0.051553
2354	0.050860
2355	0.050101
2356	0.049325
2357	0.048573
2358	0.047871
2359	0.047224
2360	0.046630
2361	0.046080
2362	0.045561
2363	0.045053
2364	0.044520
2365	0.043930
2366	0.043256
2367	0.042495
2368	0.041672
2369	0.040825
2370	0.039975
2371	0.039110
2372	0.038220
2373	0.037306
2374	0.036368
2375	0.035404
2376	0.034417
2377	0.033405
2378	0.032368
2379	0.031307
2380	0.030221
2381	0.029110
2382	0.027975
2383	0.026816
2384	0.025632
2385	0.024424
2386	0.023191
2387	0.021933
2388	0.020651
2389	0.019344
2390	0.018013
2391	0.016658
2392	0.015277
2393	0.013873
2394	0.012443
2395	0.010990
2396	0.009511
2397	0.008008
2398	0.006481
2399	0.004929
2400	0.003353
2401	0.001752
2402	0.000126
2403	-0.001524
2404	-0.003199
2405	-0.004898
2406	-0.006621
2407	-0.008369
2408	-0.010142
2409	-0.011939
2410	-0.013761
2411	-0.015607
2412	-0.017478
2413	-0.019374
2414	-0.021293
2415	-0.023238
2416	-0.025207
2417	-0.027200
2418	-0.029218
2419	-0.031261
2420	-0.033328
2421	-0.035420
2422	-0.037536
2423	-0.039676
2424	-0.041842
2425	-0.044031
2426	-0.046246
2427	-0.048484
2428	-0.050748
2429	-0.053036
2430	-0.055348
2431	-0.057685
2432	-0.060046
2433	-0.062432
2434	-0.064843
2435	-0.067278
2436	-0.069737
2437	-0.072222
2438	-0.074730
2439	-0.077263
2440	-0.079821
2441	-0.082403
2442	-0.085010
2443	-0.087641
2444	-0.090297
2445	-0.092978
2446	-0.095683
2447	-0.098412
2448	-0.101166
2449	-0.103944
2450	-0.106747
2451	-0.109575
2452	-0.112427
2453	-0.115304
2454	-0.118205
2455	-0.121130
2456	-0.124081
2457	-0.127055
2458	-0.130055
2459	-0.133078
2460	-0.136127
2461	-0.139200
2462	-0.142297
2463	-0.145419
2464	-0.148565
2465	-0.151736
2466	-0.154932
2467	-0.158152
2468	-0.161397
2469	-0.164666
2470	-0.167959
2471	-0.171277
2472	-0.174620
2473	-0.177987
2474	-0.181379
2475	-0.184796
2476	-0.188236
2477	-0.191702
2478	-0.195192
2479	-0.198706
2480	-0.202245
2481	-0.205808
2482	-0.209396
2483	-0.213009
2484	-0.216646
2485	-0.220308
2486	-0.223994
2487	-0.227705
2488	-0.231440
2489	-0.235200
2490	-0.238984
2491	-0.242793
2492	-0.246626
2493	-0.250484
2494	-0.254366
2495	-0.258273
2496	-0.262205
2497	-0.266161
2498	-0.270141
2499	-0.274146
2500	-0.278176
