350	0.021818
351	0.021911
352	0.021998
353	0.022080
354	0.022159
355	0.022234
356	0.022305
357	0.022370
358	0.022426
359	0.022470
360	0.022520
361	0.022608
362	0.022706
363	0.022802
364	0.022891
365	0.022963
366	0.023018
367	0.023067
368	0.023122
369	0.023180
370	0.023240
371	0.023307
372	0.023386
373	0.023483
374	0.023599
375	0.023730
376	0.023869
377	0.024012
378	0.024158
379	0.024301
380	0.024437
381	0.024569
382	0.024702
383	0.024839
384	0.024985
385	0.025143
386	0.025308
387	0.025474
388	0.025636
389	0.025790
390	0.025937
391	0.026080
392	0.026226
393	0.026381
394	0.026551
395	0.026737
396	0.026937
397	0.027148
398	0.027364
399	0.027576
400	0.027777
401	0.027963
402	0.028136
403	0.028301
404	0.028465
405	0.028634
406	0.028811
407	0.029000
408	0.029210
409	0.029443
410	0.029691
411	0.029946
412	0.030202
413	0.030457
414	0.030709
415	0.030962
416	0.031213
417	0.031458
418	0.031695
419	0.031931
420	0.032170
421	0.032416
422	0.032665
423	0.032909
424	0.033136
425	0.033345
426	0.033542
427	0.033735
428	0.033931
429	0.034135
430	0.034351
431	0.034579
432	0.034815
433	0.035053
434	0.035283
435	0.035499
436	0.035700
437	0.035886
438	0.036061
439	0.036228
440	0.036397
441	0.036574
442	0.036763
443	0.036964
444	0.037169
445	0.037373
446	0.037568
447	0.037754
448	0.037933
449	0.038106
450	0.038275
451	0.038441
452	0.038600
453	0.038752
454	0.038899
455	0.039038
456	0.039170
457	0.039293
458	0.039408
459	0.039514
460	0.039610
461	0.039697
462	0.039777
463	0.039854
464	0.039932
465	0.040011
466	0.040091
467	0.040169
468	0.040245
469	0.040321
470	0.040398
471	0.040478
472	0.040564
473	0.040653
474	0.040742
475	0.040831
476	0.040920
477	0.041011
478	0.041104
479	0.041195
480	0.041280
481	0.041360
482	0.041438
483	0.041521
484	0.041617
485	0.041728
486	0.041855
487	0.041993
488	0.042138
489	0.042292
490	0.042457
491	0.042636
492	0.042825
493	0.043022
494	0.043227
495	0.043444
496	0.043678
497	0.043932
498	0.044208
499	0.044505
500	0.044822
501	0.045159
502	0.045517
503	0.045901
504	0.046316
505	0.046763
506	0.047243
507	0.047756
508	0.048305
509	0.048892
510	0.049517
511	0.050182
512	0.050892
513	0.051653
514	0.052464
515	0.053327
516	0.054238
517	0.055196
518	0.056197
519	0.057229
520	0.058279
521	0.059338
522	0.060401
523	0.061461
524	0.062511
525	0.063546
526	0.064561
527	0.065550
528	0.066509
529	0.067429
530	0.068306
531	0.069135
532	0.069911
533	0.070630
534	0.071293
535	0.071904
536	0.072466
537	0.072985
538	0.073466
539	0.073915
540	0.074340
541	0.074750
542	0.075150
543	0.075545
544	0.075937
545	0.076328
546	0.076716
547	0.077099
548	0.077473
549	0.077834
550	0.078179
551	0.078502
552	0.078798
553	0.079057
554	0.079267
555	0.079415
556	0.079488
557	0.079475
558	0.079370
559	0.079176
560	0.078904
561	0.078570
562	0.078189
563	0.077779
564	0.077356
565	0.076935
566	0.076531
567	0.076153
568	0.075801
569	0.075474
570	0.075166
571	0.074870
572	0.074582
573	0.074298
574	0.074016
575	0.073731
576	0.073439
577	0.073139
578	0.072835
579	0.072536
580	0.072252
581	0.071988
582	0.071742
583	0.071514
584	0.071306
585	0.071123
586	0.070968
587	0.070838
588	0.070730
589	0.070637
590	0.070558
591	0.070496
592	0.070456
593	0.070441
594	0.070455
595	0.070493
596	0.070547
597	0.070608
598	0.070670
599	0.070725
600	0.070763
601	0.070774
602	0.070748
603	0.070680
604	0.070570
605	0.070422
606	0.070245
607	0.070044
608	0.069826
609	0.069594
610	0.069350
611	0.069098
612	0.068846
613	0.068602
614	0.068371
615	0.068157
616	0.067959
617	0.067779
618	0.067618
619	0.067479
620	0.067368
621	0.067284
622	0.067225
623	0.067191
624	0.067181
625	0.067193
626	0.067222
627	0.067264
628	0.067312
629	0.067359
630	0.067400
631	0.067428
632	0.067436
633	0.067419
634	0.067373
635	0.067293
636	0.067177
637	0.067025
638	0.066838
639	0.066618
640	0.066369
641	0.066094
642	0.065800
643	0.065495
644	0.065190
645	0.064891
646	0.064608
647	0.064347
648	0.064118
649	0.063926
650	0.063767
651	0.063636
652	0.063521
653	0.063410
654	0.063291
655	0.063157
656	0.062999
657	0.062812
658	0.062594
659	0.062346
660	0.062075
661	0.061793
662	0.061513
663	0.061246
664	0.060997
665	0.060771
666	0.060573
667	0.060407
668	0.060275
669	0.060175
670	0.060106
671	0.060064
672	0.060051
673	0.060065
674	0.060105
675	0.060167
676	0.060251
677	0.060359
678	0.060497
679	0.060673
680	0.060900
681	0.061191
682	0.061560
683	0.062020
684	0.062586
685	0.063273
686	0.064094
687	0.065062
688	0.066189
689	0.067493
690	0.068991
691	0.070702
692	0.072633
693	0.074792
694	0.077177
695	0.079784
696	0.082599
697	0.085604
698	0.088774
699	0.092082
700	0.095502
701	0.099005
702	0.102567
703	0.106167
704	0.109790
705	0.113425
706	0.117071
707	0.120729
708	0.124408
709	0.128116
710	0.131854
711	0.135621
712	0.139421
713	0.143265
714	0.147168
715	0.151135
716	0.155153
717	0.159203
718	0.163265
719	0.167327
720	0.171378
721	0.175401
722	0.179375
723	0.183278
724	0.187096
725	0.190827
726	0.194474
727	0.198037
728	0.201504
729	0.204857
730	0.208076
731	0.211150
732	0.214082
733	0.216877
734	0.219541
735	0.222070
736	0.224467
737	0.226737
738	0.228886
739	0.230912
740	0.232813
741	0.234587
742	0.236238
743	0.237770
744	0.239191
745	0.240505
746	0.241719
747	0.242841
748	0.243877
749	0.244829
750	0.245710
751	0.246549
752	0.247360
753	0.248119
754	0.248799
755	0.249401
756	0.249942
757	0.250432
758	0.250874
759	0.251273
760	0.251634
761	0.251966
762	0.252282
763	0.252593
764	0.252906
765	0.253218
766	0.253511
767	0.253762
768	0.253966
769	0.254151
770	0.254337
771	0.254519
772	0.254686
773	0.254850
774	0.255026
775	0.255213
776	0.255405
777	0.255597
778	0.255789
779	0.255985
780	0.256184
781	0.256382
782	0.256575
783	0.256759
784	0.256934
785	0.257100
786	0.257261
787	0.257423
788	0.257587
789	0.257752
790	0.257918
791	0.258089
792	0.258267
793	0.258449
794	0.258634
795	0.258816
796	0.258993
797	0.259161
798	0.259321
799	0.259479
800	0.259638
801	0.259800
802	0.259963
803	0.260124
804	0.260284
805	0.260447
806	0.260614
807	0.260774
808	0.260915
809	0.261030
810	0.261115
811	0.261174
812	0.261225
813	0.261298
814	0.261417
815	0.261573
816	0.261744
817	0.261913
818	0.262087
819	0.262279
820	0.262483
821	0.262682
822	0.262856
823	0.262998
824	0.263117
825	0.263226
826	0.263340
827	0.263463
828	0.263590
829	0.263709
830	0.263816
831	0.263923
832	0.264047
833	0.264191
834	0.264337
835	0.264469
836	0.264589
837	0.264703
838	0.264816
839	0.264930
840	0.265047
841	0.265173
842	0.265312
843	0.265458
844	0.265605
845	0.265752
846	0.265892
847	0.266013
848	0.266102
849	0.266167
850	0.266231
851	0.266316
852	0.266429
853	0.266563
854	0.266709
855	0.266861
856	0.267024
857	0.267198
858	0.267375
859	0.267533
860	0.267651
861	0.267721
862	0.267762
863	0.267813
864	0.267905
865	0.268038
866	0.268195
867	0.268358
868	0.268522
869	0.268687
870	0.268852
871	0.269013
872	0.269154
873	0.269261
874	0.269334
875	0.269392
876	0.269457
877	0.269548
878	0.269667
879	0.269800
880	0.269925
881	0.270029
882	0.270113
883	0.270187
884	0.270261
885	0.270343
886	0.270428
887	0.270511
888	0.270590
889	0.270667
890	0.270735
891	0.270778
892	0.270775
893	0.270715
894	0.270604
895	0.270476
896	0.270385
897	0.270380
898	0.270492
899	0.270715
900	0.271009
901	0.271313
902	0.271573
903	0.271756
904	0.271867
905	0.271926
906	0.271946
907	0.271925
908	0.271871
909	0.271807
910	0.271767
911	0.271779
912	0.271853
913	0.271972
914	0.272107
915	0.272238
916	0.272366
917	0.272503
918	0.272651
919	0.272788
920	0.272877
921	0.272878
922	0.272782
923	0.272618
924	0.272418
925	0.272207
926	0.272000
927	0.271801
928	0.271597
929	0.271382
930	0.271156
931	0.270923
932	0.270683
933	0.270436
934	0.270183
935	0.269925
936	0.269662
937	0.269396
938	0.269126
939	0.268854
940	0.268580
941	0.268305
942	0.268029
943	0.267753
944	0.267479
945	0.267206
946	0.266935
947	0.266667
948	0.266402
949	0.266142
950	0.265887
951	0.265638
952	0.265394
953	0.265158
954	0.264929
955	0.264709
956	0.264498
957	0.264296
958	0.264105
959	0.263925
960	0.263756
961	0.263600
962	0.263457
963	0.263328
964	0.263213
965	0.263113
966	0.263029
967	0.262962
968	0.262911
969	0.262879
970	0.262865
971	0.262870
972	0.262895
973	0.262940
974	0.263007
975	0.263095
976	0.263206
977	0.263341
978	0.263499
979	0.263682
980	0.263890
981	0.264124
982	0.264386
983	0.264678
984	0.265002
985	0.265356
986	0.265736
987	0.266136
988	0.266552
989	0.266980
990	0.267414
991	0.267853
992	0.268295
993	0.268737
994	0.269182
995	0.269631
996	0.270086
997	0.270550
998	0.271022
999	0.271498
1000	0.271977
1001	0.272458
1002	0.272942
1003	0.273426
1004	0.273911
1005	0.274396
1006	0.274881
1007	0.275364
1008	0.275845
1009	0.276324
1010	0.276800
1011	0.277273
1012	0.277742
1013	0.278207
1014	0.278667
1015	0.279122
1016	0.279571
1017	0.280015
1018	0.280452
1019	0.280883
1020	0.281306
1021	0.281722
1022	0.282131
1023	0.282532
1024	0.282926
1025	0.283311
1026	0.283687
1027	0.284055
1028	0.284414
1029	0.284765
1030	0.285106
1031	0.285439
1032	0.285763
1033	0.286079
1034	0.286385
1035	0.286680
1036	0.286964
1037	0.287236
1038	0.287498
1039	0.287749
1040	0.287992
1041	0.288227
1042	0.288455
1043	0.288677
1044	0.288894
1045	0.289108
1046	0.289318
1047	0.289523
1048	0.289722
1049	0.289916
1050	0.290103
1051	0.290285
1052	0.290460
1053	0.290630
1054	0.290793
1055	0.290950
1056	0.291100
1057	0.291244
1058	0.291382
1059	0.291513
1060	0.291637
1061	0.291754
1062	0.291864
1063	0.291967
1064	0.292063
1065	0.292152
1066	0.292233
1067	0.292307
1068	0.292373
1069	0.292432
1070	0.292482
1071	0.292525
1072	0.292560
1073	0.292587
1074	0.292606
1075	0.292617
1076	0.292619
1077	0.292613
1078	0.292598
1079	0.292574
1080	0.292542
1081	0.292501
1082	0.292451
1083	0.292392
1084	0.292324
1085	0.292247
1086	0.292160
1087	0.292064
1088	0.291959
1089	0.291843
1090	0.291718
1091	0.291584
1092	0.291438
1093	0.291277
1094	0.291104
1095	0.290925
1096	0.290742
1097	0.290554
1098	0.290364
1099	0.290177
1100	0.290005
1101	0.289861
1102	0.289751
1103	0.289663
1104	0.289577
1105	0.289468
1106	0.289322
1107	0.289138
1108	0.288922
1109	0.288665
1110	0.288345
1111	0.287942
1112	0.287456
1113	0.286931
1114	0.286436
1115	0.286024
1116	0.285717
1117	0.285507
1118	0.285371
1119	0.285285
1120	0.285220
1121	0.285145
1122	0.285050
1123	0.284933
1124	0.284813
1125	0.284721
1126	0.284676
1127	0.284656
1128	0.284616
1129	0.284497
1130	0.284230
1131	0.283770
1132	0.283097
1133	0.282205
1134	0.281106
1135	0.279847
1136	0.278502
1137	0.277151
1138	0.275836
1139	0.274555
1140	0.273280
1141	0.271981
1142	0.270642
1143	0.269287
1144	0.267947
1145	0.266655
1146	0.265442
1147	0.264328
1148	0.263327
1149	0.262450
1150	0.261699
1151	0.261074
1152	0.260562
1153	0.260140
1154	0.259775
1155	0.259435
1156	0.259098
1157	0.258762
1158	0.258437
1159	0.258139
1160	0.257882
1161	0.257672
1162	0.257507
1163	0.257389
1164	0.257317
1165	0.257286
1166	0.257282
1167	0.257288
1168	0.257284
1169	0.257260
1170	0.257217
1171	0.257173
1172	0.257146
1173	0.257139
1174	0.257144
1175	0.257150
1176	0.257143
1177	0.257116
1178	0.257072
1179	0.257017
1180	0.256959
1181	0.256903
1182	0.256860
1183	0.256834
1184	0.256825
1185	0.256829
1186	0.256835
1187	0.256828
1188	0.256796
1189	0.256736
1190	0.256662
1191	0.256591
1192	0.256539
1193	0.256517
1194	0.256528
1195	0.256566
1196	0.256622
1197	0.256688
1198	0.256757
1199	0.256830
1200	0.256911
1201	0.257009
1202	0.257132
1203	0.257284
1204	0.257464
1205	0.257663
1206	0.257866
1207	0.258060
1208	0.258237
1209	0.258397
1210	0.258543
1211	0.258678
1212	0.258800
1213	0.258916
1214	0.259034
1215	0.259168
1216	0.259335
1217	0.259545
1218	0.259796
1219	0.260075
1220	0.260362
1221	0.260640
1222	0.260900
1223	0.261139
1224	0.261355
1225	0.261549
1226	0.261723
1227	0.261887
1228	0.262054
1229	0.262240
1230	0.262446
1231	0.262672
1232	0.262908
1233	0.263142
1234	0.263365
1235	0.263579
1236	0.263786
1237	0.263990
1238	0.264191
1239	0.264389
1240	0.264586
1241	0.264784
1242	0.264981
1243	0.265177
1244	0.265368
1245	0.265554
1246	0.265736
1247	0.265913
1248	0.266082
1249	0.266239
1250	0.266383
1251	0.266513
1252	0.266634
1253	0.266752
1254	0.266868
1255	0.266981
1256	0.267077
1257	0.267144
1258	0.267180
1259	0.267197
1260	0.267206
1261	0.267219
1262	0.267246
1263	0.267295
1264	0.267370
1265	0.267471
1266	0.267603
1267	0.267760
1268	0.267930
1269	0.268097
1270	0.268247
1271	0.268375
1272	0.268478
1273	0.268557
1274	0.268609
1275	0.268633
1276	0.268633
1277	0.268625
1278	0.268620
1279	0.268621
1280	0.268620
1281	0.268601
1282	0.268543
1283	0.268429
1284	0.268252
1285	0.268012
1286	0.267711
1287	0.267363
1288	0.266986
1289	0.266601
1290	0.266221
1291	0.265851
1292	0.265478
1293	0.265083
1294	0.264648
1295	0.264167
1296	0.263644
1297	0.263088
1298	0.262513
1299	0.261931
1300	0.261346
1301	0.260760
1302	0.260165
1303	0.259548
1304	0.258892
1305	0.258189
1306	0.257447
1307	0.256685
1308	0.255919
1309	0.255162
1310	0.254415
1311	0.253675
1312	0.252936
1313	0.252192
1314	0.251435
1315	0.250652
1316	0.249837
1317	0.248985
1318	0.248100
1319	0.247195
1320	0.246286
1321	0.245383
1322	0.244484
1323	0.243585
1324	0.242682
1325	0.241775
1326	0.240863
1327	0.239945
1328	0.239021
1329	0.238091
1330	0.237154
1331	0.236209
1332	0.235256
1333	0.234295
1334	0.233325
1335	0.232345
1336	0.231355
1337	0.230355
1338	0.229343
1339	0.228320
1340	0.227285
1341	0.226237
1342	0.225176
1343	0.224101
1344	0.223012
1345	0.221908
1346	0.220789
1347	0.219655
1348	0.218504
1349	0.217337
1350	0.216152
1351	0.214949
1352	0.213728
1353	0.212489
1354	0.211230
1355	0.209951
1356	0.208652
1357	0.207332
1358	0.205990
1359	0.204627
1360	0.203242
1361	0.201833
1362	0.200401
1363	0.198945
1364	0.197465
1365	0.195952
1366	0.194390
1367	0.192785
1368	0.191166
1369	0.189565
1370	0.188008
1371	0.186509
1372	0.185069
1373	0.183683
1374	0.182342
1375	0.181036
1376	0.179747
1377	0.178454
1378	0.177133
1379	0.175771
1380	0.174368
1381	0.172940
1382	0.171514
1383	0.170102
1384	0.168697
1385	0.167292
1386	0.165886
1387	0.164481
1388	0.163076
1389	0.161670
1390	0.160265
1391	0.158846
1392	0.157394
1393	0.155938
1394	0.154534
1395	0.153220
1396	0.152001
1397	0.150847
1398	0.149709
1399	0.148539
1400	0.147301
1401	0.145968
1402	0.144519
1403	0.142939
1404	0.141227
1405	0.139410
1406	0.137541
1407	0.135691
1408	0.133922
1409	0.132249
1410	0.130638
1411	0.129075
1412	0.127557
1413	0.126086
1414	0.124661
1415	0.123283
1416	0.121950
1417	0.120663
1418	0.119421
1419	0.118226
1420	0.117076
1421	0.115971
1422	0.114912
1423	0.113898
1424	0.112930
1425	0.112006
1426	0.111128
1427	0.110295
1428	0.109506
1429	0.108762
1430	0.108063
1431	0.107408
1432	0.106798
1433	0.106232
1434	0.105710
1435	0.105233
1436	0.104800
1437	0.104410
1438	0.104065
1439	0.103763
1440	0.103505
1441	0.103291
1442	0.103120
1443	0.102993
1444	0.102909
1445	0.102868
1446	0.102870
1447	0.102916
1448	0.103004
1449	0.103135
1450	0.103309
1451	0.103526
1452	0.103801
1453	0.104165
1454	0.104599
1455	0.105038
1456	0.105415
1457	0.105687
1458	0.105846
1459	0.105916
1460	0.105937
1461	0.105949
1462	0.105985
1463	0.106071
1464	0.106226
1465	0.106462
1466	0.106781
1467	0.107160
1468	0.107552
1469	0.107900
1470	0.108173
1471	0.108401
1472	0.108622
1473	0.108870
1474	0.109166
1475	0.109513
1476	0.109893
1477	0.110275
1478	0.110649
1479	0.111021
1480	0.111415
1481	0.111849
1482	0.112318
1483	0.112802
1484	0.113280
1485	0.113732
1486	0.114161
1487	0.114573
1488	0.114965
1489	0.115334
1490	0.115688
1491	0.116043
1492	0.116427
1493	0.116870
1494	0.117386
1495	0.117964
1496	0.118578
1497	0.119198
1498	0.119799
1499	0.120373
1500	0.120922
1501	0.121452
1502	0.121971
1503	0.122488
1504	0.123021
1505	0.123584
1506	0.124183
1507	0.124814
1508	0.125465
1509	0.126114
1510	0.126749
1511	0.127364
1512	0.127955
1513	0.128527
1514	0.129086
1515	0.129639
1516	0.130196
1517	0.130764
1518	0.131344
1519	0.131934
1520	0.132529
1521	0.133128
1522	0.133729
1523	0.134331
1524	0.134932
1525	0.135533
1526	0.136135
1527	0.136745
1528	0.137369
1529	0.138004
1530	0.138641
1531	0.139270
1532	0.139887
1533	0.140495
1534	0.141096
1535	0.141690
1536	0.142270
1537	0.142826
1538	0.143358
1539	0.143873
1540	0.144391
1541	0.144927
1542	0.145494
1543	0.146094
1544	0.146718
1545	0.147356
1546	0.148000
1547	0.148647
1548	0.149293
1549	0.149936
1550	0.150571
1551	0.151193
1552	0.151802
1553	0.152399
1554	0.152982
1555	0.153543
1556	0.154075
1557	0.154578
1558	0.155056
1559	0.155524
1560	0.155999
1561	0.156494
1562	0.157017
1563	0.157570
1564	0.158145
1565	0.158721
1566	0.159277
1567	0.159796
1568	0.160275
1569	0.160729
1570	0.161184
1571	0.161661
1572	0.162169
1573	0.162700
1574	0.163244
1575	0.163790
1576	0.164330
1577	0.164858
1578	0.165365
1579	0.165848
1580	0.166314
1581	0.166776
1582	0.167247
1583	0.167734
1584	0.168232
1585	0.168725
1586	0.169200
1587	0.169650
1588	0.170075
1589	0.170481
1590	0.170879
1591	0.171277
1592	0.171681
1593	0.172093
1594	0.172511
1595	0.172932
1596	0.173352
1597	0.173774
1598	0.174203
1599	0.174640
1600	0.175086
1601	0.175538
1602	0.175989
1603	0.176432
1604	0.176860
1605	0.177270
1606	0.177660
1607	0.178033
1608	0.178397
1609	0.178762
1610	0.179143
1611	0.179548
1612	0.179976
1613	0.180409
1614	0.180824
1615	0.181200
1616	0.181533
1617	0.181828
1618	0.182095
1619	0.182343
1620	0.182577
1621	0.182808
1622	0.183052
1623	0.183331
1624	0.183663
1625	0.184050
1626	0.184479
1627	0.184928
1628	0.185374
1629	0.185795
1630	0.186179
1631	0.186513
1632	0.186789
1633	0.187008
1634	0.187181
1635	0.187333
1636	0.187497
1637	0.187697
1638	0.187943
1639	0.188227
1640	0.188527
1641	0.188826
1642	0.189120
1643	0.189412
1644	0.189708
1645	0.190011
1646	0.190320
1647	0.190632
1648	0.190949
1649	0.191273
1650	0.191605
1651	0.191937
1652	0.192253
1653	0.192537
1654	0.192775
1655	0.192961
1656	0.193105
1657	0.193217
1658	0.193302
1659	0.193365
1660	0.193405
1661	0.193422
1662	0.193423
1663	0.193419
1664	0.193420
1665	0.193435
1666	0.193472
1667	0.193531
1668	0.193608
1669	0.193698
1670	0.193798
1671	0.193899
1672	0.193989
1673	0.194054
1674	0.194088
1675	0.194102
1676	0.194119
1677	0.194163
1678	0.194243
1679	0.194347
1680	0.194453
1681	0.194534
1682	0.194565
1683	0.194533
1684	0.194441
1685	0.194313
1686	0.194174
1687	0.194050
1688	0.193954
1689	0.193890
1690	0.193849
1691	0.193818
1692	0.193780
1693	0.193713
1694	0.193606
1695	0.193454
1696	0.193268
1697	0.193067
1698	0.192877
1699	0.192721
1700	0.192611
1701	0.192543
1702	0.192503
1703	0.192469
1704	0.192420
1705	0.192335
1706	0.192209
1707	0.192049
1708	0.191862
1709	0.191660
1710	0.191451
1711	0.191245
1712	0.191054
1713	0.190895
1714	0.190770
1715	0.190658
1716	0.190523
1717	0.190327
1718	0.190045
1719	0.189687
1720	0.189280
1721	0.188863
1722	0.188477
1723	0.188142
1724	0.187865
1725	0.187649
1726	0.187489
1727	0.187370
1728	0.187267
1729	0.187136
1730	0.186936
1731	0.186646
1732	0.186274
1733	0.185858
1734	0.185452
1735	0.185096
1736	0.184801
1737	0.184557
1738	0.184336
1739	0.184122
1740	0.183916
1741	0.183710
1742	0.183488
1743	0.183223
1744	0.182893
1745	0.182500
1746	0.182073
1747	0.181643
1748	0.181222
1749	0.180813
1750	0.180408
1751	0.180015
1752	0.179657
1753	0.179352
1754	0.179097
1755	0.178870
1756	0.178638
1757	0.178378
1758	0.178080
1759	0.177746
1760	0.177378
1761	0.176973
1762	0.176531
1763	0.176068
1764	0.175617
1765	0.175211
1766	0.174876
1767	0.174597
1768	0.174337
1769	0.174064
1770	0.173771
1771	0.173473
1772	0.173194
1773	0.172950
1774	0.172737
1775	0.172546
1776	0.172372
1777	0.172217
1778	0.172080
1779	0.171941
1780	0.171767
1781	0.171518
1782	0.171175
1783	0.170745
1784	0.170268
1785	0.169781
1786	0.169306
1787	0.168850
1788	0.168403
1789	0.167958
1790	0.167512
1791	0.167066
1792	0.166620
1793	0.166175
1794	0.165729
1795	0.165283
1796	0.164837
1797	0.164391
1798	0.163945
1799	0.163499
1800	0.163053
1801	0.162608
1802	0.162162
1803	0.161716
1804	0.161270
1805	0.160824
1806	0.160378
1807	0.159932
1808	0.159486
1809	0.159041
1810	0.158595
1811	0.158149
1812	0.157703
1813	0.157257
1814	0.156811
1815	0.156365
1816	0.155919
1817	0.155474
1818	0.155028
1819	0.154582
1820	0.154136
1821	0.153690
1822	0.153244
1823	0.152798
1824	0.152353
1825	0.151907
1826	0.151461
1827	0.151015
1828	0.150569
1829	0.150123
1830	0.149677
1831	0.149231
1832	0.148786
1833	0.148340
1834	0.147894
1835	0.147448
1836	0.147002
1837	0.146556
1838	0.146110
1839	0.145664
1840	0.145219
1841	0.144773
1842	0.144327
1843	0.143881
1844	0.143435
1845	0.142989
1846	0.142543
1847	0.142097
1848	0.141652
1849	0.141206
1850	0.140760
1851	0.140314
1852	0.139868
1853	0.139422
1854	0.138976
1855	0.138530
1856	0.138085
1857	0.137639
1858	0.137193
1859	0.136747
1860	0.136301
1861	0.135855
1862	0.135409
1863	0.134963
1864	0.134518
1865	0.134072
1866	0.133626
1867	0.133180
1868	0.132734
1869	0.132288
1870	0.131842
1871	0.131396
1872	0.130951
1873	0.130505
1874	0.130059
1875	0.129613
1876	0.129167
1877	0.128721
1878	0.128275
1879	0.127830
1880	0.127384
1881	0.126938
1882	0.126492
1883	0.126046
1884	0.125600
1885	0.125154
1886	0.124708
1887	0.124263
1888	0.123817
1889	0.123371
1890	0.122925
1891	0.122479
1892	0.122033
1893	0.121587
1894	0.121141
1895	0.120696
1896	0.120250
1897	0.119804
1898	0.119358
1899	0.118912
1900	0.118466
1901	0.118020
1902	0.117574
1903	0.117129
1904	0.116683
1905	0.116237
1906	0.115791
1907	0.115345
1908	0.114899
1909	0.114453
1910	0.114007
1911	0.113562
1912	0.113116
1913	0.112670
1914	0.112224
1915	0.111778
1916	0.111332
1917	0.110886
1918	0.110440
1919	0.109995
1920	0.109549
1921	0.109103
1922	0.108657
1923	0.108211
1924	0.107765
1925	0.107319
1926	0.106873
1927	0.106428
1928	0.105982
1929	0.105536
1930	0.105090
1931	0.104644
1932	0.104198
1933	0.103752
1934	0.103306
1935	0.102861
1936	0.102415
1937	0.101969
1938	0.101523
1939	0.101077
1940	0.100631
1941	0.100182
1942	0.099723
1943	0.099266
1944	0.098825
1945	0.098410
1946	0.098017
1947	0.097634
1948	0.097246
1949	0.096837
1950	0.096398
1951	0.095924
1952	0.095413
1953	0.094866
1954	0.094289
1955	0.093695
1956	0.093105
1957	0.092542
1958	0.092024
1959	0.091553
1960	0.091118
1961	0.090713
1962	0.090338
1963	0.089991
1964	0.089671
1965	0.089380
1966	0.089115
1967	0.088877
1968	0.088664
1969	0.088476
1970	0.088312
1971	0.088172
1972	0.088056
1973	0.087962
1974	0.087890
1975	0.087839
1976	0.087810
1977	0.087800
1978	0.087810
1979	0.087839
1980	0.087886
1981	0.087951
1982	0.088033
1983	0.088132
1984	0.088247
1985	0.088377
1986	0.088521
1987	0.088680
1988	0.088853
1989	0.089038
1990	0.089236
1991	0.089445
1992	0.089666
1993	0.089897
1994	0.090137
1995	0.090388
1996	0.090646
1997	0.090913
1998	0.091188
1999	0.091469
2000	0.091757
2001	0.092050
2002	0.092331
2003	0.092568
2004	0.092802
2005	0.093115
2006	0.093545
2007	0.094073
2008	0.094664
2009	0.095288
2010	0.095932
2011	0.096604
2012	0.097317
2013	0.098039
2014	0.098697
2015	0.099224
2016	0.099582
2017	0.099785
2018	0.099895
2019	0.099982
2020	0.100078
2021	0.100171
2022	0.100292
2023	0.100513
2024	0.100861
2025	0.101322
2026	0.101864
2027	0.102437
2028	0.102983
2029	0.103456
2030	0.103838
2031	0.104105
2032	0.104236
2033	0.104241
2034	0.104144
2035	0.103974
2036	0.103764
2037	0.103553
2038	0.103387
2039	0.103325
2040	0.103429
2041	0.103722
2042	0.104160
2043	0.104649
2044	0.105081
2045	0.105375
2046	0.105520
2047	0.105567
2048	0.105574
2049	0.105584
2050	0.105634
2051	0.105764
2052	0.106018
2053	0.106415
2054	0.106925
2055	0.107478
2056	0.107988
2057	0.108402
2058	0.108723
2059	0.108990
2060	0.109246
2061	0.109526
2062	0.109835
2063	0.110164
2064	0.110516
2065	0.110905
2066	0.111327
2067	0.111760
2068	0.112185
2069	0.112588
2070	0.112964
2071	0.113325
2072	0.113676
2073	0.114017
2074	0.114348
2075	0.114672
2076	0.114988
2077	0.115297
2078	0.115600
2079	0.115898
2080	0.116191
2081	0.116479
2082	0.116764
2083	0.117046
2084	0.117324
2085	0.117601
2086	0.117876
2087	0.118150
2088	0.118424
2089	0.118696
2090	0.118969
2091	0.119242
2092	0.119516
2093	0.119791
2094	0.120068
2095	0.120346
2096	0.120625
2097	0.120907
2098	0.121191
2099	0.121478
2100	0.121767
2101	0.122058
2102	0.122353
2103	0.122650
2104	0.122950
2105	0.123254
2106	0.123560
2107	0.123869
2108	0.124181
2109	0.124495
2110	0.124813
2111	0.125133
2112	0.125455
2113	0.125780
2114	0.126107
2115	0.126435
2116	0.126766
2117	0.127098
2118	0.127431
2119	0.127765
2120	0.128099
2121	0.128433
2122	0.128767
2123	0.129101
2124	0.129434
2125	0.129765
2126	0.130094
2127	0.130420
2128	0.130744
2129	0.131064
2130	0.131380
2131	0.131691
2132	0.131997
2133	0.132297
2134	0.132590
2135	0.132876
2136	0.133154
2137	0.133424
2138	0.133683
2139	0.133933
2140	0.134172
2141	0.134398
2142	0.134612
2143	0.134812
2144	0.134998
2145	0.135168
2146	0.135322
2147	0.135458
2148	0.135576
2149	0.135675
2150	0.135753
2151	0.135810
2152	0.135829
2153	0.135781
2154	0.135685
2155	0.135602
2156	0.135588
2157	0.135677
2158	0.135872
2159	0.136150
2160	0.136482
2161	0.136835
2162	0.137181
2163	0.137485
2164	0.137708
2165	0.137820
2166	0.137811
2167	0.137703
2168	0.137549
2169	0.137408
2170	0.137306
2171	0.137217
2172	0.137129
2173	0.137041
2174	0.136954
2175	0.136868
2176	0.136784
2177	0.136702
2178	0.136623
2179	0.136548
2180	0.136475
2181	0.136406
2182	0.136342
2183	0.136282
2184	0.136226
2185	0.136175
2186	0.136130
2187	0.136090
2188	0.136055
2189	0.136026
2190	0.136003
2191	0.135986
2192	0.135974
2193	0.135969
2194	0.135971
2195	0.135978
2196	0.135991
2197	0.136011
2198	0.136037
2199	0.136069
2200	0.136107
2201	0.136151
2202	0.136201
2203	0.136257
2204	0.136318
2205	0.136384
2206	0.136456
2207	0.136533
2208	0.136614
2209	0.136699
2210	0.136789
2211	0.136883
2212	0.136980
2213	0.137080
2214	0.137183
2215	0.137288
2216	0.137395
2217	0.137503
2218	0.137613
2219	0.137723
2220	0.137833
2221	0.137942
2222	0.138051
2223	0.138157
2224	0.138262
2225	0.138363
2226	0.138462
2227	0.138555
2228	0.138645
2229	0.138728
2230	0.138805
2231	0.138876
2232	0.138938
2233	0.138992
2234	0.139036
2235	0.139071
2236	0.139094
2237	0.139105
2238	0.139103
2239	0.139088
2240	0.139057
2241	0.139011
2242	0.138949
2243	0.138869
2244	0.138770
2245	0.138651
2246	0.138511
2247	0.138350
2248	0.138165
2249	0.137956
2250	0.137722
2251	0.137462
2252	0.137182
2253	0.136892
2254	0.136561
2255	0.136147
2256	0.135633
2257	0.135038
2258	0.134410
2259	0.133808
2260	0.133283
2261	0.132871
2262	0.132591
2263	0.132452
2264	0.132453
2265	0.132574
2266	0.132771
2267	0.132982
2268	0.133141
2269	0.133204
2270	0.133167
2271	0.133069
2272	0.132927
2273	0.132745
2274	0.132527
2275	0.132277
2276	0.131998
2277	0.131695
2278	0.131369
2279	0.131025
2280	0.130665
2281	0.130293
2282	0.129912
2283	0.129523
2284	0.129131
2285	0.128736
2286	0.128343
2287	0.127953
2288	0.127568
2289	0.127190
2290	0.126821
2291	0.126464
2292	0.126119
2293	0.125789
2294	0.125474
2295	0.125177
2296	0.124898
2297	0.124639
2298	0.124400
2299	0.124182
2300	0.123987
2301	0.123814
2302	0.123665
2303	0.123540
2304	0.123438
2305	0.123361
2306	0.123308
2307	0.123279
2308	0.123274
2309	0.123293
2310	0.123335
2311	0.123400
2312	0.123487
2313	0.123596
2314	0.123725
2315	0.123873
2316	0.124040
2317	0.124224
2318	0.124423
2319	0.124637
2320	0.124864
2321	0.125101
2322	0.125348
2323	0.125601
2324	0.125860
2325	0.126122
2326	0.126385
2327	0.126646
2328	0.126902
2329	0.127152
2330	0.127391
2331	0.127619
2332	0.127830
2333	0.128023
2334	0.128194
2335	0.128339
2336	0.128456
2337	0.128540
2338	0.128589
2339	0.128597
2340	0.128561
2341	0.128478
2342	0.128342
2343	0.128150
2344	0.127897
2345	0.127578
2346	0.127190
2347	0.126727
2348	0.126184
2349	0.125556
2350	0.124839
2351	0.124026
2352	0.123098
2353	0.122019
2354	0.120792
2355	0.119465
2356	0.118098
2357	0.116740
2358	0.115419
2359	0.114146
2360	0.112914
2361	0.111714
2362	0.110529
2363	0.109334
2364	0.108088
2365	0.106750
2366	0.105287
2367	0.103699
2368	0.102013
2369	0.100276
2370	0.098515
2371	0.096713
2372	0.094860
2373	0.092956
2374	0.091000
2375	0.088992
2376	0.086933
2377	0.084823
2378	0.082661
2379	0.080447
2380	0.078182
2381	0.075866
2382	0.073498
2383	0.071079
2384	0.068608
2385	0.066086
2386	0.063512
2387	0.060887
2388	0.058210
2389	0.055482
2390	0.052703
2391	0.049872
2392	0.046989
2393	0.044055
2394	0.041070
2395	0.038033
2396	0.034944
2397	0.031805
2398	0.028613
2399	0.025371
2400	0.022076
2401	0.018731
2402	0.015333
2403	0.011885
2404	0.008385
2405	0.004833
2406	0.001230
2407	-0.002424
2408	-0.006130
2409	-0.009888
2410	-0.013697
2411	-0.017557
2412	-0.021469
2413	-0.025432
2414	-0.029447
2415	-0.033513
2416	-0.037631
2417	-0.041800
2418	-0.046021
2419	-0.050293
2420	-0.054616
2421	-0.058991
2422	-0.063418
2423	-0.067896
2424	-0.072425
2425	-0.077006
2426	-0.081639
2427	-0.086323
2428	-0.091058
2429	-0.095845
2430	-0.100683
2431	-0.105573
2432	-0.110514
2433	-0.115506
2434	-0.120550
2435	-0.125646
2436	-0.130793
2437	-0.135992
2438	-0.141242
2439	-0.146543
2440	-0.151896
2441	-0.157300
2442	-0.162756
2443	-0.168263
2444	-0.173822
2445	-0.179433
2446	-0.185094
2447	-0.190807
2448	-0.196572
2449	-0.202388
2450	-0.208256
2451	-0.214175
2452	-0.220145
2453	-0.226167
2454	-0.232241
2455	-0.238366
2456	-0.244542
2457	-0.250770
2458	-0.257049
2459	-0.263380
2460	-0.269762
2461	-0.276196
2462	-0.282681
2463	-0.289218
2464	-0.295806
2465	-0.302446
2466	-0.309137
2467	-0.315879
2468	-0.322673
2469	-0.329519
2470	-0.336416
2471	-0.343364
2472	-0.350364
2473	-0.357415
2474	-0.364518
2475	-0.371672
2476	-0.378878
2477	-0.386135
2478	-0.393444
2479	-0.400804
2480	-0.408215
2481	-0.415679
2482	-0.423193
2483	-0.430759
2484	-0.438377
2485	-0.446045
2486	-0.453766
2487	-0.461538
2488	-0.469361
2489	-0.477236
2490	-0.485162
2491	-0.493140
2492	-0.501169
2493	-0.509250
2494	-0.517382
2495	-0.525565
2496	-0.533800
2497	-0.542087
2498	-0.550425
2499	-0.558815
2500	-0.567255
