350	0.011457
351	0.011503
352	0.011545
353	0.011583
354	0.011618
355	0.011648
356	0.011676
357	0.011700
358	0.011722
359	0.011738
360	0.011748
361	0.011763
362	0.011784
363	0.011803
364	0.011817
365	0.011836
366	0.011863
367	0.011896
368	0.011932
369	0.011959
370	0.011975
371	0.011991
372	0.012014
373	0.012046
374	0.012088
375	0.012137
376	0.012188
377	0.012238
378	0.012293
379	0.012361
380	0.012445
381	0.012540
382	0.012642
383	0.012756
384	0.012885
385	0.013024
386	0.013160
387	0.013286
388	0.013403
389	0.013515
390	0.013626
391	0.013743
392	0.013874
393	0.014021
394	0.014179
395	0.014344
396	0.014513
397	0.014681
398	0.014843
399	0.014992
400	0.015126
401	0.015252
402	0.015387
403	0.015539
404	0.015710
405	0.015898
406	0.016100
407	0.016308
408	0.016511
409	0.016705
410	0.016892
411	0.017073
412	0.017247
413	0.017417
414	0.017587
415	0.017763
416	0.017947
417	0.018137
418	0.018328
419	0.018516
420	0.018698
421	0.018874
422	0.019041
423	0.019196
424	0.019339
425	0.019473
426	0.019600
427	0.019721
428	0.019841
429	0.019959
430	0.020071
431	0.020178
432	0.020278
433	0.020373
434	0.020464
435	0.020552
436	0.020637
437	0.020720
438	0.020801
439	0.020883
440	0.020967
441	0.021054
442	0.021146
443	0.021242
444	0.021340
445	0.021441
446	0.021545
447	0.021651
448	0.021758
449	0.021866
450	0.021973
451	0.022075
452	0.022171
453	0.022258
454	0.022338
455	0.022415
456	0.022487
457	0.022554
458	0.022614
459	0.022665
460	0.022710
461	0.022750
462	0.022788
463	0.022822
464	0.022853
465	0.022878
466	0.022900
467	0.022921
468	0.022943
469	0.022969
470	0.022998
471	0.023029
472	0.023064
473	0.023103
474	0.023146
475	0.023191
476	0.023233
477	0.023272
478	0.023310
479	0.023348
480	0.023388
481	0.023428
482	0.023466
483	0.023508
484	0.023559
485	0.023620
486	0.023689
487	0.023765
488	0.023847
489	0.023937
490	0.024037
491	0.024151
492	0.024280
493	0.024422
494	0.024575
495	0.024742
496	0.024927
497	0.025134
498	0.025364
499	0.025617
500	0.025892
501	0.026192
502	0.026520
503	0.026877
504	0.027266
505	0.027690
506	0.028149
507	0.028646
508	0.029183
509	0.029762
510	0.030384
511	0.031051
512	0.031768
513	0.032541
514	0.033370
515	0.034253
516	0.035188
517	0.036170
518	0.037196
519	0.038257
520	0.039343
521	0.040443
522	0.041548
523	0.042651
524	0.043743
525	0.044817
526	0.045865
527	0.046880
528	0.047856
529	0.048785
530	0.049664
531	0.050491
532	0.051260
533	0.051969
534	0.052617
535	0.053207
536	0.053744
537	0.054232
538	0.054676
539	0.055081
540	0.055456
541	0.055809
542	0.056148
543	0.056476
544	0.056797
545	0.057110
546	0.057415
547	0.057707
548	0.057984
549	0.058241
550	0.058476
551	0.058682
552	0.058851
553	0.058975
554	0.059043
555	0.059044
556	0.058967
557	0.058804
558	0.058554
559	0.058219
560	0.057804
561	0.057321
562	0.056781
563	0.056203
564	0.055602
565	0.054996
566	0.054397
567	0.053814
568	0.053249
569	0.052698
570	0.052159
571	0.051627
572	0.051103
573	0.050589
574	0.050084
575	0.049585
576	0.049093
577	0.048613
578	0.048150
579	0.047709
580	0.047296
581	0.046911
582	0.046551
583	0.046219
584	0.045915
585	0.045644
586	0.045404
587	0.045192
588	0.045002
589	0.044825
590	0.044660
591	0.044508
592	0.044374
593	0.044260
594	0.044167
595	0.044096
596	0.044044
597	0.044007
598	0.043976
599	0.043942
600	0.043893
601	0.043818
602	0.043713
603	0.043576
604	0.043408
605	0.043213
606	0.042995
607	0.042759
608	0.042505
609	0.042236
610	0.041956
611	0.041665
612	0.041368
613	0.041069
614	0.040772
615	0.040485
616	0.040214
617	0.039966
618	0.039745
619	0.039553
620	0.039390
621	0.039255
622	0.039147
623	0.039068
624	0.039017
625	0.038992
626	0.038987
627	0.038997
628	0.039017
629	0.039041
630	0.039063
631	0.039074
632	0.039062
633	0.039020
634	0.038940
635	0.038815
636	0.038641
637	0.038418
638	0.038147
639	0.037833
640	0.037481
641	0.037099
642	0.036696
643	0.036282
644	0.035869
645	0.035466
646	0.035086
647	0.034737
648	0.034427
649	0.034156
650	0.033921
651	0.033717
652	0.033535
653	0.033363
654	0.033188
655	0.032998
656	0.032784
657	0.032539
658	0.032261
659	0.031952
660	0.031620
661	0.031277
662	0.030931
663	0.030591
664	0.030264
665	0.029962
666	0.029691
667	0.029453
668	0.029251
669	0.029084
670	0.028951
671	0.028851
672	0.028782
673	0.028743
674	0.028737
675	0.028761
676	0.028814
677	0.028899
678	0.029022
679	0.029190
680	0.029415
681	0.029709
682	0.030095
683	0.030592
684	0.031215
685	0.031977
686	0.032886
687	0.033955
688	0.035198
689	0.036630
690	0.038267
691	0.040120
692	0.042199
693	0.044513
694	0.047070
695	0.049876
696	0.052932
697	0.056221
698	0.059711
699	0.063368
700	0.067160
701	0.071061
702	0.075045
703	0.079096
704	0.083200
705	0.087351
706	0.091548
707	0.095804
708	0.100136
709	0.104550
710	0.109049
711	0.113634
712	0.118321
713	0.123140
714	0.128126
715	0.133290
716	0.138617
717	0.144081
718	0.149664
719	0.155353
720	0.161133
721	0.166982
722	0.172870
723	0.178770
724	0.184664
725	0.190555
726	0.196449
727	0.202335
728	0.208176
729	0.213923
730	0.219530
731	0.224975
732	0.230253
733	0.235363
734	0.240299
735	0.245056
736	0.249628
737	0.254017
738	0.258220
739	0.262232
740	0.266045
741	0.269650
742	0.273041
743	0.276219
744	0.279188
745	0.281959
746	0.284542
747	0.286948
748	0.289182
749	0.291251
750	0.293169
751	0.294959
752	0.296622
753	0.298143
754	0.299521
755	0.300788
756	0.301981
757	0.303120
758	0.304214
759	0.305258
760	0.306237
761	0.307140
762	0.307963
763	0.308703
764	0.309358
765	0.309920
766	0.310385
767	0.310759
768	0.311077
769	0.311388
770	0.311721
771	0.312062
772	0.312401
773	0.312741
774	0.313087
775	0.313435
776	0.313781
777	0.314123
778	0.314462
779	0.314801
780	0.315144
781	0.315487
782	0.315823
783	0.316147
784	0.316456
785	0.316749
786	0.317031
787	0.317308
788	0.317586
789	0.317868
790	0.318155
791	0.318448
792	0.318751
793	0.319059
794	0.319362
795	0.319651
796	0.319921
797	0.320175
798	0.320417
799	0.320654
800	0.320892
801	0.321140
802	0.321399
803	0.321668
804	0.321942
805	0.322218
806	0.322485
807	0.322731
808	0.322947
809	0.323125
810	0.323266
811	0.323380
812	0.323490
813	0.323627
814	0.323815
815	0.324046
816	0.324297
817	0.324554
818	0.324824
819	0.325116
820	0.325427
821	0.325732
822	0.326006
823	0.326240
824	0.326441
825	0.326628
826	0.326816
827	0.327006
828	0.327188
829	0.327355
830	0.327511
831	0.327677
832	0.327876
833	0.328106
834	0.328347
835	0.328578
836	0.328795
837	0.329009
838	0.329230
839	0.329460
840	0.329699
841	0.329944
842	0.330193
843	0.330438
844	0.330671
845	0.330892
846	0.331097
847	0.331282
848	0.331440
849	0.331577
850	0.331715
851	0.331882
852	0.332091
853	0.332333
854	0.332593
855	0.332859
856	0.333129
857	0.333396
858	0.333652
859	0.333884
860	0.334077
861	0.334230
862	0.334362
863	0.334504
864	0.334680
865	0.334895
866	0.335132
867	0.335373
868	0.335609
869	0.335834
870	0.336046
871	0.336237
872	0.336399
873	0.336532
874	0.336643
875	0.336748
876	0.336864
877	0.337003
878	0.337168
879	0.337354
880	0.337542
881	0.337714
882	0.337857
883	0.337980
884	0.338099
885	0.338227
886	0.338354
887	0.338464
888	0.338551
889	0.338610
890	0.338634
891	0.338616
892	0.338548
893	0.338424
894	0.338252
895	0.338067
896	0.337928
897	0.337890
898	0.337985
899	0.338204
900	0.338490
901	0.338777
902	0.339021
903	0.339199
904	0.339308
905	0.339356
906	0.339352
907	0.339307
908	0.339237
909	0.339178
910	0.339167
911	0.339217
912	0.339322
913	0.339461
914	0.339604
915	0.339734
916	0.339851
917	0.339961
918	0.340051
919	0.340093
920	0.340057
921	0.339925
922	0.339697
923	0.339387
924	0.339014
925	0.338597
926	0.338151
927	0.337685
928	0.337205
929	0.336704
930	0.336182
931	0.335640
932	0.335080
933	0.334503
934	0.333910
935	0.333303
936	0.332684
937	0.332054
938	0.331415
939	0.330768
940	0.330114
941	0.329456
942	0.328795
943	0.328132
944	0.327469
945	0.326808
946	0.326149
947	0.325495
948	0.324847
949	0.324207
950	0.323575
951	0.322955
952	0.322346
953	0.321751
954	0.321172
955	0.320609
956	0.320065
957	0.319540
958	0.319037
959	0.318556
960	0.318101
961	0.317671
962	0.317268
963	0.316895
964	0.316552
965	0.316242
966	0.315965
967	0.315723
968	0.315518
969	0.315352
970	0.315225
971	0.315139
972	0.315097
973	0.315098
974	0.315146
975	0.315241
976	0.315385
977	0.315580
978	0.315827
979	0.316127
980	0.316483
981	0.316895
982	0.317372
983	0.317928
984	0.318562
985	0.319253
986	0.319975
987	0.320704
988	0.321423
989	0.322125
990	0.322809
991	0.323473
992	0.324123
993	0.324766
994	0.325417
995	0.326094
996	0.326808
997	0.327563
998	0.328345
999	0.329136
1000	0.329922
1001	0.330709
1002	0.331499
1003	0.332293
1004	0.333088
1005	0.333883
1006	0.334678
1007	0.335472
1008	0.336263
1009	0.337051
1010	0.337835
1011	0.338614
1012	0.339387
1013	0.340154
1014	0.340913
1015	0.341664
1016	0.342407
1017	0.343140
1018	0.343863
1019	0.344575
1020	0.345276
1021	0.345966
1022	0.346643
1023	0.347308
1024	0.347960
1025	0.348598
1026	0.349222
1027	0.349833
1028	0.350429
1029	0.351010
1030	0.351577
1031	0.352129
1032	0.352668
1033	0.353192
1034	0.353698
1035	0.354182
1036	0.354645
1037	0.355087
1038	0.355513
1039	0.355924
1040	0.356324
1041	0.356714
1042	0.357097
1043	0.357474
1044	0.357846
1045	0.358211
1046	0.358567
1047	0.358910
1048	0.359237
1049	0.359545
1050	0.359839
1051	0.360117
1052	0.360381
1053	0.360631
1054	0.360867
1055	0.361089
1056	0.361297
1057	0.361492
1058	0.361673
1059	0.361840
1060	0.361994
1061	0.362135
1062	0.362263
1063	0.362378
1064	0.362480
1065	0.362570
1066	0.362647
1067	0.362711
1068	0.362764
1069	0.362804
1070	0.362832
1071	0.362849
1072	0.362853
1073	0.362846
1074	0.362828
1075	0.362799
1076	0.362758
1077	0.362706
1078	0.362643
1079	0.362570
1080	0.362485
1081	0.362391
1082	0.362286
1083	0.362170
1084	0.362045
1085	0.361909
1086	0.361764
1087	0.361609
1088	0.361444
1089	0.361270
1090	0.361086
1091	0.360894
1092	0.360693
1093	0.360486
1094	0.360273
1095	0.360051
1096	0.359812
1097	0.359547
1098	0.359258
1099	0.358953
1100	0.358650
1101	0.358375
1102	0.358135
1103	0.357911
1104	0.357666
1105	0.357344
1106	0.356896
1107	0.356288
1108	0.355509
1109	0.354574
1110	0.353515
1111	0.352382
1112	0.351234
1113	0.350146
1114	0.349186
1115	0.348394
1116	0.347784
1117	0.347345
1118	0.347032
1119	0.346782
1120	0.346529
1121	0.346234
1122	0.345905
1123	0.345572
1124	0.345263
1125	0.344979
1126	0.344666
1127	0.344244
1128	0.343643
1129	0.342820
1130	0.341768
1131	0.340505
1132	0.339044
1133	0.337390
1134	0.335558
1135	0.333596
1136	0.331553
1137	0.329464
1138	0.327330
1139	0.325110
1140	0.322771
1141	0.320307
1142	0.317759
1143	0.315215
1144	0.312770
1145	0.310502
1146	0.308459
1147	0.306653
1148	0.305079
1149	0.303720
1150	0.302549
1151	0.301542
1152	0.300669
1153	0.299892
1154	0.299166
1155	0.298457
1156	0.297751
1157	0.297055
1158	0.296391
1159	0.295785
1160	0.295252
1161	0.294794
1162	0.294408
1163	0.294089
1164	0.293834
1165	0.293633
1166	0.293471
1167	0.293328
1168	0.293184
1169	0.293035
1170	0.292885
1171	0.292747
1172	0.292629
1173	0.292526
1174	0.292433
1175	0.292339
1176	0.292239
1177	0.292135
1178	0.292031
1179	0.291926
1180	0.291818
1181	0.291706
1182	0.291591
1183	0.291481
1184	0.291389
1185	0.291328
1186	0.291300
1187	0.291292
1188	0.291289
1189	0.291276
1190	0.291244
1191	0.291190
1192	0.291122
1193	0.291047
1194	0.290972
1195	0.290910
1196	0.290880
1197	0.290895
1198	0.290965
1199	0.291094
1200	0.291276
1201	0.291496
1202	0.291737
1203	0.291984
1204	0.292227
1205	0.292461
1206	0.292688
1207	0.292915
1208	0.293149
1209	0.293393
1210	0.293649
1211	0.293919
1212	0.294201
1213	0.294492
1214	0.294787
1215	0.295079
1216	0.295357
1217	0.295616
1218	0.295858
1219	0.296092
1220	0.296331
1221	0.296588
1222	0.296874
1223	0.297192
1224	0.297541
1225	0.297913
1226	0.298297
1227	0.298678
1228	0.299043
1229	0.299381
1230	0.299684
1231	0.299954
1232	0.300204
1233	0.300450
1234	0.300711
1235	0.301000
1236	0.301321
1237	0.301667
1238	0.302024
1239	0.302372
1240	0.302691
1241	0.302968
1242	0.303205
1243	0.303411
1244	0.303600
1245	0.303784
1246	0.303973
1247	0.304169
1248	0.304370
1249	0.304578
1250	0.304788
1251	0.304999
1252	0.305205
1253	0.305401
1254	0.305583
1255	0.305748
1256	0.305896
1257	0.306022
1258	0.306123
1259	0.306194
1260	0.306241
1261	0.306271
1262	0.306298
1263	0.306340
1264	0.306411
1265	0.306523
1266	0.306682
1267	0.306883
1268	0.307115
1269	0.307359
1270	0.307594
1271	0.307800
1272	0.307960
1273	0.308058
1274	0.308080
1275	0.308024
1276	0.307898
1277	0.307719
1278	0.307506
1279	0.307277
1280	0.307045
1281	0.306807
1282	0.306557
1283	0.306286
1284	0.305977
1285	0.305614
1286	0.305185
1287	0.304681
1288	0.304101
1289	0.303457
1290	0.302762
1291	0.302030
1292	0.301267
1293	0.300478
1294	0.299664
1295	0.298824
1296	0.297954
1297	0.297053
1298	0.296124
1299	0.295176
1300	0.294221
1301	0.293269
1302	0.292323
1303	0.291385
1304	0.290454
1305	0.289535
1306	0.288602
1307	0.287617
1308	0.286544
1309	0.285362
1310	0.284070
1311	0.282689
1312	0.281247
1313	0.279775
1314	0.278297
1315	0.276832
1316	0.275398
1317	0.274006
1318	0.272655
1319	0.271329
1320	0.269999
1321	0.268639
1322	0.267239
1323	0.265813
1324	0.264368
1325	0.262904
1326	0.261420
1327	0.259918
1328	0.258398
1329	0.256859
1330	0.255303
1331	0.253729
1332	0.252138
1333	0.250529
1334	0.248904
1335	0.247262
1336	0.245604
1337	0.243929
1338	0.242239
1339	0.240533
1340	0.238812
1341	0.237076
1342	0.235325
1343	0.233560
1344	0.231780
1345	0.229986
1346	0.228178
1347	0.226357
1348	0.224523
1349	0.222675
1350	0.220815
1351	0.218942
1352	0.217057
1353	0.215160
1354	0.213252
1355	0.211331
1356	0.209400
1357	0.207458
1358	0.205505
1359	0.203541
1360	0.201567
1361	0.199584
1362	0.197590
1363	0.195587
1364	0.193575
1365	0.191551
1366	0.189506
1367	0.187446
1368	0.185385
1369	0.183339
1370	0.181319
1371	0.179330
1372	0.177372
1373	0.175441
1374	0.173530
1375	0.171634
1376	0.169743
1377	0.167847
1378	0.165935
1379	0.164000
1380	0.162045
1381	0.160078
1382	0.158112
1383	0.156154
1384	0.154199
1385	0.152244
1386	0.150289
1387	0.148334
1388	0.146379
1389	0.144424
1390	0.142468
1391	0.140494
1392	0.138471
1393	0.136442
1394	0.134492
1395	0.132675
1396	0.130994
1397	0.129404
1398	0.127832
1399	0.126206
1400	0.124473
1401	0.122597
1402	0.120548
1403	0.118305
1404	0.115874
1405	0.113296
1406	0.110651
1407	0.108048
1408	0.105575
1409	0.103255
1410	0.101036
1411	0.098895
1412	0.096828
1413	0.094837
1414	0.092920
1415	0.091076
1416	0.089305
1417	0.087606
1418	0.085977
1419	0.084418
1420	0.082929
1421	0.081509
1422	0.080156
1423	0.078870
1424	0.077650
1425	0.076496
1426	0.075406
1427	0.074380
1428	0.073417
1429	0.072517
1430	0.071677
1431	0.070899
1432	0.070180
1433	0.069520
1434	0.068918
1435	0.068374
1436	0.067886
1437	0.067454
1438	0.067078
1439	0.066755
1440	0.066486
1441	0.066270
1442	0.066106
1443	0.065992
1444	0.065929
1445	0.065916
1446	0.065951
1447	0.066034
1448	0.066164
1449	0.066341
1450	0.066563
1451	0.066829
1452	0.067158
1453	0.067582
1454	0.068079
1455	0.068584
1456	0.069023
1457	0.069345
1458	0.069518
1459	0.069545
1460	0.069451
1461	0.069274
1462	0.069071
1463	0.068909
1464	0.068842
1465	0.068904
1466	0.069104
1467	0.069424
1468	0.069830
1469	0.070279
1470	0.070753
1471	0.071276
1472	0.071852
1473	0.072474
1474	0.073139
1475	0.073842
1476	0.074560
1477	0.075261
1478	0.075905
1479	0.076460
1480	0.076934
1481	0.077365
1482	0.077805
1483	0.078302
1484	0.078879
1485	0.079532
1486	0.080240
1487	0.080975
1488	0.081708
1489	0.082417
1490	0.083088
1491	0.083711
1492	0.084283
1493	0.084811
1494	0.085314
1495	0.085821
1496	0.086363
1497	0.086959
1498	0.087612
1499	0.088309
1500	0.089037
1501	0.089787
1502	0.090556
1503	0.091342
1504	0.092142
1505	0.092942
1506	0.093728
1507	0.094487
1508	0.095216
1509	0.095923
1510	0.096622
1511	0.097321
1512	0.098021
1513	0.098723
1514	0.099432
1515	0.100157
1516	0.100910
1517	0.101695
1518	0.102502
1519	0.103315
1520	0.104120
1521	0.104914
1522	0.105702
1523	0.106486
1524	0.107267
1525	0.108041
1526	0.108803
1527	0.109557
1528	0.110310
1529	0.111066
1530	0.111821
1531	0.112575
1532	0.113323
1533	0.114067
1534	0.114814
1535	0.115566
1536	0.116322
1537	0.117079
1538	0.117829
1539	0.118561
1540	0.119272
1541	0.119968
1542	0.120660
1543	0.121362
1544	0.122080
1545	0.122815
1546	0.123562
1547	0.124317
1548	0.125076
1549	0.125836
1550	0.126589
1551	0.127328
1552	0.128050
1553	0.128756
1554	0.129451
1555	0.130144
1556	0.130836
1557	0.131516
1558	0.132177
1559	0.132815
1560	0.133431
1561	0.134031
1562	0.134617
1563	0.135190
1564	0.135759
1565	0.136341
1566	0.136957
1567	0.137625
1568	0.138348
1569	0.139111
1570	0.139887
1571	0.140649
1572	0.141374
1573	0.142053
1574	0.142687
1575	0.143276
1576	0.143829
1577	0.144364
1578	0.144907
1579	0.145482
1580	0.146106
1581	0.146767
1582	0.147441
1583	0.148096
1584	0.148710
1585	0.149278
1586	0.149808
1587	0.150318
1588	0.150819
1589	0.151317
1590	0.151807
1591	0.152291
1592	0.152776
1593	0.153273
1594	0.153791
1595	0.154333
1596	0.154898
1597	0.155481
1598	0.156074
1599	0.156666
1600	0.157244
1601	0.157794
1602	0.158303
1603	0.158770
1604	0.159204
1605	0.159628
1606	0.160065
1607	0.160530
1608	0.161023
1609	0.161535
1610	0.162051
1611	0.162566
1612	0.163078
1613	0.163586
1614	0.164089
1615	0.164582
1616	0.165060
1617	0.165521
1618	0.165963
1619	0.166386
1620	0.166788
1621	0.167168
1622	0.167526
1623	0.167872
1624	0.168220
1625	0.168584
1626	0.168974
1627	0.169388
1628	0.169812
1629	0.170232
1630	0.170638
1631	0.171028
1632	0.171402
1633	0.171764
1634	0.172114
1635	0.172455
1636	0.172795
1637	0.173144
1638	0.173511
1639	0.173899
1640	0.174305
1641	0.174722
1642	0.175137
1643	0.175539
1644	0.175917
1645	0.176264
1646	0.176580
1647	0.176873
1648	0.177160
1649	0.177452
1650	0.177746
1651	0.178032
1652	0.178287
1653	0.178496
1654	0.178656
1655	0.178774
1656	0.178855
1657	0.178908
1658	0.178940
1659	0.178966
1660	0.179008
1661	0.179085
1662	0.179206
1663	0.179361
1664	0.179522
1665	0.179664
1666	0.179771
1667	0.179846
1668	0.179899
1669	0.179935
1670	0.179944
1671	0.179912
1672	0.179840
1673	0.179743
1674	0.179643
1675	0.179555
1676	0.179474
1677	0.179390
1678	0.179299
1679	0.179207
1680	0.179127
1681	0.179071
1682	0.179034
1683	0.179000
1684	0.178947
1685	0.178861
1686	0.178741
1687	0.178590
1688	0.178414
1689	0.178217
1690	0.178009
1691	0.177801
1692	0.177603
1693	0.177414
1694	0.177225
1695	0.177030
1696	0.176835
1697	0.176648
1698	0.176472
1699	0.176302
1700	0.176126
1701	0.175939
1702	0.175739
1703	0.175525
1704	0.175294
1705	0.175037
1706	0.174740
1707	0.174403
1708	0.174046
1709	0.173700
1710	0.173404
1711	0.173180
1712	0.173016
1713	0.172880
1714	0.172733
1715	0.172543
1716	0.172290
1717	0.171967
1718	0.171588
1719	0.171174
1720	0.170758
1721	0.170372
1722	0.170039
1723	0.169766
1724	0.169541
1725	0.169329
1726	0.169081
1727	0.168759
1728	0.168352
1729	0.167874
1730	0.167359
1731	0.166850
1732	0.166387
1733	0.166001
1734	0.165706
1735	0.165475
1736	0.165254
1737	0.164976
1738	0.164592
1739	0.164083
1740	0.163471
1741	0.162806
1742	0.162151
1743	0.161552
1744	0.161033
1745	0.160594
1746	0.160212
1747	0.159862
1748	0.159517
1749	0.159146
1750	0.158718
1751	0.158217
1752	0.157650
1753	0.157042
1754	0.156427
1755	0.155837
1756	0.155278
1757	0.154737
1758	0.154193
1759	0.153634
1760	0.153067
1761	0.152510
1762	0.151982
1763	0.151487
1764	0.151010
1765	0.150534
1766	0.150057
1767	0.149589
1768	0.149153
1769	0.148763
1770	0.148421
1771	0.148118
1772	0.147840
1773	0.147564
1774	0.147266
1775	0.146922
1776	0.146510
1777	0.146018
1778	0.145450
1779	0.144820
1780	0.144152
1781	0.143479
1782	0.142825
1783	0.142207
1784	0.141621
1785	0.141058
1786	0.140503
1787	0.139947
1788	0.139386
1789	0.138822
1790	0.138256
1791	0.137690
1792	0.137124
1793	0.136558
1794	0.135992
1795	0.135426
1796	0.134860
1797	0.134295
1798	0.133729
1799	0.133163
1800	0.132597
1801	0.132031
1802	0.131465
1803	0.130899
1804	0.130333
1805	0.129767
1806	0.129202
1807	0.128636
1808	0.128070
1809	0.127504
1810	0.126938
1811	0.126372
1812	0.125806
1813	0.125240
1814	0.124675
1815	0.124109
1816	0.123543
1817	0.122977
1818	0.122411
1819	0.121845
1820	0.121279
1821	0.120713
1822	0.120147
1823	0.119582
1824	0.119016
1825	0.118450
1826	0.117884
1827	0.117318
1828	0.116752
1829	0.116186
1830	0.115620
1831	0.115055
1832	0.114489
1833	0.113923
1834	0.113357
1835	0.112791
1836	0.112225
1837	0.111659
1838	0.111093
1839	0.110527
1840	0.109962
1841	0.109396
1842	0.108830
1843	0.108264
1844	0.107698
1845	0.107132
1846	0.106566
1847	0.106000
1848	0.105435
1849	0.104869
1850	0.104303
1851	0.103737
1852	0.103171
1853	0.102605
1854	0.102039
1855	0.101473
1856	0.100907
1857	0.100342
1858	0.099776
1859	0.099210
1860	0.098644
1861	0.098078
1862	0.097512
1863	0.096946
1864	0.096380
1865	0.095815
1866	0.095249
1867	0.094683
1868	0.094117
1869	0.093551
1870	0.092985
1871	0.092419
1872	0.091853
1873	0.091287
1874	0.090722
1875	0.090156
1876	0.089590
1877	0.089024
1878	0.088458
1879	0.087892
1880	0.087326
1881	0.086760
1882	0.086194
1883	0.085629
1884	0.085063
1885	0.084497
1886	0.083931
1887	0.083365
1888	0.082799
1889	0.082233
1890	0.081667
1891	0.081102
1892	0.080536
1893	0.079970
1894	0.079404
1895	0.078838
1896	0.078272
1897	0.077706
1898	0.077140
1899	0.076574
1900	0.076009
1901	0.075443
1902	0.074877
1903	0.074311
1904	0.073745
1905	0.073179
1906	0.072613
1907	0.072047
1908	0.071482
1909	0.070916
1910	0.070350
1911	0.069784
1912	0.069218
1913	0.068652
1914	0.068086
1915	0.067520
1916	0.066954
1917	0.066389
1918	0.065823
1919	0.065257
1920	0.064691
1921	0.064125
1922	0.063559
1923	0.062993
1924	0.062427
1925	0.061862
1926	0.061296
1927	0.060730
1928	0.060164
1929	0.059598
1930	0.059032
1931	0.058466
1932	0.057900
1933	0.057334
1934	0.056769
1935	0.056203
1936	0.055637
1937	0.055071
1938	0.054505
1939	0.053939
1940	0.053373
1941	0.052802
1942	0.052218
1943	0.051633
1944	0.051069
1945	0.050543
1946	0.050052
1947	0.049583
1948	0.049116
1949	0.048631
1950	0.048113
1951	0.047554
1952	0.046946
1953	0.046287
1954	0.045579
1955	0.044835
1956	0.044081
1957	0.043347
1958	0.042658
1959	0.042020
1960	0.041419
1961	0.040849
1962	0.040309
1963	0.039801
1964	0.039324
1965	0.038879
1966	0.038465
1967	0.038083
1968	0.037733
1969	0.037416
1970	0.037131
1971	0.036879
1972	0.036660
1973	0.036474
1974	0.036322
1975	0.036204
1976	0.036119
1977	0.036069
1978	0.036053
1979	0.036071
1980	0.036125
1981	0.036213
1982	0.036337
1983	0.036496
1984	0.036691
1985	0.036921
1986	0.037188
1987	0.037491
1988	0.037831
1989	0.038208
1990	0.038621
1991	0.039072
1992	0.039560
1993	0.040086
1994	0.040650
1995	0.041252
1996	0.041892
1997	0.042571
1998	0.043289
1999	0.044046
2000	0.044841
2001	0.045677
2002	0.046577
2003	0.047589
2004	0.048677
2005	0.049737
2006	0.050683
2007	0.051494
2008	0.052192
2009	0.052792
2010	0.053272
2011	0.053563
2012	0.053592
2013	0.053345
2014	0.052867
2015	0.052237
2016	0.051525
2017	0.050769
2018	0.049992
2019	0.049241
2020	0.048632
2021	0.048331
2022	0.048387
2023	0.048720
2024	0.049197
2025	0.049689
2026	0.050114
2027	0.050429
2028	0.050630
2029	0.050716
2030	0.050694
2031	0.050599
2032	0.050472
2033	0.050362
2034	0.050317
2035	0.050379
2036	0.050579
2037	0.050932
2038	0.051438
2039	0.052073
2040	0.052788
2041	0.053512
2042	0.054189
2043	0.054790
2044	0.055307
2045	0.055740
2046	0.056101
2047	0.056410
2048	0.056683
2049	0.056936
2050	0.057170
2051	0.057374
2052	0.057519
2053	0.057579
2054	0.057555
2055	0.057480
2056	0.057413
2057	0.057426
2058	0.057572
2059	0.057862
2060	0.058270
2061	0.058757
2062	0.059274
2063	0.059775
2064	0.060234
2065	0.060648
2066	0.061025
2067	0.061374
2068	0.061712
2069	0.062053
2070	0.062402
2071	0.062754
2072	0.063105
2073	0.063455
2074	0.063804
2075	0.064153
2076	0.064500
2077	0.064846
2078	0.065191
2079	0.065535
2080	0.065879
2081	0.066221
2082	0.066563
2083	0.066904
2084	0.067244
2085	0.067583
2086	0.067922
2087	0.068259
2088	0.068596
2089	0.068933
2090	0.069268
2091	0.069603
2092	0.069937
2093	0.070270
2094	0.070602
2095	0.070934
2096	0.071266
2097	0.071596
2098	0.071926
2099	0.072255
2100	0.072584
2101	0.072912
2102	0.073239
2103	0.073565
2104	0.073891
2105	0.074217
2106	0.074541
2107	0.074865
2108	0.075189
2109	0.075511
2110	0.075833
2111	0.076155
2112	0.076475
2113	0.076796
2114	0.077115
2115	0.077434
2116	0.077752
2117	0.078069
2118	0.078386
2119	0.078702
2120	0.079017
2121	0.079331
2122	0.079645
2123	0.079958
2124	0.080270
2125	0.080582
2126	0.080892
2127	0.081202
2128	0.081511
2129	0.081819
2130	0.082126
2131	0.082433
2132	0.082738
2133	0.083043
2134	0.083347
2135	0.083649
2136	0.083951
2137	0.084252
2138	0.084552
2139	0.084850
2140	0.085148
2141	0.085444
2142	0.085740
2143	0.086034
2144	0.086327
2145	0.086619
2146	0.086910
2147	0.087199
2148	0.087487
2149	0.087774
2150	0.088059
2151	0.088343
2152	0.088633
2153	0.088945
2154	0.089269
2155	0.089575
2156	0.089830
2157	0.090012
2158	0.090113
2159	0.090141
2160	0.090108
2161	0.090033
2162	0.089934
2163	0.089833
2164	0.089757
2165	0.089730
2166	0.089765
2167	0.089858
2168	0.089988
2169	0.090125
2170	0.090254
2171	0.090385
2172	0.090523
2173	0.090668
2174	0.090818
2175	0.090972
2176	0.091131
2177	0.091293
2178	0.091457
2179	0.091623
2180	0.091790
2181	0.091957
2182	0.092125
2183	0.092291
2184	0.092456
2185	0.092619
2186	0.092779
2187	0.092937
2188	0.093091
2189	0.093240
2190	0.093385
2191	0.093526
2192	0.093660
2193	0.093789
2194	0.093912
2195	0.094029
2196	0.094138
2197	0.094240
2198	0.094335
2199	0.094422
2200	0.094502
2201	0.094573
2202	0.094636
2203	0.094690
2204	0.094735
2205	0.094772
2206	0.094799
2207	0.094818
2208	0.094828
2209	0.094828
2210	0.094819
2211	0.094802
2212	0.094774
2213	0.094738
2214	0.094693
2215	0.094639
2216	0.094576
2217	0.094504
2218	0.094424
2219	0.094336
2220	0.094239
2221	0.094134
2222	0.094022
2223	0.093902
2224	0.093775
2225	0.093641
2226	0.093500
2227	0.093353
2228	0.093201
2229	0.093043
2230	0.092880
2231	0.092712
2232	0.092541
2233	0.092366
2234	0.092187
2235	0.092006
2236	0.091823
2237	0.091639
2238	0.091454
2239	0.091268
2240	0.091083
2241	0.090899
2242	0.090716
2243	0.090536
2244	0.090359
2245	0.090186
2246	0.090018
2247	0.089855
2248	0.089698
2249	0.089548
2250	0.089407
2251	0.089274
2252	0.089167
2253	0.089112
2254	0.089078
2255	0.089001
2256	0.088832
2257	0.088563
2258	0.088219
2259	0.087847
2260	0.087492
2261	0.087189
2262	0.086960
2263	0.086824
2264	0.086798
2265	0.086882
2266	0.087053
2267	0.087255
2268	0.087414
2269	0.087465
2270	0.087394
2271	0.087247
2272	0.087047
2273	0.086800
2274	0.086510
2275	0.086183
2276	0.085823
2277	0.085434
2278	0.085020
2279	0.084586
2280	0.084136
2281	0.083674
2282	0.083202
2283	0.082726
2284	0.082247
2285	0.081770
2286	0.081296
2287	0.080830
2288	0.080373
2289	0.079929
2290	0.079500
2291	0.079087
2292	0.078693
2293	0.078320
2294	0.077970
2295	0.077644
2296	0.077343
2297	0.077070
2298	0.076824
2299	0.076608
2300	0.076421
2301	0.076265
2302	0.076139
2303	0.076045
2304	0.075982
2305	0.075951
2306	0.075951
2307	0.075981
2308	0.076043
2309	0.076134
2310	0.076254
2311	0.076403
2312	0.076578
2313	0.076779
2314	0.077005
2315	0.077253
2316	0.077522
2317	0.077811
2318	0.078116
2319	0.078437
2320	0.078770
2321	0.079113
2322	0.079463
2323	0.079818
2324	0.080175
2325	0.080529
2326	0.080879
2327	0.081220
2328	0.081549
2329	0.081862
2330	0.082156
2331	0.082425
2332	0.082666
2333	0.082875
2334	0.083046
2335	0.083175
2336	0.083258
2337	0.083288
2338	0.083262
2339	0.083173
2340	0.083016
2341	0.082785
2342	0.082474
2343	0.082078
2344	0.081590
2345	0.081004
2346	0.080314
2347	0.079512
2348	0.078592
2349	0.077548
2350	0.076371
2351	0.075055
2352	0.073571
2353	0.071869
2354	0.069955
2355	0.067895
2356	0.065773
2357	0.063656
2358	0.061586
2359	0.059575
2360	0.057615
2361	0.055693
2362	0.053786
2363	0.051858
2364	0.049851
2365	0.047709
2366	0.045387
2367	0.042883
2368	0.040236
2369	0.037511
2370	0.034746
2371	0.031918
2372	0.029011
2373	0.026025
2374	0.022962
2375	0.019819
2376	0.016598
2377	0.013299
2378	0.009921
2379	0.006465
2380	0.002931
2381	-0.000682
2382	-0.004374
2383	-0.008144
2384	-0.011993
2385	-0.015920
2386	-0.019925
2387	-0.024009
2388	-0.028171
2389	-0.032412
2390	-0.036732
2391	-0.041129
2392	-0.045606
2393	-0.050160
2394	-0.054794
2395	-0.059505
2396	-0.064295
2397	-0.069164
2398	-0.074111
2399	-0.079136
2400	-0.084240
2401	-0.089423
2402	-0.094684
2403	-0.100023
2404	-0.105441
2405	-0.110937
2406	-0.116512
2407	-0.122165
2408	-0.127897
2409	-0.133707
2410	-0.139596
2411	-0.145563
2412	-0.151609
2413	-0.157733
2414	-0.163935
2415	-0.170216
2416	-0.176576
2417	-0.183014
2418	-0.189530
2419	-0.196125
2420	-0.202798
2421	-0.209550
2422	-0.216380
2423	-0.223289
2424	-0.230276
2425	-0.237342
2426	-0.244486
2427	-0.251708
2428	-0.259009
2429	-0.266389
2430	-0.273847
2431	-0.281383
2432	-0.288998
2433	-0.296692
2434	-0.304464
2435	-0.312314
2436	-0.320243
2437	-0.328250
2438	-0.336336
2439	-0.344500
2440	-0.352742
2441	-0.361064
2442	-0.369463
2443	-0.377941
2444	-0.386498
2445	-0.395133
2446	-0.403846
2447	-0.412638
2448	-0.421508
2449	-0.430457
2450	-0.439485
2451	-0.448590
2452	-0.457775
2453	-0.467037
2454	-0.476378
2455	-0.485798
2456	-0.495296
2457	-0.504873
2458	-0.514528
2459	-0.524261
2460	-0.534073
2461	-0.543964
2462	-0.553933
2463	-0.563980
2464	-0.574106
2465	-0.584310
2466	-0.594593
2467	-0.604954
2468	-0.615394
2469	-0.625912
2470	-0.636509
2471	-0.647184
2472	-0.657938
2473	-0.668770
2474	-0.679680
2475	-0.690669
2476	-0.701736
2477	-0.712882
2478	-0.724107
2479	-0.735410
2480	-0.746791
2481	-0.758251
2482	-0.769789
2483	-0.781406
2484	-0.793101
2485	-0.804874
2486	-0.816727
2487	-0.828657
2488	-0.840666
2489	-0.852754
2490	-0.864920
2491	-0.877164
2492	-0.889487
2493	-0.901888
2494	-0.914368
2495	-0.926927
2496	-0.939563
2497	-0.952279
2498	-0.965072
2499	-0.977944
2500	-0.990895
