350	0.011766
351	0.011656
352	0.011558
353	0.011473
354	0.011401
355	0.011343
356	0.011299
357	0.011269
358	0.011249
359	0.011238
360	0.011246
361	0.011306
362	0.011392
363	0.011492
364	0.011594
365	0.011680
366	0.011748
367	0.011797
368	0.011825
369	0.011837
370	0.011848
371	0.011870
372	0.011908
373	0.011963
374	0.012033
375	0.012117
376	0.012212
377	0.012310
378	0.012401
379	0.012485
380	0.012562
381	0.012635
382	0.012706
383	0.012781
384	0.012861
385	0.012941
386	0.013019
387	0.013098
388	0.013183
389	0.013276
390	0.013380
391	0.013499
392	0.013632
393	0.013782
394	0.013952
395	0.014136
396	0.014326
397	0.014512
398	0.014689
399	0.014854
400	0.015008
401	0.015160
402	0.015315
403	0.015472
404	0.015629
405	0.015783
406	0.015939
407	0.016100
408	0.016271
409	0.016454
410	0.016646
411	0.016847
412	0.017057
413	0.017276
414	0.017498
415	0.017716
416	0.017923
417	0.018115
418	0.018289
419	0.018450
420	0.018602
421	0.018748
422	0.018890
423	0.019028
424	0.019166
425	0.019300
426	0.019428
427	0.019550
428	0.019667
429	0.019782
430	0.019897
431	0.020011
432	0.020123
433	0.020228
434	0.020327
435	0.020419
436	0.020506
437	0.020589
438	0.020670
439	0.020750
440	0.020832
441	0.020920
442	0.021015
443	0.021118
444	0.021224
445	0.021332
446	0.021440
447	0.021546
448	0.021651
449	0.021756
450	0.021859
451	0.021957
452	0.022049
453	0.022134
454	0.022214
455	0.022291
456	0.022364
457	0.022431
458	0.022491
459	0.022543
460	0.022586
461	0.022620
462	0.022648
463	0.022672
464	0.022695
465	0.022720
466	0.022748
467	0.022781
468	0.022816
469	0.022851
470	0.022882
471	0.022911
472	0.022939
473	0.022968
474	0.022996
475	0.023025
476	0.023059
477	0.023101
478	0.023149
479	0.023199
480	0.023249
481	0.023298
482	0.023344
483	0.023391
484	0.023439
485	0.023491
486	0.023549
487	0.023616
488	0.023695
489	0.023786
490	0.023890
491	0.024008
492	0.024137
493	0.024277
494	0.024428
495	0.024592
496	0.024770
497	0.024964
498	0.025177
499	0.025414
500	0.025679
501	0.025976
502	0.026305
503	0.026667
504	0.027063
505	0.027494
506	0.027961
507	0.028462
508	0.029000
509	0.029576
510	0.030194
511	0.030858
512	0.031575
513	0.032347
514	0.033177
515	0.034064
516	0.035005
517	0.035995
518	0.037025
519	0.038084
520	0.039162
521	0.040252
522	0.041348
523	0.042444
524	0.043533
525	0.044605
526	0.045651
527	0.046666
528	0.047643
529	0.048576
530	0.049457
531	0.050279
532	0.051040
533	0.051739
534	0.052379
535	0.052962
536	0.053494
537	0.053977
538	0.054418
539	0.054822
540	0.055199
541	0.055555
542	0.055896
543	0.056227
544	0.056551
545	0.056866
546	0.057174
547	0.057472
548	0.057753
549	0.058012
550	0.058246
551	0.058449
552	0.058612
553	0.058726
554	0.058782
555	0.058771
556	0.058684
557	0.058517
558	0.058265
559	0.057931
560	0.057522
561	0.057049
562	0.056525
563	0.055963
564	0.055376
565	0.054779
566	0.054185
567	0.053603
568	0.053038
569	0.052488
570	0.051947
571	0.051413
572	0.050888
573	0.050373
574	0.049867
575	0.049368
576	0.048875
577	0.048392
578	0.047924
579	0.047478
580	0.047058
581	0.046666
582	0.046303
583	0.045968
584	0.045665
585	0.045394
586	0.045157
587	0.044948
588	0.044760
589	0.044588
590	0.044429
591	0.044283
592	0.044153
593	0.044039
594	0.043945
595	0.043872
596	0.043816
597	0.043772
598	0.043733
599	0.043691
600	0.043636
601	0.043559
602	0.043456
603	0.043322
604	0.043157
605	0.042965
606	0.042749
607	0.042512
608	0.042258
609	0.041989
610	0.041706
611	0.041414
612	0.041116
613	0.040818
614	0.040525
615	0.040239
616	0.039969
617	0.039721
618	0.039499
619	0.039305
620	0.039142
621	0.039010
622	0.038911
623	0.038842
624	0.038803
625	0.038790
626	0.038795
627	0.038813
628	0.038837
629	0.038859
630	0.038872
631	0.038870
632	0.038844
633	0.038789
634	0.038698
635	0.038566
636	0.038389
637	0.038168
638	0.037902
639	0.037596
640	0.037253
641	0.036876
642	0.036474
643	0.036060
644	0.035646
645	0.035246
646	0.034873
647	0.034535
648	0.034235
649	0.033975
650	0.033751
651	0.033554
652	0.033372
653	0.033191
654	0.033005
655	0.032803
656	0.032579
657	0.032328
658	0.032050
659	0.031746
660	0.031423
661	0.031088
662	0.030748
663	0.030411
664	0.030084
665	0.029778
666	0.029499
667	0.029255
668	0.029049
669	0.028882
670	0.028750
671	0.028651
672	0.028584
673	0.028551
674	0.028549
675	0.028576
676	0.028631
677	0.028713
678	0.028829
679	0.028986
680	0.029198
681	0.029486
682	0.029868
683	0.030362
684	0.030981
685	0.031735
686	0.032637
687	0.033699
688	0.034935
689	0.036361
690	0.037989
691	0.039831
692	0.041900
693	0.044211
694	0.046773
695	0.049587
696	0.052646
697	0.055929
698	0.059409
699	0.063057
700	0.066845
701	0.070744
702	0.074725
703	0.078768
704	0.082860
705	0.086998
706	0.091186
707	0.095434
708	0.099756
709	0.104156
710	0.108639
711	0.113210
712	0.117890
713	0.122709
714	0.127698
715	0.132865
716	0.138194
717	0.143659
718	0.149241
719	0.154927
720	0.160701
721	0.166543
722	0.172425
723	0.178319
724	0.184209
725	0.190095
726	0.195982
727	0.201861
728	0.207696
729	0.213437
730	0.219038
731	0.224474
732	0.229746
733	0.234855
734	0.239797
735	0.244563
736	0.249148
737	0.253546
738	0.257752
739	0.261761
740	0.265565
741	0.269160
742	0.272542
743	0.275713
744	0.278678
745	0.281446
746	0.284028
747	0.286432
748	0.288665
749	0.290732
750	0.292647
751	0.294435
752	0.296102
753	0.297633
754	0.299025
755	0.300310
756	0.301521
757	0.302670
758	0.303760
759	0.304786
760	0.305740
761	0.306615
762	0.307413
763	0.308136
764	0.308784
765	0.309352
766	0.309833
767	0.310231
768	0.310571
769	0.310900
770	0.311246
771	0.311596
772	0.311937
773	0.312277
774	0.312623
775	0.312970
776	0.313311
777	0.313648
778	0.313984
779	0.314320
780	0.314657
781	0.314992
782	0.315321
783	0.315643
784	0.315957
785	0.316259
786	0.316550
787	0.316834
788	0.317116
789	0.317396
790	0.317679
791	0.317969
792	0.318267
793	0.318570
794	0.318869
795	0.319156
796	0.319429
797	0.319687
798	0.319931
799	0.320167
800	0.320402
801	0.320642
802	0.320892
803	0.321151
804	0.321418
805	0.321689
806	0.321954
807	0.322202
808	0.322422
809	0.322609
810	0.322763
811	0.322887
812	0.323000
813	0.323135
814	0.323319
815	0.323549
816	0.323804
817	0.324067
818	0.324344
819	0.324640
820	0.324949
821	0.325253
822	0.325531
823	0.325774
824	0.325983
825	0.326169
826	0.326345
827	0.326518
828	0.326681
829	0.326825
830	0.326955
831	0.327094
832	0.327268
833	0.327482
834	0.327718
835	0.327957
836	0.328195
837	0.328434
838	0.328677
839	0.328925
840	0.329178
841	0.329436
842	0.329691
843	0.329932
844	0.330159
845	0.330380
846	0.330590
847	0.330776
848	0.330930
849	0.331063
850	0.331199
851	0.331367
852	0.331574
853	0.331809
854	0.332061
855	0.332319
856	0.332580
857	0.332839
858	0.333095
859	0.333331
860	0.333529
861	0.333685
862	0.333821
863	0.333974
864	0.334163
865	0.334378
866	0.334600
867	0.334820
868	0.335036
869	0.335247
870	0.335450
871	0.335641
872	0.335816
873	0.335972
874	0.336103
875	0.336214
876	0.336320
877	0.336441
878	0.336582
879	0.336731
880	0.336880
881	0.337022
882	0.337154
883	0.337280
884	0.337414
885	0.337560
886	0.337705
887	0.337828
888	0.337918
889	0.337970
890	0.337983
891	0.337956
892	0.337890
893	0.337782
894	0.337640
895	0.337491
896	0.337383
897	0.337360
898	0.337458
899	0.337679
900	0.337977
901	0.338279
902	0.338526
903	0.338691
904	0.338778
905	0.338804
906	0.338788
907	0.338737
908	0.338662
909	0.338589
910	0.338554
911	0.338585
912	0.338685
913	0.338834
914	0.338997
915	0.339144
916	0.339271
917	0.339383
918	0.339474
919	0.339518
920	0.339484
921	0.339351
922	0.339114
923	0.338786
924	0.338391
925	0.337953
926	0.337494
927	0.337026
928	0.336546
929	0.336045
930	0.335523
931	0.334983
932	0.334425
933	0.333852
934	0.333264
935	0.332663
936	0.332051
937	0.331429
938	0.330798
939	0.330160
940	0.329516
941	0.328869
942	0.328218
943	0.327566
944	0.326915
945	0.326265
946	0.325618
947	0.324975
948	0.324339
949	0.323709
950	0.323089
951	0.322479
952	0.321881
953	0.321296
954	0.320725
955	0.320171
956	0.319634
957	0.319117
958	0.318619
959	0.318144
960	0.317692
961	0.317265
962	0.316864
963	0.316491
964	0.316147
965	0.315833
966	0.315552
967	0.315304
968	0.315091
969	0.314915
970	0.314776
971	0.314677
972	0.314619
973	0.314602
974	0.314630
975	0.314702
976	0.314821
977	0.314989
978	0.315205
979	0.315473
980	0.315793
981	0.316167
982	0.316600
983	0.317104
984	0.317678
985	0.318310
986	0.318981
987	0.319673
988	0.320374
989	0.321075
990	0.321774
991	0.322468
992	0.323156
993	0.323844
994	0.324541
995	0.325257
996	0.326001
997	0.326776
998	0.327574
999	0.328381
1000	0.329189
1001	0.329999
1002	0.330814
1003	0.331633
1004	0.332453
1005	0.333274
1006	0.334095
1007	0.334915
1008	0.335732
1009	0.336547
1010	0.337357
1011	0.338161
1012	0.338960
1013	0.339752
1014	0.340536
1015	0.341312
1016	0.342078
1017	0.342835
1018	0.343581
1019	0.344315
1020	0.345038
1021	0.345749
1022	0.346446
1023	0.347130
1024	0.347800
1025	0.348456
1026	0.349097
1027	0.349724
1028	0.350335
1029	0.350930
1030	0.351510
1031	0.352073
1032	0.352621
1033	0.353153
1034	0.353668
1035	0.354165
1036	0.354645
1037	0.355107
1038	0.355552
1039	0.355980
1040	0.356393
1041	0.356791
1042	0.357175
1043	0.357546
1044	0.357905
1045	0.358251
1046	0.358585
1047	0.358907
1048	0.359216
1049	0.359511
1050	0.359792
1051	0.360061
1052	0.360317
1053	0.360559
1054	0.360789
1055	0.361006
1056	0.361210
1057	0.361402
1058	0.361580
1059	0.361746
1060	0.361899
1061	0.362039
1062	0.362167
1063	0.362282
1064	0.362385
1065	0.362475
1066	0.362552
1067	0.362617
1068	0.362670
1069	0.362711
1070	0.362739
1071	0.362754
1072	0.362758
1073	0.362749
1074	0.362728
1075	0.362695
1076	0.362650
1077	0.362593
1078	0.362523
1079	0.362442
1080	0.362349
1081	0.362244
1082	0.362127
1083	0.361998
1084	0.361857
1085	0.361705
1086	0.361541
1087	0.361365
1088	0.361177
1089	0.360978
1090	0.360768
1091	0.360545
1092	0.360312
1093	0.360067
1094	0.359807
1095	0.359525
1096	0.359226
1097	0.358918
1098	0.358617
1099	0.358341
1100	0.358104
1101	0.357907
1102	0.357736
1103	0.357572
1104	0.357388
1105	0.357152
1106	0.356825
1107	0.356375
1108	0.355781
1109	0.355042
1110	0.354178
1111	0.353239
1112	0.352283
1113	0.351366
1114	0.350537
1115	0.349819
1116	0.349222
1117	0.348757
1118	0.348429
1119	0.348236
1120	0.348150
1121	0.348123
1122	0.348096
1123	0.348009
1124	0.347827
1125	0.347530
1126	0.347102
1127	0.346520
1128	0.345758
1129	0.344797
1130	0.343648
1131	0.342344
1132	0.340907
1133	0.339331
1134	0.337584
1135	0.335632
1136	0.333459
1137	0.331078
1138	0.328529
1139	0.325858
1140	0.323104
1141	0.320322
1142	0.317586
1143	0.314969
1144	0.312528
1145	0.310300
1146	0.308293
1147	0.306489
1148	0.304878
1149	0.303458
1150	0.302221
1151	0.301149
1152	0.300218
1153	0.299399
1154	0.298661
1155	0.297985
1156	0.297363
1157	0.296791
1158	0.296253
1159	0.295744
1160	0.295267
1161	0.294831
1162	0.294446
1163	0.294124
1164	0.293867
1165	0.293659
1166	0.293479
1167	0.293314
1168	0.293165
1169	0.293032
1170	0.292913
1171	0.292801
1172	0.292683
1173	0.292550
1174	0.292406
1175	0.292258
1176	0.292109
1177	0.291955
1178	0.291799
1179	0.291645
1180	0.291502
1181	0.291381
1182	0.291285
1183	0.291208
1184	0.291137
1185	0.291067
1186	0.291000
1187	0.290941
1188	0.290887
1189	0.290836
1190	0.290781
1191	0.290725
1192	0.290673
1193	0.290628
1194	0.290589
1195	0.290559
1196	0.290544
1197	0.290555
1198	0.290609
1199	0.290718
1200	0.290885
1201	0.291103
1202	0.291359
1203	0.291634
1204	0.291909
1205	0.292175
1206	0.292425
1207	0.292659
1208	0.292885
1209	0.293111
1210	0.293344
1211	0.293584
1212	0.293832
1213	0.294081
1214	0.294320
1215	0.294543
1216	0.294747
1217	0.294936
1218	0.295125
1219	0.295333
1220	0.295583
1221	0.295886
1222	0.296242
1223	0.296639
1224	0.297057
1225	0.297469
1226	0.297858
1227	0.298217
1228	0.298543
1229	0.298841
1230	0.299117
1231	0.299380
1232	0.299640
1233	0.299913
1234	0.300213
1235	0.300546
1236	0.300906
1237	0.301275
1238	0.301630
1239	0.301955
1240	0.302241
1241	0.302497
1242	0.302735
1243	0.302960
1244	0.303175
1245	0.303387
1246	0.303601
1247	0.303822
1248	0.304055
1249	0.304301
1250	0.304548
1251	0.304776
1252	0.304976
1253	0.305148
1254	0.305301
1255	0.305441
1256	0.305574
1257	0.305695
1258	0.305795
1259	0.305872
1260	0.305935
1261	0.305997
1262	0.306070
1263	0.306167
1264	0.306291
1265	0.306440
1266	0.306612
1267	0.306808
1268	0.307020
1269	0.307230
1270	0.307419
1271	0.307568
1272	0.307662
1273	0.307693
1274	0.307664
1275	0.307583
1276	0.307463
1277	0.307314
1278	0.307142
1279	0.306948
1280	0.306727
1281	0.306474
1282	0.306186
1283	0.305857
1284	0.305480
1285	0.305049
1286	0.304558
1287	0.304008
1288	0.303411
1289	0.302787
1290	0.302153
1291	0.301514
1292	0.300860
1293	0.300179
1294	0.299461
1295	0.298705
1296	0.297912
1297	0.297082
1298	0.296212
1299	0.295304
1300	0.294365
1301	0.293403
1302	0.292429
1303	0.291447
1304	0.290457
1305	0.289450
1306	0.288402
1307	0.287291
1308	0.286103
1309	0.284836
1310	0.283504
1311	0.282125
1312	0.280719
1313	0.279310
1314	0.277913
1315	0.276540
1316	0.275201
1317	0.273897
1318	0.272618
1319	0.271342
1320	0.270047
1321	0.268714
1322	0.267338
1323	0.265932
1324	0.264501
1325	0.263045
1326	0.261566
1327	0.260063
1328	0.258538
1329	0.256991
1330	0.255423
1331	0.253833
1332	0.252223
1333	0.250594
1334	0.248945
1335	0.247277
1336	0.245592
1337	0.243889
1338	0.242169
1339	0.240433
1340	0.238681
1341	0.236914
1342	0.235133
1343	0.233337
1344	0.231528
1345	0.229706
1346	0.227872
1347	0.226026
1348	0.224169
1349	0.222301
1350	0.220423
1351	0.218536
1352	0.216640
1353	0.214736
1354	0.212824
1355	0.210905
1356	0.208980
1357	0.207048
1358	0.205111
1359	0.203169
1360	0.201223
1361	0.199273
1362	0.197320
1363	0.195365
1364	0.193407
1365	0.191447
1366	0.189483
1367	0.187517
1368	0.185555
1369	0.183600
1370	0.181658
1371	0.179728
1372	0.177809
1373	0.175899
1374	0.173995
1375	0.172095
1376	0.170195
1377	0.168292
1378	0.166381
1379	0.164462
1380	0.162536
1381	0.160607
1382	0.158678
1383	0.156752
1384	0.154827
1385	0.152902
1386	0.150977
1387	0.149052
1388	0.147127
1389	0.145202
1390	0.143277
1391	0.141335
1392	0.139350
1393	0.137359
1394	0.135437
1395	0.133633
1396	0.131951
1397	0.130350
1398	0.128769
1399	0.127143
1400	0.125424
1401	0.123581
1402	0.121584
1403	0.119417
1404	0.117080
1405	0.114609
1406	0.112076
1407	0.109574
1408	0.107182
1409	0.104922
1410	0.102749
1411	0.100640
1412	0.098597
1413	0.096618
1414	0.094703
1415	0.092853
1416	0.091066
1417	0.089342
1418	0.087682
1419	0.086085
1420	0.084550
1421	0.083078
1422	0.081668
1423	0.080320
1424	0.079033
1425	0.077808
1426	0.076643
1427	0.075540
1428	0.074497
1429	0.073514
1430	0.072591
1431	0.071728
1432	0.070924
1433	0.070179
1434	0.069494
1435	0.068866
1436	0.068297
1437	0.067787
1438	0.067333
1439	0.066938
1440	0.066599
1441	0.066318
1442	0.066093
1443	0.065925
1444	0.065813
1445	0.065757
1446	0.065756
1447	0.065811
1448	0.065921
1449	0.066085
1450	0.066304
1451	0.066578
1452	0.066925
1453	0.067387
1454	0.067944
1455	0.068515
1456	0.069006
1457	0.069350
1458	0.069538
1459	0.069588
1460	0.069530
1461	0.069392
1462	0.069196
1463	0.068991
1464	0.068848
1465	0.068842
1466	0.069016
1467	0.069356
1468	0.069799
1469	0.070264
1470	0.070713
1471	0.071180
1472	0.071688
1473	0.072233
1474	0.072795
1475	0.073358
1476	0.073925
1477	0.074510
1478	0.075125
1479	0.075776
1480	0.076452
1481	0.077139
1482	0.077819
1483	0.078478
1484	0.079105
1485	0.079702
1486	0.080281
1487	0.080863
1488	0.081466
1489	0.082101
1490	0.082773
1491	0.083482
1492	0.084224
1493	0.084989
1494	0.085756
1495	0.086501
1496	0.087207
1497	0.087865
1498	0.088482
1499	0.089077
1500	0.089669
1501	0.090270
1502	0.090888
1503	0.091534
1504	0.092213
1505	0.092925
1506	0.093661
1507	0.094405
1508	0.095141
1509	0.095866
1510	0.096583
1511	0.097296
1512	0.098010
1513	0.098726
1514	0.099447
1515	0.100184
1516	0.100948
1517	0.101743
1518	0.102561
1519	0.103379
1520	0.104173
1521	0.104925
1522	0.105636
1523	0.106317
1524	0.106982
1525	0.107645
1526	0.108315
1527	0.108999
1528	0.109705
1529	0.110440
1530	0.111211
1531	0.112015
1532	0.112842
1533	0.113675
1534	0.114501
1535	0.115311
1536	0.116102
1537	0.116882
1538	0.117657
1539	0.118434
1540	0.119216
1541	0.120005
1542	0.120798
1543	0.121590
1544	0.122374
1545	0.123140
1546	0.123881
1547	0.124592
1548	0.125273
1549	0.125931
1550	0.126575
1551	0.127213
1552	0.127855
1553	0.128507
1554	0.129172
1555	0.129853
1556	0.130549
1557	0.131253
1558	0.131958
1559	0.132661
1560	0.133361
1561	0.134061
1562	0.134760
1563	0.135453
1564	0.136136
1565	0.136807
1566	0.137466
1567	0.138119
1568	0.138765
1569	0.139395
1570	0.139999
1571	0.140567
1572	0.141106
1573	0.141633
1574	0.142175
1575	0.142756
1576	0.143386
1577	0.144061
1578	0.144766
1579	0.145484
1580	0.146196
1581	0.146883
1582	0.147527
1583	0.148116
1584	0.148651
1585	0.149145
1586	0.149618
1587	0.150093
1588	0.150583
1589	0.151088
1590	0.151605
1591	0.152130
1592	0.152662
1593	0.153205
1594	0.153764
1595	0.154337
1596	0.154920
1597	0.155508
1598	0.156094
1599	0.156672
1600	0.157232
1601	0.157760
1602	0.158247
1603	0.158697
1604	0.159126
1605	0.159559
1606	0.160016
1607	0.160508
1608	0.161037
1609	0.161596
1610	0.162177
1611	0.162770
1612	0.163362
1613	0.163935
1614	0.164473
1615	0.164966
1616	0.165420
1617	0.165847
1618	0.166268
1619	0.166693
1620	0.167120
1621	0.167543
1622	0.167957
1623	0.168361
1624	0.168760
1625	0.169157
1626	0.169551
1627	0.169936
1628	0.170304
1629	0.170659
1630	0.171006
1631	0.171357
1632	0.171715
1633	0.172077
1634	0.172435
1635	0.172777
1636	0.173097
1637	0.173390
1638	0.173652
1639	0.173887
1640	0.174106
1641	0.174329
1642	0.174581
1643	0.174877
1644	0.175219
1645	0.175592
1646	0.175968
1647	0.176320
1648	0.176627
1649	0.176881
1650	0.177081
1651	0.177242
1652	0.177387
1653	0.177546
1654	0.177741
1655	0.177982
1656	0.178261
1657	0.178552
1658	0.178822
1659	0.179042
1660	0.179196
1661	0.179285
1662	0.179333
1663	0.179369
1664	0.179418
1665	0.179497
1666	0.179607
1667	0.179738
1668	0.179878
1669	0.180017
1670	0.180149
1671	0.180267
1672	0.180361
1673	0.180422
1674	0.180449
1675	0.180451
1676	0.180447
1677	0.180450
1678	0.180462
1679	0.180468
1680	0.180450
1681	0.180387
1682	0.180271
1683	0.180107
1684	0.179901
1685	0.179655
1686	0.179369
1687	0.179046
1688	0.178701
1689	0.178365
1690	0.178073
1691	0.177846
1692	0.177688
1693	0.177590
1694	0.177533
1695	0.177499
1696	0.177473
1697	0.177438
1698	0.177379
1699	0.177282
1700	0.177142
1701	0.176965
1702	0.176754
1703	0.176517
1704	0.176259
1705	0.175990
1706	0.175717
1707	0.175442
1708	0.175156
1709	0.174846
1710	0.174502
1711	0.174124
1712	0.173726
1713	0.173328
1714	0.172949
1715	0.172600
1716	0.172278
1717	0.171975
1718	0.171688
1719	0.171413
1720	0.171147
1721	0.170879
1722	0.170594
1723	0.170289
1724	0.169970
1725	0.169640
1726	0.169293
1727	0.168922
1728	0.168525
1729	0.168110
1730	0.167696
1731	0.167298
1732	0.166919
1733	0.166549
1734	0.166158
1735	0.165732
1736	0.165270
1737	0.164780
1738	0.164275
1739	0.163762
1740	0.163244
1741	0.162737
1742	0.162267
1743	0.161855
1744	0.161496
1745	0.161168
1746	0.160837
1747	0.160465
1748	0.160025
1749	0.159514
1750	0.158946
1751	0.158350
1752	0.157761
1753	0.157214
1754	0.156734
1755	0.156314
1756	0.155931
1757	0.155557
1758	0.155169
1759	0.154757
1760	0.154324
1761	0.153866
1762	0.153376
1763	0.152855
1764	0.152324
1765	0.151815
1766	0.151354
1767	0.150941
1768	0.150548
1769	0.150147
1770	0.149727
1771	0.149300
1772	0.148904
1773	0.148570
1774	0.148305
1775	0.148095
1776	0.147909
1777	0.147714
1778	0.147488
1779	0.147207
1780	0.146853
1781	0.146412
1782	0.145884
1783	0.145287
1784	0.144655
1785	0.144018
1786	0.143387
1787	0.142770
1788	0.142164
1789	0.141559
1790	0.140955
1791	0.140350
1792	0.139745
1793	0.139140
1794	0.138535
1795	0.137931
1796	0.137326
1797	0.136721
1798	0.136116
1799	0.135511
1800	0.134907
1801	0.134302
1802	0.133697
1803	0.133092
1804	0.132487
1805	0.131883
1806	0.131278
1807	0.130673
1808	0.130068
1809	0.129463
1810	0.128859
1811	0.128254
1812	0.127649
1813	0.127044
1814	0.126439
1815	0.125835
1816	0.125230
1817	0.124625
1818	0.124020
1819	0.123415
1820	0.122810
1821	0.122206
1822	0.121601
1823	0.120996
1824	0.120391
1825	0.119786
1826	0.119182
1827	0.118577
1828	0.117972
1829	0.117367
1830	0.116762
1831	0.116158
1832	0.115553
1833	0.114948
1834	0.114343
1835	0.113738
1836	0.113134
1837	0.112529
1838	0.111924
1839	0.111319
1840	0.110714
1841	0.110110
1842	0.109505
1843	0.108900
1844	0.108295
1845	0.107690
1846	0.107086
1847	0.106481
1848	0.105876
1849	0.105271
1850	0.104666
1851	0.104062
1852	0.103457
1853	0.102852
1854	0.102247
1855	0.101642
1856	0.101037
1857	0.100433
1858	0.099828
1859	0.099223
1860	0.098618
1861	0.098013
1862	0.097409
1863	0.096804
1864	0.096199
1865	0.095594
1866	0.094989
1867	0.094385
1868	0.093780
1869	0.093175
1870	0.092570
1871	0.091965
1872	0.091361
1873	0.090756
1874	0.090151
1875	0.089546
1876	0.088941
1877	0.088337
1878	0.087732
1879	0.087127
1880	0.086522
1881	0.085917
1882	0.085313
1883	0.084708
1884	0.084103
1885	0.083498
1886	0.082893
1887	0.082289
1888	0.081684
1889	0.081079
1890	0.080474
1891	0.079869
1892	0.079264
1893	0.078660
1894	0.078055
1895	0.077450
1896	0.076845
1897	0.076240
1898	0.075636
1899	0.075031
1900	0.074426
1901	0.073821
1902	0.073216
1903	0.072612
1904	0.072007
1905	0.071402
1906	0.070797
1907	0.070192
1908	0.069588
1909	0.068983
1910	0.068378
1911	0.067773
1912	0.067168
1913	0.066564
1914	0.065959
1915	0.065354
1916	0.064749
1917	0.064144
1918	0.063540
1919	0.062935
1920	0.062330
1921	0.061725
1922	0.061120
1923	0.060515
1924	0.059911
1925	0.059306
1926	0.058701
1927	0.058096
1928	0.057491
1929	0.056887
1930	0.056282
1931	0.055677
1932	0.055072
1933	0.054467
1934	0.053863
1935	0.053258
1936	0.052653
1937	0.052048
1938	0.051443
1939	0.050839
1940	0.050234
1941	0.049629
1942	0.049027
1943	0.048428
1944	0.047832
1945	0.047235
1946	0.046628
1947	0.046004
1948	0.045359
1949	0.044692
1950	0.044005
1951	0.043305
1952	0.042598
1953	0.041896
1954	0.041211
1955	0.040554
1956	0.039935
1957	0.039360
1958	0.038829
1959	0.038338
1960	0.037886
1961	0.037468
1962	0.037086
1963	0.036739
1964	0.036425
1965	0.036144
1966	0.035896
1967	0.035679
1968	0.035494
1969	0.035339
1970	0.035215
1971	0.035119
1972	0.035053
1973	0.035014
1974	0.035003
1975	0.035019
1976	0.035060
1977	0.035128
1978	0.035220
1979	0.035336
1980	0.035476
1981	0.035639
1982	0.035824
1983	0.036031
1984	0.036259
1985	0.036507
1986	0.036775
1987	0.037063
1988	0.037368
1989	0.037692
1990	0.038033
1991	0.038390
1992	0.038763
1993	0.039152
1994	0.039555
1995	0.039973
1996	0.040403
1997	0.040847
1998	0.041303
1999	0.041770
2000	0.042248
2001	0.042736
2002	0.043242
2003	0.043789
2004	0.044371
2005	0.044950
2006	0.045475
2007	0.045904
2008	0.046206
2009	0.046383
2010	0.046462
2011	0.046462
2012	0.046386
2013	0.046234
2014	0.046019
2015	0.045779
2016	0.045587
2017	0.045518
2018	0.045614
2019	0.045887
2020	0.046328
2021	0.046928
2022	0.047671
2023	0.048514
2024	0.049387
2025	0.050196
2026	0.050846
2027	0.051288
2028	0.051539
2029	0.051665
2030	0.051750
2031	0.051854
2032	0.051998
2033	0.052169
2034	0.052344
2035	0.052507
2036	0.052653
2037	0.052800
2038	0.052982
2039	0.053230
2040	0.053580
2041	0.054049
2042	0.054608
2043	0.055203
2044	0.055777
2045	0.056276
2046	0.056668
2047	0.056950
2048	0.057132
2049	0.057243
2050	0.057341
2051	0.057502
2052	0.057767
2053	0.058124
2054	0.058521
2055	0.058902
2056	0.059225
2057	0.059473
2058	0.059665
2059	0.059824
2060	0.059966
2061	0.060101
2062	0.060245
2063	0.060410
2064	0.060610
2065	0.060849
2066	0.061112
2067	0.061370
2068	0.061614
2069	0.061859
2070	0.062116
2071	0.062382
2072	0.062654
2073	0.062933
2074	0.063218
2075	0.063509
2076	0.063807
2077	0.064110
2078	0.064418
2079	0.064733
2080	0.065052
2081	0.065377
2082	0.065707
2083	0.066041
2084	0.066380
2085	0.066723
2086	0.067071
2087	0.067423
2088	0.067778
2089	0.068138
2090	0.068500
2091	0.068866
2092	0.069235
2093	0.069606
2094	0.069980
2095	0.070357
2096	0.070736
2097	0.071116
2098	0.071498
2099	0.071881
2100	0.072266
2101	0.072652
2102	0.073038
2103	0.073424
2104	0.073811
2105	0.074198
2106	0.074584
2107	0.074970
2108	0.075354
2109	0.075738
2110	0.076120
2111	0.076500
2112	0.076878
2113	0.077254
2114	0.077627
2115	0.077998
2116	0.078365
2117	0.078729
2118	0.079088
2119	0.079444
2120	0.079795
2121	0.080142
2122	0.080483
2123	0.080819
2124	0.081149
2125	0.081473
2126	0.081790
2127	0.082101
2128	0.082405
2129	0.082701
2130	0.082990
2131	0.083270
2132	0.083542
2133	0.083805
2134	0.084058
2135	0.084303
2136	0.084537
2137	0.084760
2138	0.084973
2139	0.085175
2140	0.085366
2141	0.085544
2142	0.085710
2143	0.085864
2144	0.086004
2145	0.086131
2146	0.086244
2147	0.086342
2148	0.086426
2149	0.086495
2150	0.086548
2151	0.086585
2152	0.086597
2153	0.086565
2154	0.086498
2155	0.086427
2156	0.086390
2157	0.086417
2158	0.086522
2159	0.086707
2160	0.086964
2161	0.087279
2162	0.087638
2163	0.088018
2164	0.088392
2165	0.088731
2166	0.089018
2167	0.089251
2168	0.089450
2169	0.089645
2170	0.089851
2171	0.090059
2172	0.090262
2173	0.090460
2174	0.090654
2175	0.090843
2176	0.091028
2177	0.091209
2178	0.091386
2179	0.091558
2180	0.091727
2181	0.091892
2182	0.092053
2183	0.092210
2184	0.092363
2185	0.092513
2186	0.092659
2187	0.092802
2188	0.092941
2189	0.093077
2190	0.093209
2191	0.093338
2192	0.093464
2193	0.093586
2194	0.093705
2195	0.093820
2196	0.093932
2197	0.094041
2198	0.094146
2199	0.094248
2200	0.094346
2201	0.094441
2202	0.094532
2203	0.094620
2204	0.094704
2205	0.094784
2206	0.094860
2207	0.094933
2208	0.095002
2209	0.095067
2210	0.095127
2211	0.095184
2212	0.095236
2213	0.095284
2214	0.095327
2215	0.095366
2216	0.095400
2217	0.095429
2218	0.095453
2219	0.095472
2220	0.095486
2221	0.095494
2222	0.095497
2223	0.095494
2224	0.095485
2225	0.095470
2226	0.095449
2227	0.095421
2228	0.095386
2229	0.095345
2230	0.095297
2231	0.095241
2232	0.095178
2233	0.095107
2234	0.095029
2235	0.094942
2236	0.094846
2237	0.094743
2238	0.094630
2239	0.094508
2240	0.094377
2241	0.094236
2242	0.094085
2243	0.093924
2244	0.093752
2245	0.093569
2246	0.093376
2247	0.093171
2248	0.092954
2249	0.092726
2250	0.092485
2251	0.092231
2252	0.092014
2253	0.091915
2254	0.091838
2255	0.091578
2256	0.090970
2257	0.089964
2258	0.088628
2259	0.087098
2260	0.085531
2261	0.084058
2262	0.082781
2263	0.081803
2264	0.081217
2265	0.081070
2266	0.081323
2267	0.081832
2268	0.082375
2269	0.082743
2270	0.082872
2271	0.082877
2272	0.082818
2273	0.082701
2274	0.082531
2275	0.082314
2276	0.082052
2277	0.081753
2278	0.081419
2279	0.081056
2280	0.080667
2281	0.080258
2282	0.079830
2283	0.079390
2284	0.078940
2285	0.078484
2286	0.078025
2287	0.077566
2288	0.077112
2289	0.076664
2290	0.076226
2291	0.075800
2292	0.075389
2293	0.074995
2294	0.074621
2295	0.074269
2296	0.073940
2297	0.073638
2298	0.073362
2299	0.073116
2300	0.072901
2301	0.072717
2302	0.072566
2303	0.072450
2304	0.072368
2305	0.072322
2306	0.072313
2307	0.072340
2308	0.072405
2309	0.072507
2310	0.072646
2311	0.072823
2312	0.073038
2313	0.073289
2314	0.073576
2315	0.073899
2316	0.074257
2317	0.074649
2318	0.075074
2319	0.075531
2320	0.076019
2321	0.076535
2322	0.077079
2323	0.077648
2324	0.078241
2325	0.078856
2326	0.079490
2327	0.080142
2328	0.080808
2329	0.081486
2330	0.082174
2331	0.082869
2332	0.083566
2333	0.084265
2334	0.084960
2335	0.085649
2336	0.086329
2337	0.086994
2338	0.087643
2339	0.088269
2340	0.088871
2341	0.089442
2342	0.089979
2343	0.090477
2344	0.090932
2345	0.091338
2346	0.091692
2347	0.091986
2348	0.092217
2349	0.092379
2350	0.092467
2351	0.092474
2352	0.092380
2353	0.092144
2354	0.091772
2355	0.091314
2356	0.090833
2357	0.090382
2358	0.089991
2359	0.089671
2360	0.089415
2361	0.089213
2362	0.089049
2363	0.088895
2364	0.088708
2365	0.088442
2366	0.088067
2367	0.087578
2368	0.087007
2369	0.086401
2370	0.085791
2371	0.085158
2372	0.084491
2373	0.083790
2374	0.083055
2375	0.082286
2376	0.081483
2377	0.080646
2378	0.079775
2379	0.078870
2380	0.077931
2381	0.076958
2382	0.075951
2383	0.074910
2384	0.073834
2385	0.072725
2386	0.071582
2387	0.070405
2388	0.069194
2389	0.067948
2390	0.066669
2391	0.065356
2392	0.064008
2393	0.062627
2394	0.061211
2395	0.059762
2396	0.058278
2397	0.056761
2398	0.055210
2399	0.053624
2400	0.052004
2401	0.050351
2402	0.048663
2403	0.046942
2404	0.045186
2405	0.043396
2406	0.041573
2407	0.039715
2408	0.037823
2409	0.035897
2410	0.033938
2411	0.031944
2412	0.029916
2413	0.027854
2414	0.025758
2415	0.023628
2416	0.021465
2417	0.019267
2418	0.017035
2419	0.014769
2420	0.012469
2421	0.010135
2422	0.007767
2423	0.005364
2424	0.002928
2425	0.000458
2426	-0.002046
2427	-0.004584
2428	-0.007156
2429	-0.009763
2430	-0.012403
2431	-0.015077
2432	-0.017785
2433	-0.020528
2434	-0.023304
2435	-0.026114
2436	-0.028959
2437	-0.031837
2438	-0.034750
2439	-0.037696
2440	-0.040676
2441	-0.043691
2442	-0.046739
2443	-0.049822
2444	-0.052939
2445	-0.056089
2446	-0.059274
2447	-0.062492
2448	-0.065745
2449	-0.069032
2450	-0.072352
2451	-0.075707
2452	-0.079096
2453	-0.082519
2454	-0.085975
2455	-0.089466
2456	-0.092991
2457	-0.096550
2458	-0.100143
2459	-0.103770
2460	-0.107431
2461	-0.111126
2462	-0.114855
2463	-0.118618
2464	-0.122415
2465	-0.126246
2466	-0.130111
2467	-0.134010
2468	-0.137943
2469	-0.141910
2470	-0.145911
2471	-0.149947
2472	-0.154016
2473	-0.158119
2474	-0.162256
2475	-0.166428
2476	-0.170633
2477	-0.174872
2478	-0.179145
2479	-0.183453
2480	-0.187794
2481	-0.192170
2482	-0.196579
2483	-0.201023
2484	-0.205500
2485	-0.210012
2486	-0.214557
2487	-0.219137
2488	-0.223750
2489	-0.228398
2490	-0.233079
2491	-0.237795
2492	-0.242545
2493	-0.247328
2494	-0.252146
2495	-0.256998
2496	-0.261884
2497	-0.266803
2498	-0.271757
2499	-0.276745
2500	-0.281767
