350	0.033746
351	0.033695
352	0.033644
353	0.033592
354	0.033542
355	0.033493
356	0.033446
357	0.033402
358	0.033359
359	0.033311
360	0.033250
361	0.033215
362	0.033206
363	0.033218
364	0.033239
365	0.033253
366	0.033247
367	0.033219
368	0.033172
369	0.033114
370	0.033055
371	0.032998
372	0.032940
373	0.032876
374	0.032806
375	0.032738
376	0.032673
377	0.032595
378	0.032493
379	0.032372
380	0.032245
381	0.032122
382	0.032009
383	0.031907
384	0.031824
385	0.031760
386	0.031715
387	0.031689
388	0.031675
389	0.031662
390	0.031634
391	0.031586
392	0.031528
393	0.031475
394	0.031444
395	0.031434
396	0.031437
397	0.031449
398	0.031471
399	0.031503
400	0.031536
401	0.031558
402	0.031564
403	0.031556
404	0.031540
405	0.031526
406	0.031526
407	0.031547
408	0.031591
409	0.031656
410	0.031738
411	0.031830
412	0.031928
413	0.032028
414	0.032132
415	0.032243
416	0.032367
417	0.032505
418	0.032653
419	0.032806
420	0.032966
421	0.033131
422	0.033298
423	0.033460
424	0.033610
425	0.033744
426	0.033865
427	0.033982
428	0.034105
429	0.034241
430	0.034390
431	0.034547
432	0.034705
433	0.034858
434	0.034999
435	0.035125
436	0.035236
437	0.035329
438	0.035408
439	0.035477
440	0.035544
441	0.035615
442	0.035692
443	0.035775
444	0.035862
445	0.035949
446	0.036032
447	0.036108
448	0.036176
449	0.036239
450	0.036299
451	0.036354
452	0.036403
453	0.036442
454	0.036472
455	0.036497
456	0.036519
457	0.036541
458	0.036561
459	0.036578
460	0.036590
461	0.036596
462	0.036598
463	0.036596
464	0.036592
465	0.036586
466	0.036576
467	0.036565
468	0.036557
469	0.036555
470	0.036558
471	0.036564
472	0.036570
473	0.036575
474	0.036575
475	0.036570
476	0.036563
477	0.036557
478	0.036550
479	0.036543
480	0.036531
481	0.036516
482	0.036498
483	0.036484
484	0.036474
485	0.036469
486	0.036468
487	0.036472
488	0.036483
489	0.036508
490	0.036549
491	0.036606
492	0.036675
493	0.036752
494	0.036839
495	0.036942
496	0.037062
497	0.037201
498	0.037355
499	0.037524
500	0.037710
501	0.037914
502	0.038140
503	0.038392
504	0.038673
505	0.038985
506	0.039330
507	0.039713
508	0.040138
509	0.040605
510	0.041113
511	0.041660
512	0.042244
513	0.042867
514	0.043532
515	0.044236
516	0.044977
517	0.045746
518	0.046539
519	0.047348
520	0.048166
521	0.048983
522	0.049792
523	0.050583
524	0.051349
525	0.052083
526	0.052784
527	0.053450
528	0.054079
529	0.054668
530	0.055216
531	0.055723
532	0.056190
533	0.056620
534	0.057013
535	0.057371
536	0.057698
537	0.057997
538	0.058271
539	0.058523
540	0.058759
541	0.058985
542	0.059206
543	0.059427
544	0.059651
545	0.059878
546	0.060110
547	0.060343
548	0.060572
549	0.060792
550	0.060996
551	0.061173
552	0.061312
553	0.061404
554	0.061441
555	0.061419
556	0.061332
557	0.061178
558	0.060958
559	0.060673
560	0.060332
561	0.059943
562	0.059516
563	0.059062
564	0.058594
565	0.058127
566	0.057674
567	0.057242
568	0.056835
569	0.056452
570	0.056088
571	0.055735
572	0.055390
573	0.055049
574	0.054707
575	0.054364
576	0.054019
577	0.053676
578	0.053341
579	0.053018
580	0.052709
581	0.052414
582	0.052133
583	0.051864
584	0.051607
585	0.051365
586	0.051140
587	0.050932
588	0.050742
589	0.050570
590	0.050420
591	0.050293
592	0.050195
593	0.050127
594	0.050088
595	0.050076
596	0.050081
597	0.050090
598	0.050095
599	0.050086
600	0.050056
601	0.049996
602	0.049902
603	0.049772
604	0.049607
605	0.049410
606	0.049184
607	0.048937
608	0.048675
609	0.048405
610	0.048128
611	0.047846
612	0.047564
613	0.047289
614	0.047029
615	0.046787
616	0.046562
617	0.046355
618	0.046167
619	0.045998
620	0.045851
621	0.045727
622	0.045625
623	0.045545
624	0.045482
625	0.045436
626	0.045406
627	0.045391
628	0.045388
629	0.045391
630	0.045396
631	0.045398
632	0.045394
633	0.045380
634	0.045347
635	0.045289
636	0.045205
637	0.045094
638	0.044953
639	0.044785
640	0.044587
641	0.044359
642	0.044106
643	0.043838
644	0.043566
645	0.043296
646	0.043035
647	0.042790
648	0.042565
649	0.042361
650	0.042175
651	0.042001
652	0.041831
653	0.041656
654	0.041469
655	0.041263
656	0.041035
657	0.040783
658	0.040508
659	0.040213
660	0.039906
661	0.039596
662	0.039289
663	0.038990
664	0.038702
665	0.038434
666	0.038195
667	0.037987
668	0.037813
669	0.037672
670	0.037561
671	0.037479
672	0.037422
673	0.037388
674	0.037372
675	0.037373
676	0.037390
677	0.037423
678	0.037478
679	0.037562
680	0.037688
681	0.037871
682	0.038126
683	0.038466
684	0.038903
685	0.039448
686	0.040111
687	0.040905
688	0.041845
689	0.042946
690	0.044221
691	0.045682
692	0.047332
693	0.049176
694	0.051210
695	0.053430
696	0.055826
697	0.058380
698	0.061075
699	0.063892
700	0.066814
701	0.069826
702	0.072914
703	0.076075
704	0.079305
705	0.082603
706	0.085971
707	0.089417
708	0.092953
709	0.096582
710	0.100296
711	0.104085
712	0.107945
713	0.111897
714	0.115978
715	0.120226
716	0.124659
717	0.129275
718	0.134071
719	0.139042
720	0.144179
721	0.149468
722	0.154884
723	0.160390
724	0.165955
725	0.171572
726	0.177257
727	0.183028
728	0.188884
729	0.194792
730	0.200703
731	0.206573
732	0.212374
733	0.218088
734	0.223696
735	0.229177
736	0.234516
737	0.239703
738	0.244730
739	0.249595
740	0.254293
741	0.258807
742	0.263116
743	0.267204
744	0.271063
745	0.274696
746	0.278111
747	0.281316
748	0.284318
749	0.287123
750	0.289756
751	0.292259
752	0.294644
753	0.296850
754	0.298792
755	0.300426
756	0.301750
757	0.302792
758	0.303612
759	0.304295
760	0.304931
761	0.305609
762	0.306403
763	0.307369
764	0.308517
765	0.309805
766	0.311141
767	0.312406
768	0.313520
769	0.314469
770	0.315275
771	0.315948
772	0.316504
773	0.316989
774	0.317448
775	0.317897
776	0.318335
777	0.318761
778	0.319177
779	0.319581
780	0.319970
781	0.320335
782	0.320667
783	0.320958
784	0.321207
785	0.321425
786	0.321628
787	0.321841
788	0.322077
789	0.322340
790	0.322631
791	0.322951
792	0.323295
793	0.323651
794	0.323998
795	0.324315
796	0.324590
797	0.324825
798	0.325038
799	0.325255
800	0.325501
801	0.325787
802	0.326110
803	0.326453
804	0.326806
805	0.327155
806	0.327473
807	0.327722
808	0.327859
809	0.327863
810	0.327739
811	0.327523
812	0.327277
813	0.327081
814	0.327001
815	0.327053
816	0.327216
817	0.327471
818	0.327820
819	0.328257
820	0.328753
821	0.329251
822	0.329697
823	0.330060
824	0.330349
825	0.330593
826	0.330823
827	0.331057
828	0.331292
829	0.331516
830	0.331730
831	0.331968
832	0.332272
833	0.332649
834	0.333071
835	0.333499
836	0.333915
837	0.334317
838	0.334708
839	0.335094
840	0.335478
841	0.335860
842	0.336233
843	0.336587
844	0.336917
845	0.337226
846	0.337512
847	0.337761
848	0.337957
849	0.338112
850	0.338261
851	0.338442
852	0.338669
853	0.338933
854	0.339221
855	0.339523
856	0.339828
857	0.340136
858	0.340435
859	0.340704
860	0.340914
861	0.341060
862	0.341171
863	0.341288
864	0.341445
865	0.341645
866	0.341869
867	0.342099
868	0.342332
869	0.342571
870	0.342813
871	0.343043
872	0.343248
873	0.343418
874	0.343549
875	0.343651
876	0.343743
877	0.343837
878	0.343936
879	0.344040
880	0.344138
881	0.344222
882	0.344291
883	0.344355
884	0.344431
885	0.344520
886	0.344607
887	0.344667
888	0.344670
889	0.344583
890	0.344382
891	0.344053
892	0.343596
893	0.343019
894	0.342350
895	0.341656
896	0.341040
897	0.340617
898	0.340461
899	0.340565
900	0.340840
901	0.341162
902	0.341429
903	0.341577
904	0.341590
905	0.341479
906	0.341260
907	0.340948
908	0.340585
909	0.340228
910	0.339942
911	0.339772
912	0.339719
913	0.339763
914	0.339873
915	0.340028
916	0.340226
917	0.340451
918	0.340665
919	0.340811
920	0.340825
921	0.340650
922	0.340262
923	0.339671
924	0.338918
925	0.338067
926	0.337179
927	0.336298
928	0.335436
929	0.334585
930	0.333731
931	0.332871
932	0.332005
933	0.331135
934	0.330262
935	0.329387
936	0.328511
937	0.327636
938	0.326764
939	0.325895
940	0.325030
941	0.324172
942	0.323320
943	0.322477
944	0.321644
945	0.320822
946	0.320012
947	0.319216
948	0.318435
949	0.317670
950	0.316922
951	0.316194
952	0.315485
953	0.314797
954	0.314132
955	0.313491
956	0.312875
957	0.312285
958	0.311724
959	0.311191
960	0.310688
961	0.310217
962	0.309779
963	0.309374
964	0.309005
965	0.308673
966	0.308379
967	0.308124
968	0.307909
969	0.307736
970	0.307607
971	0.307521
972	0.307481
973	0.307489
974	0.307544
975	0.307649
976	0.307804
977	0.308011
978	0.308272
979	0.308587
980	0.308959
981	0.309387
982	0.309879
983	0.310447
984	0.311090
985	0.311792
986	0.312530
987	0.313283
988	0.314037
989	0.314784
990	0.315520
991	0.316244
992	0.316960
993	0.317672
994	0.318393
995	0.319138
996	0.319918
997	0.320734
998	0.321579
999	0.322436
1000	0.323294
1001	0.324157
1002	0.325028
1003	0.325904
1004	0.326786
1005	0.327672
1006	0.328562
1007	0.329453
1008	0.330346
1009	0.331238
1010	0.332130
1011	0.333021
1012	0.333909
1013	0.334794
1014	0.335675
1015	0.336551
1016	0.337422
1017	0.338286
1018	0.339143
1019	0.339992
1020	0.340833
1021	0.341665
1022	0.342487
1023	0.343299
1024	0.344100
1025	0.344889
1026	0.345667
1027	0.346432
1028	0.347185
1029	0.347924
1030	0.348649
1031	0.349360
1032	0.350052
1033	0.350730
1034	0.351398
1035	0.352058
1036	0.352710
1037	0.353350
1038	0.353975
1039	0.354579
1040	0.355159
1041	0.355714
1042	0.356242
1043	0.356742
1044	0.357214
1045	0.357663
1046	0.358093
1047	0.358511
1048	0.358921
1049	0.359325
1050	0.359720
1051	0.360103
1052	0.360473
1053	0.360831
1054	0.361176
1055	0.361508
1056	0.361827
1057	0.362131
1058	0.362422
1059	0.362697
1060	0.362958
1061	0.363203
1062	0.363432
1063	0.363645
1064	0.363842
1065	0.364022
1066	0.364185
1067	0.364330
1068	0.364458
1069	0.364567
1070	0.364657
1071	0.364728
1072	0.364780
1073	0.364813
1074	0.364825
1075	0.364817
1076	0.364787
1077	0.364737
1078	0.364665
1079	0.364572
1080	0.364456
1081	0.364317
1082	0.364155
1083	0.363970
1084	0.363762
1085	0.363529
1086	0.363272
1087	0.362990
1088	0.362682
1089	0.362350
1090	0.361991
1091	0.361606
1092	0.361194
1093	0.360753
1094	0.360277
1095	0.359763
1096	0.359217
1097	0.358656
1098	0.358101
1099	0.357571
1100	0.357075
1101	0.356605
1102	0.356146
1103	0.355674
1104	0.355167
1105	0.354600
1106	0.353949
1107	0.353196
1108	0.352332
1109	0.351356
1110	0.350281
1111	0.349129
1112	0.347921
1113	0.346684
1114	0.345451
1115	0.344246
1116	0.343084
1117	0.341975
1118	0.340916
1119	0.339896
1120	0.338894
1121	0.337874
1122	0.336802
1123	0.335661
1124	0.334462
1125	0.333237
1126	0.332022
1127	0.330834
1128	0.329656
1129	0.328443
1130	0.327127
1131	0.325645
1132	0.323956
1133	0.322034
1134	0.319871
1135	0.317480
1136	0.314897
1137	0.312173
1138	0.309366
1139	0.306508
1140	0.303611
1141	0.300674
1142	0.297699
1143	0.294698
1144	0.291702
1145	0.288761
1146	0.285926
1147	0.283241
1148	0.280736
1149	0.278430
1150	0.276334
1151	0.274451
1152	0.272769
1153	0.271275
1154	0.269946
1155	0.268762
1156	0.267704
1157	0.266758
1158	0.265912
1159	0.265157
1160	0.264477
1161	0.263859
1162	0.263295
1163	0.262781
1164	0.262312
1165	0.261878
1166	0.261462
1167	0.261053
1168	0.260645
1169	0.260235
1170	0.259825
1171	0.259419
1172	0.259016
1173	0.258610
1174	0.258201
1175	0.257786
1176	0.257360
1177	0.256915
1178	0.256440
1179	0.255935
1180	0.255408
1181	0.254877
1182	0.254362
1183	0.253880
1184	0.253438
1185	0.253035
1186	0.252666
1187	0.252324
1188	0.252003
1189	0.251695
1190	0.251387
1191	0.251067
1192	0.250734
1193	0.250399
1194	0.250086
1195	0.249822
1196	0.249628
1197	0.249514
1198	0.249479
1199	0.249516
1200	0.249619
1201	0.249783
1202	0.250003
1203	0.250263
1204	0.250546
1205	0.250830
1206	0.251108
1207	0.251384
1208	0.251667
1209	0.251966
1210	0.252290
1211	0.252644
1212	0.253037
1213	0.253480
1214	0.253983
1215	0.254548
1216	0.255169
1217	0.255838
1218	0.256539
1219	0.257262
1220	0.258003
1221	0.258762
1222	0.259538
1223	0.260333
1224	0.261142
1225	0.261959
1226	0.262774
1227	0.263577
1228	0.264355
1229	0.265098
1230	0.265794
1231	0.266436
1232	0.267021
1233	0.267562
1234	0.268077
1235	0.268590
1236	0.269114
1237	0.269653
1238	0.270199
1239	0.270743
1240	0.271276
1241	0.271793
1242	0.272286
1243	0.272754
1244	0.273200
1245	0.273631
1246	0.274058
1247	0.274485
1248	0.274914
1249	0.275335
1250	0.275735
1251	0.276103
1252	0.276438
1253	0.276745
1254	0.277028
1255	0.277284
1256	0.277503
1257	0.277674
1258	0.277798
1259	0.277884
1260	0.277945
1261	0.277992
1262	0.278034
1263	0.278081
1264	0.278143
1265	0.278232
1266	0.278358
1267	0.278525
1268	0.278725
1269	0.278940
1270	0.279153
1271	0.279352
1272	0.279527
1273	0.279674
1274	0.279789
1275	0.279860
1276	0.279877
1277	0.279837
1278	0.279744
1279	0.279606
1280	0.279430
1281	0.279224
1282	0.278989
1283	0.278724
1284	0.278425
1285	0.278092
1286	0.277722
1287	0.277308
1288	0.276840
1289	0.276311
1290	0.275715
1291	0.275054
1292	0.274337
1293	0.273573
1294	0.272764
1295	0.271908
1296	0.271004
1297	0.270050
1298	0.269051
1299	0.268008
1300	0.266926
1301	0.265806
1302	0.264649
1303	0.263453
1304	0.262216
1305	0.260934
1306	0.259625
1307	0.258313
1308	0.257007
1309	0.255695
1310	0.254356
1311	0.252973
1312	0.251531
1313	0.250024
1314	0.248447
1315	0.246793
1316	0.245055
1317	0.243235
1318	0.241347
1319	0.239426
1320	0.237509
1321	0.235624
1322	0.233776
1323	0.231947
1324	0.230129
1325	0.228321
1326	0.226524
1327	0.224736
1328	0.222957
1329	0.221187
1330	0.219425
1331	0.217671
1332	0.215925
1333	0.214185
1334	0.212451
1335	0.210724
1336	0.209002
1337	0.207285
1338	0.205572
1339	0.203864
1340	0.202159
1341	0.200458
1342	0.198759
1343	0.197063
1344	0.195369
1345	0.193675
1346	0.191983
1347	0.190292
1348	0.188600
1349	0.186908
1350	0.185215
1351	0.183520
1352	0.181824
1353	0.180126
1354	0.178425
1355	0.176720
1356	0.175012
1357	0.173300
1358	0.171584
1359	0.169862
1360	0.168135
1361	0.166402
1362	0.164663
1363	0.162917
1364	0.161164
1365	0.159401
1366	0.157625
1367	0.155837
1368	0.154040
1369	0.152243
1370	0.150452
1371	0.148669
1372	0.146898
1373	0.145138
1374	0.143388
1375	0.141647
1376	0.139912
1377	0.138178
1378	0.136442
1379	0.134698
1380	0.132947
1381	0.131190
1382	0.129434
1383	0.127680
1384	0.125927
1385	0.124174
1386	0.122421
1387	0.120669
1388	0.118916
1389	0.117163
1390	0.115410
1391	0.113643
1392	0.111840
1393	0.110033
1394	0.108284
1395	0.106634
1396	0.105085
1397	0.103601
1398	0.102130
1399	0.100617
1400	0.099024
1401	0.097322
1402	0.095491
1403	0.093517
1404	0.091404
1405	0.089182
1406	0.086913
1407	0.084677
1408	0.082539
1409	0.080518
1410	0.078575
1411	0.076691
1412	0.074866
1413	0.073100
1414	0.071391
1415	0.069740
1416	0.068146
1417	0.066609
1418	0.065128
1419	0.063703
1420	0.062333
1421	0.061017
1422	0.059757
1423	0.058550
1424	0.057397
1425	0.056297
1426	0.055249
1427	0.054254
1428	0.053311
1429	0.052419
1430	0.051577
1431	0.050787
1432	0.050046
1433	0.049355
1434	0.048712
1435	0.048119
1436	0.047573
1437	0.047076
1438	0.046626
1439	0.046222
1440	0.045865
1441	0.045554
1442	0.045289
1443	0.045069
1444	0.044893
1445	0.044761
1446	0.044674
1447	0.044629
1448	0.044628
1449	0.044669
1450	0.044752
1451	0.044876
1452	0.045054
1453	0.045310
1454	0.045631
1455	0.045967
1456	0.046260
1457	0.046472
1458	0.046590
1459	0.046626
1460	0.046606
1461	0.046551
1462	0.046486
1463	0.046447
1464	0.046477
1465	0.046608
1466	0.046856
1467	0.047200
1468	0.047578
1469	0.047926
1470	0.048206
1471	0.048422
1472	0.048583
1473	0.048693
1474	0.048758
1475	0.048801
1476	0.048857
1477	0.048970
1478	0.049168
1479	0.049454
1480	0.049812
1481	0.050222
1482	0.050670
1483	0.051140
1484	0.051628
1485	0.052119
1486	0.052599
1487	0.053068
1488	0.053535
1489	0.054011
1490	0.054503
1491	0.055010
1492	0.055512
1493	0.055995
1494	0.056453
1495	0.056891
1496	0.057314
1497	0.057726
1498	0.058127
1499	0.058522
1500	0.058921
1501	0.059335
1502	0.059765
1503	0.060205
1504	0.060643
1505	0.061068
1506	0.061481
1507	0.061887
1508	0.062294
1509	0.062711
1510	0.063148
1511	0.063614
1512	0.064118
1513	0.064657
1514	0.065222
1515	0.065790
1516	0.066340
1517	0.066857
1518	0.067335
1519	0.067779
1520	0.068199
1521	0.068605
1522	0.069007
1523	0.069413
1524	0.069832
1525	0.070269
1526	0.070724
1527	0.071193
1528	0.071673
1529	0.072157
1530	0.072649
1531	0.073152
1532	0.073670
1533	0.074196
1534	0.074718
1535	0.075213
1536	0.075663
1537	0.076062
1538	0.076423
1539	0.076766
1540	0.077116
1541	0.077486
1542	0.077874
1543	0.078273
1544	0.078676
1545	0.079088
1546	0.079518
1547	0.079968
1548	0.080435
1549	0.080910
1550	0.081386
1551	0.081860
1552	0.082332
1553	0.082801
1554	0.083259
1555	0.083694
1556	0.084096
1557	0.084466
1558	0.084818
1559	0.085173
1560	0.085548
1561	0.085948
1562	0.086371
1563	0.086809
1564	0.087262
1565	0.087733
1566	0.088224
1567	0.088736
1568	0.089263
1569	0.089789
1570	0.090299
1571	0.090779
1572	0.091222
1573	0.091631
1574	0.092018
1575	0.092399
1576	0.092790
1577	0.093201
1578	0.093638
1579	0.094100
1580	0.094578
1581	0.095052
1582	0.095498
1583	0.095897
1584	0.096244
1585	0.096552
1586	0.096847
1587	0.097156
1588	0.097490
1589	0.097848
1590	0.098221
1591	0.098601
1592	0.098984
1593	0.099374
1594	0.099771
1595	0.100170
1596	0.100563
1597	0.100948
1598	0.101333
1599	0.101728
1600	0.102145
1601	0.102578
1602	0.103010
1603	0.103429
1604	0.103828
1605	0.104214
1606	0.104602
1607	0.104996
1608	0.105391
1609	0.105779
1610	0.106156
1611	0.106521
1612	0.106882
1613	0.107245
1614	0.107613
1615	0.107985
1616	0.108360
1617	0.108739
1618	0.109124
1619	0.109508
1620	0.109880
1621	0.110234
1622	0.110568
1623	0.110889
1624	0.111211
1625	0.111532
1626	0.111840
1627	0.112129
1628	0.112402
1629	0.112668
1630	0.112937
1631	0.113214
1632	0.113494
1633	0.113776
1634	0.114062
1635	0.114352
1636	0.114642
1637	0.114919
1638	0.115169
1639	0.115382
1640	0.115559
1641	0.115711
1642	0.115851
1643	0.115988
1644	0.116122
1645	0.116256
1646	0.116387
1647	0.116512
1648	0.116627
1649	0.116726
1650	0.116809
1651	0.116886
1652	0.116972
1653	0.117073
1654	0.117179
1655	0.117270
1656	0.117327
1657	0.117335
1658	0.117295
1659	0.117214
1660	0.117101
1661	0.116967
1662	0.116821
1663	0.116680
1664	0.116553
1665	0.116448
1666	0.116365
1667	0.116305
1668	0.116269
1669	0.116261
1670	0.116281
1671	0.116318
1672	0.116349
1673	0.116351
1674	0.116307
1675	0.116214
1676	0.116073
1677	0.115890
1678	0.115674
1679	0.115440
1680	0.115207
1681	0.114995
1682	0.114809
1683	0.114634
1684	0.114440
1685	0.114193
1686	0.113874
1687	0.113487
1688	0.113053
1689	0.112607
1690	0.112181
1691	0.111800
1692	0.111474
1693	0.111200
1694	0.110957
1695	0.110713
1696	0.110443
1697	0.110126
1698	0.109748
1699	0.109309
1700	0.108814
1701	0.108279
1702	0.107719
1703	0.107154
1704	0.106600
1705	0.106066
1706	0.105558
1707	0.105081
1708	0.104638
1709	0.104241
1710	0.103901
1711	0.103622
1712	0.103395
1713	0.103199
1714	0.103014
1715	0.102809
1716	0.102560
1717	0.102255
1718	0.101896
1719	0.101499
1720	0.101097
1721	0.100723
1722	0.100399
1723	0.100127
1724	0.099898
1725	0.099690
1726	0.099478
1727	0.099252
1728	0.099019
1729	0.098791
1730	0.098580
1731	0.098401
1732	0.098270
1733	0.098198
1734	0.098191
1735	0.098237
1736	0.098302
1737	0.098339
1738	0.098313
1739	0.098208
1740	0.098035
1741	0.097812
1742	0.097562
1743	0.097301
1744	0.097032
1745	0.096758
1746	0.096485
1747	0.096206
1748	0.095906
1749	0.095569
1750	0.095184
1751	0.094756
1752	0.094310
1753	0.093878
1754	0.093486
1755	0.093159
1756	0.092909
1757	0.092739
1758	0.092638
1759	0.092574
1760	0.092501
1761	0.092376
1762	0.092174
1763	0.091898
1764	0.091578
1765	0.091248
1766	0.090938
1767	0.090671
1768	0.090455
1769	0.090291
1770	0.090166
1771	0.090057
1772	0.089935
1773	0.089796
1774	0.089653
1775	0.089526
1776	0.089431
1777	0.089371
1778	0.089336
1779	0.089308
1780	0.089264
1781	0.089186
1782	0.089056
1783	0.088859
1784	0.088591
1785	0.088262
1786	0.087896
1787	0.087520
1788	0.087158
1789	0.086814
1790	0.086475
1791	0.086137
1792	0.085798
1793	0.085459
1794	0.085121
1795	0.084782
1796	0.084443
1797	0.084105
1798	0.083766
1799	0.083428
1800	0.083089
1801	0.082750
1802	0.082412
1803	0.082073
1804	0.081734
1805	0.081396
1806	0.081057
1807	0.080718
1808	0.080380
1809	0.080041
1810	0.079702
1811	0.079364
1812	0.079025
1813	0.078686
1814	0.078348
1815	0.078009
1816	0.077671
1817	0.077332
1818	0.076993
1819	0.076655
1820	0.076316
1821	0.075977
1822	0.075639
1823	0.075300
1824	0.074961
1825	0.074623
1826	0.074284
1827	0.073945
1828	0.073607
1829	0.073268
1830	0.072930
1831	0.072591
1832	0.072252
1833	0.071914
1834	0.071575
1835	0.071236
1836	0.070898
1837	0.070559
1838	0.070220
1839	0.069882
1840	0.069543
1841	0.069204
1842	0.068866
1843	0.068527
1844	0.068188
1845	0.067850
1846	0.067511
1847	0.067173
1848	0.066834
1849	0.066495
1850	0.066157
1851	0.065818
1852	0.065479
1853	0.065141
1854	0.064802
1855	0.064463
1856	0.064125
1857	0.063786
1858	0.063447
1859	0.063109
1860	0.062770
1861	0.062431
1862	0.062093
1863	0.061754
1864	0.061416
1865	0.061077
1866	0.060738
1867	0.060400
1868	0.060061
1869	0.059722
1870	0.059384
1871	0.059045
1872	0.058706
1873	0.058368
1874	0.058029
1875	0.057690
1876	0.057352
1877	0.057013
1878	0.056675
1879	0.056336
1880	0.055997
1881	0.055659
1882	0.055320
1883	0.054981
1884	0.054643
1885	0.054304
1886	0.053965
1887	0.053627
1888	0.053288
1889	0.052949
1890	0.052611
1891	0.052272
1892	0.051933
1893	0.051595
1894	0.051256
1895	0.050918
1896	0.050579
1897	0.050240
1898	0.049902
1899	0.049563
1900	0.049224
1901	0.048886
1902	0.048547
1903	0.048208
1904	0.047870
1905	0.047531
1906	0.047192
1907	0.046854
1908	0.046515
1909	0.046176
1910	0.045838
1911	0.045499
1912	0.045161
1913	0.044822
1914	0.044483
1915	0.044145
1916	0.043806
1917	0.043467
1918	0.043129
1919	0.042790
1920	0.042451
1921	0.042113
1922	0.041774
1923	0.041435
1924	0.041097
1925	0.040758
1926	0.040420
1927	0.040081
1928	0.039742
1929	0.039404
1930	0.039065
1931	0.038726
1932	0.038388
1933	0.038049
1934	0.037710
1935	0.037372
1936	0.037033
1937	0.036694
1938	0.036356
1939	0.036017
1940	0.035678
1941	0.035339
1942	0.034999
1943	0.034659
1944	0.034322
1945	0.033990
1946	0.033660
1947	0.033329
1948	0.032995
1949	0.032654
1950	0.032305
1951	0.031949
1952	0.031585
1953	0.031216
1954	0.030844
1955	0.030474
1956	0.030111
1957	0.029759
1958	0.029424
1959	0.029105
1960	0.028801
1961	0.028513
1962	0.028240
1963	0.027984
1964	0.027744
1965	0.027522
1966	0.027319
1967	0.027134
1968	0.026969
1969	0.026824
1970	0.026701
1971	0.026598
1972	0.026518
1973	0.026461
1974	0.026427
1975	0.026417
1976	0.026433
1977	0.026473
1978	0.026540
1979	0.026634
1980	0.026755
1981	0.026904
1982	0.027081
1983	0.027288
1984	0.027526
1985	0.027793
1986	0.028093
1987	0.028424
1988	0.028788
1989	0.029185
1990	0.029616
1991	0.030082
1992	0.030582
1993	0.031119
1994	0.031693
1995	0.032303
1996	0.032952
1997	0.033639
1998	0.034365
1999	0.035131
2000	0.035937
2001	0.036785
2002	0.037703
2003	0.038759
2004	0.039947
2005	0.041170
2006	0.042278
2007	0.043115
2008	0.043563
2009	0.043558
2010	0.043094
2011	0.042229
2012	0.041060
2013	0.039697
2014	0.038257
2015	0.036848
2016	0.035558
2017	0.034430
2018	0.033471
2019	0.032673
2020	0.032041
2021	0.031632
2022	0.031468
2023	0.031537
2024	0.031809
2025	0.032243
2026	0.032780
2027	0.033335
2028	0.033796
2029	0.034080
2030	0.034147
2031	0.034015
2032	0.033757
2033	0.033473
2034	0.033238
2035	0.033069
2036	0.032962
2037	0.032927
2038	0.032990
2039	0.033202
2040	0.033604
2041	0.034189
2042	0.034884
2043	0.035577
2044	0.036162
2045	0.036569
2046	0.036797
2047	0.036881
2048	0.036840
2049	0.036674
2050	0.036391
2051	0.036026
2052	0.035645
2053	0.035325
2054	0.035084
2055	0.034890
2056	0.034682
2057	0.034430
2058	0.034158
2059	0.033924
2060	0.033781
2061	0.033759
2062	0.033847
2063	0.034007
2064	0.034220
2065	0.034488
2066	0.034806
2067	0.035157
2068	0.035508
2069	0.035825
2070	0.036099
2071	0.036347
2072	0.036581
2073	0.036802
2074	0.037009
2075	0.037204
2076	0.037387
2077	0.037559
2078	0.037722
2079	0.037875
2080	0.038019
2081	0.038155
2082	0.038284
2083	0.038407
2084	0.038523
2085	0.038633
2086	0.038738
2087	0.038839
2088	0.038936
2089	0.039030
2090	0.039120
2091	0.039209
2092	0.039295
2093	0.039379
2094	0.039462
2095	0.039544
2096	0.039626
2097	0.039707
2098	0.039789
2099	0.039871
2100	0.039954
2101	0.040038
2102	0.040123
2103	0.040210
2104	0.040298
2105	0.040389
2106	0.040481
2107	0.040575
2108	0.040672
2109	0.040771
2110	0.040872
2111	0.040976
2112	0.041083
2113	0.041192
2114	0.041304
2115	0.041418
2116	0.041535
2117	0.041654
2118	0.041776
2119	0.041900
2120	0.042026
2121	0.042154
2122	0.042284
2123	0.042416
2124	0.042549
2125	0.042684
2126	0.042819
2127	0.042956
2128	0.043093
2129	0.043230
2130	0.043367
2131	0.043503
2132	0.043639
2133	0.043774
2134	0.043907
2135	0.044038
2136	0.044166
2137	0.044292
2138	0.044414
2139	0.044532
2140	0.044646
2141	0.044755
2142	0.044859
2143	0.044956
2144	0.045047
2145	0.045131
2146	0.045206
2147	0.045274
2148	0.045331
2149	0.045379
2150	0.045416
2151	0.045442
2152	0.045449
2153	0.045423
2154	0.045367
2155	0.045303
2156	0.045260
2157	0.045264
2158	0.045330
2159	0.045465
2160	0.045667
2161	0.045931
2162	0.046247
2163	0.046598
2164	0.046964
2165	0.047319
2166	0.047644
2167	0.047934
2168	0.048198
2169	0.048454
2170	0.048715
2171	0.048975
2172	0.049229
2173	0.049478
2174	0.049721
2175	0.049957
2176	0.050188
2177	0.050411
2178	0.050628
2179	0.050839
2180	0.051042
2181	0.051238
2182	0.051426
2183	0.051608
2184	0.051781
2185	0.051947
2186	0.052106
2187	0.052256
2188	0.052398
2189	0.052533
2190	0.052659
2191	0.052778
2192	0.052888
2193	0.052990
2194	0.053084
2195	0.053170
2196	0.053247
2197	0.053317
2198	0.053378
2199	0.053432
2200	0.053477
2201	0.053514
2202	0.053544
2203	0.053566
2204	0.053580
2205	0.053587
2206	0.053586
2207	0.053578
2208	0.053562
2209	0.053540
2210	0.053511
2211	0.053475
2212	0.053432
2213	0.053383
2214	0.053328
2215	0.053267
2216	0.053201
2217	0.053128
2218	0.053051
2219	0.052969
2220	0.052881
2221	0.052790
2222	0.052694
2223	0.052594
2224	0.052491
2225	0.052385
2226	0.052275
2227	0.052163
2228	0.052049
2229	0.051933
2230	0.051815
2231	0.051697
2232	0.051577
2233	0.051457
2234	0.051338
2235	0.051218
2236	0.051100
2237	0.050983
2238	0.050868
2239	0.050755
2240	0.050645
2241	0.050538
2242	0.050434
2243	0.050335
2244	0.050241
2245	0.050152
2246	0.050069
2247	0.049992
2248	0.049922
2249	0.049860
2250	0.049806
2251	0.049760
2252	0.049699
2253	0.049590
2254	0.049515
2255	0.049586
2256	0.049855
2257	0.050271
2258	0.050716
2259	0.051043
2260	0.051127
2261	0.050889
2262	0.050296
2263	0.049334
2264	0.048024
2265	0.046428
2266	0.044669
2267	0.042916
2268	0.041350
2269	0.040095
2270	0.039154
2271	0.038425
2272	0.037855
2273	0.037431
2274	0.037142
2275	0.036976
2276	0.036924
2277	0.036974
2278	0.037116
2279	0.037340
2280	0.037637
2281	0.037998
2282	0.038414
2283	0.038877
2284	0.039378
2285	0.039910
2286	0.040465
2287	0.041037
2288	0.041618
2289	0.042203
2290	0.042785
2291	0.043359
2292	0.043919
2293	0.044461
2294	0.044979
2295	0.045471
2296	0.045931
2297	0.046356
2298	0.046744
2299	0.047091
2300	0.047394
2301	0.047652
2302	0.047863
2303	0.048025
2304	0.048138
2305	0.048200
2306	0.048211
2307	0.048171
2308	0.048080
2309	0.047940
2310	0.047751
2311	0.047514
2312	0.047231
2313	0.046904
2314	0.046535
2315	0.046128
2316	0.045685
2317	0.045210
2318	0.044707
2319	0.044179
2320	0.043631
2321	0.043069
2322	0.042496
2323	0.041920
2324	0.041345
2325	0.040778
2326	0.040225
2327	0.039694
2328	0.039191
2329	0.038725
2330	0.038303
2331	0.037933
2332	0.037625
2333	0.037387
2334	0.037229
2335	0.037160
2336	0.037190
2337	0.037331
2338	0.037592
2339	0.037985
2340	0.038521
2341	0.039212
2342	0.040071
2343	0.041109
2344	0.042339
2345	0.043776
2346	0.045432
2347	0.047321
2348	0.049458
2349	0.051857
2350	0.054533
2351	0.057501
2352	0.060821
2353	0.064599
2354	0.068821
2355	0.073350
2356	0.078013
2357	0.082665
2358	0.087223
2359	0.091660
2360	0.095991
2361	0.100247
2362	0.104470
2363	0.108742
2364	0.113176
2365	0.117897
2366	0.122991
2367	0.128470
2368	0.134248
2369	0.140190
2370	0.146218
2371	0.152380
2372	0.158707
2373	0.165200
2374	0.171858
2375	0.178682
2376	0.185672
2377	0.192826
2378	0.200147
2379	0.207632
2380	0.215284
2381	0.223100
2382	0.231083
2383	0.239230
2384	0.247543
2385	0.256022
2386	0.264666
2387	0.273476
2388	0.282451
2389	0.291591
2390	0.300897
2391	0.310369
2392	0.320006
2393	0.329808
2394	0.339776
2395	0.349909
2396	0.360208
2397	0.370673
2398	0.381302
2399	0.392098
2400	0.403058
2401	0.414185
2402	0.425476
2403	0.436933
2404	0.448556
2405	0.460344
2406	0.472298
2407	0.484417
2408	0.496702
2409	0.509152
2410	0.521767
2411	0.534548
2412	0.547495
2413	0.560607
2414	0.573884
2415	0.587327
2416	0.600935
2417	0.614709
2418	0.628649
2419	0.642753
2420	0.657024
2421	0.671459
2422	0.686061
2423	0.700827
2424	0.715760
2425	0.730857
2426	0.746120
2427	0.761549
2428	0.777143
2429	0.792903
2430	0.808828
2431	0.824918
2432	0.841174
2433	0.857596
2434	0.874183
2435	0.890935
2436	0.907853
2437	0.924937
2438	0.942185
2439	0.959600
2440	0.977180
2441	0.994925
2442	1.012836
2443	1.030912
2444	1.049154
2445	1.067561
2446	1.086134
2447	1.104872
2448	1.123775
2449	1.142844
2450	1.162079
2451	1.181479
2452	1.201045
2453	1.220776
2454	1.240672
2455	1.260734
2456	1.280962
2457	1.301354
2458	1.321913
2459	1.342637
2460	1.363526
2461	1.384581
2462	1.405801
2463	1.427187
2464	1.448738
2465	1.470455
2466	1.492337
2467	1.514385
2468	1.536598
2469	1.558977
2470	1.581521
2471	1.604231
2472	1.627106
2473	1.650146
2474	1.673352
2475	1.696724
2476	1.720261
2477	1.743963
2478	1.767831
2479	1.791864
2480	1.816063
2481	1.840428
2482	1.864958
2483	1.889653
2484	1.914514
2485	1.939540
2486	1.964732
2487	1.990089
2488	2.015612
2489	2.041300
2490	2.067153
2491	2.093173
2492	2.119357
2493	2.145707
2494	2.172223
2495	2.198904
2496	2.225750
2497	2.252762
2498	2.279940
2499	2.307283
2500	2.334791
