350	0.033549
351	0.033445
352	0.033350
353	0.033266
354	0.033191
355	0.033126
356	0.033070
357	0.033024
358	0.032989
359	0.032965
360	0.032951
361	0.032949
362	0.032951
363	0.032951
364	0.032941
365	0.032928
366	0.032912
367	0.032883
368	0.032829
369	0.032748
370	0.032645
371	0.032536
372	0.032443
373	0.032378
374	0.032340
375	0.032320
376	0.032308
377	0.032295
378	0.032269
379	0.032219
380	0.032142
381	0.032036
382	0.031913
383	0.031790
384	0.031687
385	0.031614
386	0.031572
387	0.031548
388	0.031526
389	0.031495
390	0.031452
391	0.031396
392	0.031329
393	0.031260
394	0.031207
395	0.031184
396	0.031197
397	0.031236
398	0.031285
399	0.031328
400	0.031357
401	0.031370
402	0.031365
403	0.031349
404	0.031331
405	0.031320
406	0.031323
407	0.031343
408	0.031384
409	0.031446
410	0.031526
411	0.031619
412	0.031722
413	0.031830
414	0.031944
415	0.032064
416	0.032190
417	0.032322
418	0.032460
419	0.032603
420	0.032751
421	0.032902
422	0.033054
423	0.033206
424	0.033355
425	0.033498
426	0.033635
427	0.033769
428	0.033908
429	0.034056
430	0.034212
431	0.034374
432	0.034534
433	0.034685
434	0.034821
435	0.034936
436	0.035032
437	0.035114
438	0.035187
439	0.035256
440	0.035324
441	0.035396
442	0.035476
443	0.035564
444	0.035658
445	0.035751
446	0.035836
447	0.035908
448	0.035967
449	0.036020
450	0.036074
451	0.036128
452	0.036176
453	0.036214
454	0.036242
455	0.036266
456	0.036291
457	0.036317
458	0.036343
459	0.036365
460	0.036379
461	0.036388
462	0.036392
463	0.036392
464	0.036388
465	0.036379
466	0.036367
467	0.036353
468	0.036342
469	0.036333
470	0.036326
471	0.036317
472	0.036307
473	0.036296
474	0.036285
475	0.036278
476	0.036274
477	0.036274
478	0.036274
479	0.036276
480	0.036278
481	0.036276
482	0.036270
483	0.036259
484	0.036244
485	0.036227
486	0.036212
487	0.036208
488	0.036217
489	0.036245
490	0.036290
491	0.036348
492	0.036417
493	0.036496
494	0.036587
495	0.036689
496	0.036805
497	0.036935
498	0.037079
499	0.037242
500	0.037429
501	0.037645
502	0.037889
503	0.038159
504	0.038453
505	0.038770
506	0.039116
507	0.039496
508	0.039916
509	0.040374
510	0.040868
511	0.041398
512	0.041970
513	0.042589
514	0.043256
515	0.043963
516	0.044701
517	0.045464
518	0.046249
519	0.047049
520	0.047857
521	0.048662
522	0.049456
523	0.050233
524	0.050987
525	0.051717
526	0.052421
527	0.053091
528	0.053722
529	0.054312
530	0.054861
531	0.055370
532	0.055841
533	0.056272
534	0.056663
535	0.057018
536	0.057341
537	0.057637
538	0.057910
539	0.058163
540	0.058397
541	0.058618
542	0.058832
543	0.059044
544	0.059259
545	0.059475
546	0.059695
547	0.059914
548	0.060131
549	0.060339
550	0.060534
551	0.060708
552	0.060854
553	0.060958
554	0.061009
555	0.060998
556	0.060919
557	0.060768
558	0.060545
559	0.060255
560	0.059906
561	0.059510
562	0.059079
563	0.058628
564	0.058169
565	0.057714
566	0.057273
567	0.056851
568	0.056450
569	0.056067
570	0.055699
571	0.055342
572	0.054993
573	0.054650
574	0.054311
575	0.053973
576	0.053634
577	0.053298
578	0.052967
579	0.052645
580	0.052337
581	0.052042
582	0.051758
583	0.051483
584	0.051218
585	0.050969
586	0.050739
587	0.050533
588	0.050349
589	0.050186
590	0.050044
591	0.049926
592	0.049835
593	0.049772
594	0.049736
595	0.049721
596	0.049719
597	0.049721
598	0.049719
599	0.049709
600	0.049682
601	0.049626
602	0.049536
603	0.049406
604	0.049239
605	0.049038
606	0.048809
607	0.048560
608	0.048297
609	0.048025
610	0.047747
611	0.047468
612	0.047193
613	0.046925
614	0.046667
615	0.046424
616	0.046196
617	0.045988
618	0.045801
619	0.045636
620	0.045492
621	0.045371
622	0.045271
623	0.045191
624	0.045128
625	0.045079
626	0.045043
627	0.045019
628	0.045005
629	0.045001
630	0.045005
631	0.045011
632	0.045013
633	0.045007
634	0.044984
635	0.044935
636	0.044855
637	0.044741
638	0.044593
639	0.044412
640	0.044201
641	0.043966
642	0.043713
643	0.043450
644	0.043187
645	0.042929
646	0.042681
647	0.042446
648	0.042224
649	0.042014
650	0.041816
651	0.041628
652	0.041444
653	0.041256
654	0.041059
655	0.040851
656	0.040628
657	0.040388
658	0.040127
659	0.039845
660	0.039546
661	0.039238
662	0.038931
663	0.038635
664	0.038357
665	0.038099
666	0.037865
667	0.037660
668	0.037487
669	0.037351
670	0.037245
671	0.037165
672	0.037102
673	0.037056
674	0.037027
675	0.037018
676	0.037032
677	0.037070
678	0.037133
679	0.037225
680	0.037353
681	0.037533
682	0.037785
683	0.038122
684	0.038555
685	0.039092
686	0.039746
687	0.040531
688	0.041464
689	0.042562
690	0.043838
691	0.045299
692	0.046945
693	0.048774
694	0.050787
695	0.052984
696	0.055356
697	0.057886
698	0.060550
699	0.063331
700	0.066214
701	0.069188
702	0.072243
703	0.075372
704	0.078570
705	0.081835
706	0.085173
707	0.088597
708	0.092121
709	0.095742
710	0.099449
711	0.103225
712	0.107067
713	0.110995
714	0.115049
715	0.119265
716	0.123657
717	0.128229
718	0.132978
719	0.137904
720	0.143000
721	0.148254
722	0.153636
723	0.159109
724	0.164640
725	0.170220
726	0.175862
727	0.181585
728	0.187389
729	0.193246
730	0.199110
731	0.204933
732	0.210689
733	0.216361
734	0.221930
735	0.227375
736	0.232678
737	0.237828
738	0.242815
739	0.247637
740	0.252288
741	0.256760
742	0.261034
743	0.265093
744	0.268928
745	0.272538
746	0.275934
747	0.279123
748	0.282111
749	0.284900
750	0.287514
751	0.289995
752	0.292355
753	0.294534
754	0.296449
755	0.298058
756	0.299361
757	0.300383
758	0.301183
759	0.301843
760	0.302454
761	0.303107
762	0.303881
763	0.304833
764	0.305975
765	0.307264
766	0.308604
767	0.309876
768	0.310999
769	0.311960
770	0.312779
771	0.313462
772	0.314024
773	0.314514
774	0.314974
775	0.315421
776	0.315857
777	0.316278
778	0.316688
779	0.317085
780	0.317464
781	0.317814
782	0.318131
783	0.318411
784	0.318653
785	0.318864
786	0.319062
787	0.319272
788	0.319505
789	0.319766
790	0.320053
791	0.320365
792	0.320695
793	0.321032
794	0.321357
795	0.321656
796	0.321920
797	0.322149
798	0.322357
799	0.322567
800	0.322808
801	0.323096
802	0.323426
803	0.323779
804	0.324136
805	0.324482
806	0.324795
807	0.325039
808	0.325177
809	0.325182
810	0.325051
811	0.324816
812	0.324542
813	0.324324
814	0.324233
815	0.324285
816	0.324449
817	0.324700
818	0.325039
819	0.325467
820	0.325959
821	0.326461
822	0.326911
823	0.327278
824	0.327571
825	0.327825
826	0.328070
827	0.328324
828	0.328578
829	0.328814
830	0.329032
831	0.329265
832	0.329558
833	0.329921
834	0.330327
835	0.330743
836	0.331152
837	0.331551
838	0.331939
839	0.332321
840	0.332701
841	0.333078
842	0.333446
843	0.333793
844	0.334114
845	0.334411
846	0.334679
847	0.334902
848	0.335072
849	0.335207
850	0.335345
851	0.335515
852	0.335728
853	0.335979
854	0.336259
855	0.336560
856	0.336881
857	0.337219
858	0.337562
859	0.337877
860	0.338124
861	0.338292
862	0.338414
863	0.338539
864	0.338694
865	0.338876
866	0.339063
867	0.339241
868	0.339418
869	0.339609
870	0.339817
871	0.340034
872	0.340238
873	0.340409
874	0.340542
875	0.340652
876	0.340762
877	0.340885
878	0.341013
879	0.341130
880	0.341224
881	0.341291
882	0.341337
883	0.341383
884	0.341445
885	0.341525
886	0.341604
887	0.341652
888	0.341637
889	0.341531
890	0.341315
891	0.340971
892	0.340496
893	0.339906
894	0.339239
895	0.338563
896	0.337971
897	0.337567
898	0.337418
899	0.337516
900	0.337776
901	0.338086
902	0.338343
903	0.338484
904	0.338489
905	0.338372
906	0.338149
907	0.337839
908	0.337476
909	0.337109
910	0.336801
911	0.336602
912	0.336525
913	0.336560
914	0.336678
915	0.336855
916	0.337076
917	0.337317
918	0.337539
919	0.337684
920	0.337689
921	0.337499
922	0.337090
923	0.336478
924	0.335711
925	0.334849
926	0.333947
927	0.333049
928	0.332171
929	0.331306
930	0.330440
931	0.329568
932	0.328692
933	0.327811
934	0.326928
935	0.326045
936	0.325161
937	0.324279
938	0.323400
939	0.322524
940	0.321654
941	0.320790
942	0.319934
943	0.319088
944	0.318251
945	0.317426
946	0.316614
947	0.315816
948	0.315033
949	0.314267
950	0.313519
951	0.312790
952	0.312081
953	0.311394
954	0.310730
955	0.310090
956	0.309475
957	0.308888
958	0.308328
959	0.307797
960	0.307297
961	0.306829
962	0.306394
963	0.305993
964	0.305628
965	0.305299
966	0.305009
967	0.304757
968	0.304547
969	0.304378
970	0.304253
971	0.304172
972	0.304136
973	0.304148
974	0.304207
975	0.304316
976	0.304476
977	0.304688
978	0.304953
979	0.305272
980	0.305647
981	0.306080
982	0.306576
983	0.307149
984	0.307798
985	0.308505
986	0.309244
987	0.309996
988	0.310744
989	0.311480
990	0.312204
991	0.312914
992	0.313614
993	0.314310
994	0.315017
995	0.315750
996	0.316521
997	0.317330
998	0.318169
999	0.319020
1000	0.319870
1001	0.320725
1002	0.321586
1003	0.322454
1004	0.323327
1005	0.324203
1006	0.325083
1007	0.325964
1008	0.326847
1009	0.327729
1010	0.328611
1011	0.329491
1012	0.330368
1013	0.331242
1014	0.332112
1015	0.332977
1016	0.333837
1017	0.334689
1018	0.335535
1019	0.336373
1020	0.337203
1021	0.338023
1022	0.338835
1023	0.339635
1024	0.340426
1025	0.341205
1026	0.341972
1027	0.342728
1028	0.343470
1029	0.344200
1030	0.344917
1031	0.345619
1032	0.346306
1033	0.346978
1034	0.347639
1035	0.348289
1036	0.348928
1037	0.349554
1038	0.350166
1039	0.350759
1040	0.351334
1041	0.351889
1042	0.352423
1043	0.352937
1044	0.353430
1045	0.353903
1046	0.354361
1047	0.354805
1048	0.355240
1049	0.355664
1050	0.356076
1051	0.356475
1052	0.356860
1053	0.357232
1054	0.357589
1055	0.357932
1056	0.358261
1057	0.358574
1058	0.358872
1059	0.359154
1060	0.359419
1061	0.359669
1062	0.359902
1063	0.360118
1064	0.360316
1065	0.360497
1066	0.360660
1067	0.360805
1068	0.360931
1069	0.361038
1070	0.361126
1071	0.361195
1072	0.361243
1073	0.361272
1074	0.361280
1075	0.361267
1076	0.361233
1077	0.361178
1078	0.361100
1079	0.361001
1080	0.360880
1081	0.360735
1082	0.360568
1083	0.360377
1084	0.360163
1085	0.359924
1086	0.359662
1087	0.359375
1088	0.359062
1089	0.358725
1090	0.358362
1091	0.357973
1092	0.357558
1093	0.357115
1094	0.356644
1095	0.356149
1096	0.355629
1097	0.355085
1098	0.354509
1099	0.353896
1100	0.353244
1101	0.352566
1102	0.351879
1103	0.351197
1104	0.350528
1105	0.349881
1106	0.349255
1107	0.348641
1108	0.348018
1109	0.347337
1110	0.346528
1111	0.345530
1112	0.344313
1113	0.342906
1114	0.341382
1115	0.339815
1116	0.338257
1117	0.336741
1118	0.335303
1119	0.333998
1120	0.332879
1121	0.331963
1122	0.331216
1123	0.330563
1124	0.329929
1125	0.329256
1126	0.328499
1127	0.327607
1128	0.326518
1129	0.325172
1130	0.323531
1131	0.321621
1132	0.319520
1133	0.317314
1134	0.315066
1135	0.312811
1136	0.310549
1137	0.308266
1138	0.305937
1139	0.303522
1140	0.300969
1141	0.298242
1142	0.295343
1143	0.292318
1144	0.289230
1145	0.286150
1146	0.283145
1147	0.280271
1148	0.277579
1149	0.275116
1150	0.272913
1151	0.270979
1152	0.269300
1153	0.267848
1154	0.266585
1155	0.265477
1156	0.264497
1157	0.263618
1158	0.262814
1159	0.262066
1160	0.261366
1161	0.260711
1162	0.260106
1163	0.259555
1164	0.259056
1165	0.258599
1166	0.258168
1167	0.257754
1168	0.257352
1169	0.256965
1170	0.256596
1171	0.256245
1172	0.255907
1173	0.255571
1174	0.255218
1175	0.254830
1176	0.254391
1177	0.253895
1178	0.253352
1179	0.252784
1180	0.252217
1181	0.251680
1182	0.251195
1183	0.250772
1184	0.250411
1185	0.250105
1186	0.249838
1187	0.249592
1188	0.249347
1189	0.249086
1190	0.248807
1191	0.248515
1192	0.248225
1193	0.247955
1194	0.247714
1195	0.247506
1196	0.247332
1197	0.247195
1198	0.247100
1199	0.247057
1200	0.247074
1201	0.247153
1202	0.247289
1203	0.247471
1204	0.247688
1205	0.247930
1206	0.248190
1207	0.248467
1208	0.248765
1209	0.249090
1210	0.249449
1211	0.249851
1212	0.250302
1213	0.250804
1214	0.251357
1215	0.251958
1216	0.252598
1217	0.253270
1218	0.253969
1219	0.254695
1220	0.255451
1221	0.256234
1222	0.257042
1223	0.257870
1224	0.258705
1225	0.259536
1226	0.260352
1227	0.261137
1228	0.261883
1229	0.262581
1230	0.263230
1231	0.263838
1232	0.264414
1233	0.264970
1234	0.265519
1235	0.266068
1236	0.266625
1237	0.267195
1238	0.267779
1239	0.268365
1240	0.268934
1241	0.269464
1242	0.269940
1243	0.270361
1244	0.270738
1245	0.271093
1246	0.271445
1247	0.271804
1248	0.272172
1249	0.272544
1250	0.272910
1251	0.273258
1252	0.273577
1253	0.273858
1254	0.274092
1255	0.274278
1256	0.274420
1257	0.274527
1258	0.274611
1259	0.274685
1260	0.274759
1261	0.274835
1262	0.274917
1263	0.275013
1264	0.275127
1265	0.275265
1266	0.275426
1267	0.275605
1268	0.275791
1269	0.275971
1270	0.276141
1271	0.276304
1272	0.276465
1273	0.276621
1274	0.276761
1275	0.276870
1276	0.276936
1277	0.276954
1278	0.276922
1279	0.276835
1280	0.276689
1281	0.276478
1282	0.276207
1283	0.275887
1284	0.275533
1285	0.275152
1286	0.274734
1287	0.274262
1288	0.273722
1289	0.273107
1290	0.272429
1291	0.271703
1292	0.270937
1293	0.270132
1294	0.269290
1295	0.268413
1296	0.267512
1297	0.266593
1298	0.265657
1299	0.264691
1300	0.263679
1301	0.262611
1302	0.261489
1303	0.260318
1304	0.259104
1305	0.257844
1306	0.256555
1307	0.255258
1308	0.253967
1309	0.252685
1310	0.251396
1311	0.250076
1312	0.248697
1313	0.247241
1314	0.245696
1315	0.244058
1316	0.242332
1317	0.240527
1318	0.238664
1319	0.236771
1320	0.234880
1321	0.233015
1322	0.231180
1323	0.229361
1324	0.227549
1325	0.225745
1326	0.223948
1327	0.222158
1328	0.220375
1329	0.218598
1330	0.216828
1331	0.215063
1332	0.213305
1333	0.211552
1334	0.209804
1335	0.208062
1336	0.206324
1337	0.204591
1338	0.202863
1339	0.201139
1340	0.199418
1341	0.197702
1342	0.195988
1343	0.194278
1344	0.192571
1345	0.190867
1346	0.189166
1347	0.187466
1348	0.185769
1349	0.184073
1350	0.182380
1351	0.180687
1352	0.178996
1353	0.177305
1354	0.175615
1355	0.173926
1356	0.172236
1357	0.170547
1358	0.168857
1359	0.167167
1360	0.165476
1361	0.163784
1362	0.162091
1363	0.160396
1364	0.158700
1365	0.157002
1366	0.155302
1367	0.153600
1368	0.151894
1369	0.150183
1370	0.148466
1371	0.146744
1372	0.145019
1373	0.143291
1374	0.141563
1375	0.139835
1376	0.138109
1377	0.136386
1378	0.134666
1379	0.132951
1380	0.131237
1381	0.129525
1382	0.127812
1383	0.126098
1384	0.124384
1385	0.122669
1386	0.120955
1387	0.119240
1388	0.117526
1389	0.115812
1390	0.114097
1391	0.112370
1392	0.110608
1393	0.108842
1394	0.107128
1395	0.105507
1396	0.103981
1397	0.102521
1398	0.101077
1399	0.099602
1400	0.098058
1401	0.096417
1402	0.094659
1403	0.092768
1404	0.090743
1405	0.088611
1406	0.086426
1407	0.084260
1408	0.082175
1409	0.080189
1410	0.078267
1411	0.076393
1412	0.074567
1413	0.072790
1414	0.071062
1415	0.069383
1416	0.067754
1417	0.066174
1418	0.064644
1419	0.063164
1420	0.061734
1421	0.060355
1422	0.059026
1423	0.057748
1424	0.056522
1425	0.055347
1426	0.054224
1427	0.053152
1428	0.052133
1429	0.051166
1430	0.050252
1431	0.049390
1432	0.048582
1433	0.047827
1434	0.047125
1435	0.046478
1436	0.045884
1437	0.045344
1438	0.044859
1439	0.044428
1440	0.044053
1441	0.043733
1442	0.043467
1443	0.043258
1444	0.043105
1445	0.043007
1446	0.042966
1447	0.042981
1448	0.043053
1449	0.043183
1450	0.043369
1451	0.043613
1452	0.043933
1453	0.044371
1454	0.044911
1455	0.045481
1456	0.045992
1457	0.046367
1458	0.046569
1459	0.046599
1460	0.046486
1461	0.046279
1462	0.046039
1463	0.045822
1464	0.045677
1465	0.045644
1466	0.045744
1467	0.045967
1468	0.046276
1469	0.046612
1470	0.046933
1471	0.047252
1472	0.047585
1473	0.047944
1474	0.048344
1475	0.048786
1476	0.049246
1477	0.049685
1478	0.050059
1479	0.050352
1480	0.050578
1481	0.050762
1482	0.050934
1483	0.051122
1484	0.051344
1485	0.051614
1486	0.051944
1487	0.052337
1488	0.052778
1489	0.053247
1490	0.053723
1491	0.054191
1492	0.054642
1493	0.055074
1494	0.055485
1495	0.055877
1496	0.056258
1497	0.056634
1498	0.057008
1499	0.057380
1500	0.057750
1501	0.058121
1502	0.058503
1503	0.058907
1504	0.059340
1505	0.059799
1506	0.060277
1507	0.060760
1508	0.061237
1509	0.061701
1510	0.062147
1511	0.062577
1512	0.062998
1513	0.063418
1514	0.063846
1515	0.064291
1516	0.064754
1517	0.065238
1518	0.065738
1519	0.066250
1520	0.066772
1521	0.067297
1522	0.067815
1523	0.068325
1524	0.068823
1525	0.069306
1526	0.069771
1527	0.070218
1528	0.070645
1529	0.071053
1530	0.071452
1531	0.071849
1532	0.072259
1533	0.072691
1534	0.073154
1535	0.073651
1536	0.074179
1537	0.074730
1538	0.075286
1539	0.075830
1540	0.076344
1541	0.076818
1542	0.077245
1543	0.077626
1544	0.077964
1545	0.078272
1546	0.078570
1547	0.078887
1548	0.079243
1549	0.079644
1550	0.080085
1551	0.080552
1552	0.081035
1553	0.081528
1554	0.082030
1555	0.082533
1556	0.083023
1557	0.083482
1558	0.083903
1559	0.084290
1560	0.084658
1561	0.085026
1562	0.085407
1563	0.085804
1564	0.086217
1565	0.086645
1566	0.087088
1567	0.087543
1568	0.087998
1569	0.088437
1570	0.088847
1571	0.089229
1572	0.089595
1573	0.089968
1574	0.090369
1575	0.090805
1576	0.091274
1577	0.091763
1578	0.092257
1579	0.092739
1580	0.093194
1581	0.093610
1582	0.093980
1583	0.094307
1584	0.094606
1585	0.094906
1586	0.095233
1587	0.095602
1588	0.096016
1589	0.096458
1590	0.096910
1591	0.097354
1592	0.097780
1593	0.098186
1594	0.098571
1595	0.098940
1596	0.099300
1597	0.099662
1598	0.100037
1599	0.100433
1600	0.100855
1601	0.101296
1602	0.101748
1603	0.102198
1604	0.102642
1605	0.103078
1606	0.103509
1607	0.103936
1608	0.104355
1609	0.104755
1610	0.105127
1611	0.105468
1612	0.105784
1613	0.106092
1614	0.106416
1615	0.106769
1616	0.107150
1617	0.107546
1618	0.107945
1619	0.108334
1620	0.108706
1621	0.109057
1622	0.109381
1623	0.109672
1624	0.109925
1625	0.110148
1626	0.110359
1627	0.110575
1628	0.110810
1629	0.111068
1630	0.111345
1631	0.111636
1632	0.111941
1633	0.112249
1634	0.112546
1635	0.112814
1636	0.113038
1637	0.113218
1638	0.113367
1639	0.113506
1640	0.113656
1641	0.113827
1642	0.114023
1643	0.114242
1644	0.114482
1645	0.114726
1646	0.114951
1647	0.115136
1648	0.115269
1649	0.115357
1650	0.115429
1651	0.115506
1652	0.115594
1653	0.115679
1654	0.115739
1655	0.115757
1656	0.115735
1657	0.115681
1658	0.115605
1659	0.115515
1660	0.115412
1661	0.115306
1662	0.115209
1663	0.115128
1664	0.115061
1665	0.115003
1666	0.114943
1667	0.114876
1668	0.114808
1669	0.114743
1670	0.114684
1671	0.114638
1672	0.114603
1673	0.114573
1674	0.114537
1675	0.114481
1676	0.114390
1677	0.114257
1678	0.114087
1679	0.113892
1680	0.113683
1681	0.113468
1682	0.113249
1683	0.113029
1684	0.112813
1685	0.112604
1686	0.112390
1687	0.112149
1688	0.111857
1689	0.111505
1690	0.111097
1691	0.110654
1692	0.110198
1693	0.109743
1694	0.109299
1695	0.108880
1696	0.108494
1697	0.108142
1698	0.107810
1699	0.107477
1700	0.107129
1701	0.106765
1702	0.106403
1703	0.106062
1704	0.105735
1705	0.105403
1706	0.105034
1707	0.104603
1708	0.104109
1709	0.103571
1710	0.103008
1711	0.102442
1712	0.101898
1713	0.101403
1714	0.100981
1715	0.100647
1716	0.100390
1717	0.100187
1718	0.100007
1719	0.099830
1720	0.099652
1721	0.099471
1722	0.099284
1723	0.099089
1724	0.098884
1725	0.098666
1726	0.098434
1727	0.098190
1728	0.097933
1729	0.097674
1730	0.097436
1731	0.097247
1732	0.097125
1733	0.097079
1734	0.097099
1735	0.097160
1736	0.097227
1737	0.097265
1738	0.097248
1739	0.097151
1740	0.096957
1741	0.096663
1742	0.096278
1743	0.095830
1744	0.095364
1745	0.094925
1746	0.094551
1747	0.094263
1748	0.094072
1749	0.093962
1750	0.093900
1751	0.093847
1752	0.093763
1753	0.093620
1754	0.093402
1755	0.093112
1756	0.092767
1757	0.092399
1758	0.092051
1759	0.091755
1760	0.091520
1761	0.091337
1762	0.091187
1763	0.091053
1764	0.090924
1765	0.090787
1766	0.090621
1767	0.090414
1768	0.090166
1769	0.089899
1770	0.089648
1771	0.089422
1772	0.089208
1773	0.088992
1774	0.088770
1775	0.088548
1776	0.088341
1777	0.088153
1778	0.087974
1779	0.087785
1780	0.087567
1781	0.087320
1782	0.087059
1783	0.086793
1784	0.086513
1785	0.086209
1786	0.085871
1787	0.085510
1788	0.085153
1789	0.084811
1790	0.084472
1791	0.084134
1792	0.083796
1793	0.083458
1794	0.083120
1795	0.082782
1796	0.082444
1797	0.082105
1798	0.081767
1799	0.081429
1800	0.081091
1801	0.080753
1802	0.080415
1803	0.080077
1804	0.079738
1805	0.079400
1806	0.079062
1807	0.078724
1808	0.078386
1809	0.078048
1810	0.077710
1811	0.077371
1812	0.077033
1813	0.076695
1814	0.076357
1815	0.076019
1816	0.075681
1817	0.075343
1818	0.075004
1819	0.074666
1820	0.074328
1821	0.073990
1822	0.073652
1823	0.073314
1824	0.072976
1825	0.072637
1826	0.072299
1827	0.071961
1828	0.071623
1829	0.071285
1830	0.070947
1831	0.070609
1832	0.070270
1833	0.069932
1834	0.069594
1835	0.069256
1836	0.068918
1837	0.068580
1838	0.068242
1839	0.067903
1840	0.067565
1841	0.067227
1842	0.066889
1843	0.066551
1844	0.066213
1845	0.065875
1846	0.065536
1847	0.065198
1848	0.064860
1849	0.064522
1850	0.064184
1851	0.063846
1852	0.063508
1853	0.063169
1854	0.062831
1855	0.062493
1856	0.062155
1857	0.061817
1858	0.061479
1859	0.061141
1860	0.060802
1861	0.060464
1862	0.060126
1863	0.059788
1864	0.059450
1865	0.059112
1866	0.058774
1867	0.058435
1868	0.058097
1869	0.057759
1870	0.057421
1871	0.057083
1872	0.056745
1873	0.056407
1874	0.056068
1875	0.055730
1876	0.055392
1877	0.055054
1878	0.054716
1879	0.054378
1880	0.054040
1881	0.053701
1882	0.053363
1883	0.053025
1884	0.052687
1885	0.052349
1886	0.052011
1887	0.051673
1888	0.051334
1889	0.050996
1890	0.050658
1891	0.050320
1892	0.049982
1893	0.049644
1894	0.049306
1895	0.048967
1896	0.048629
1897	0.048291
1898	0.047953
1899	0.047615
1900	0.047277
1901	0.046939
1902	0.046600
1903	0.046262
1904	0.045924
1905	0.045586
1906	0.045248
1907	0.044910
1908	0.044572
1909	0.044233
1910	0.043895
1911	0.043557
1912	0.043219
1913	0.042881
1914	0.042543
1915	0.042205
1916	0.041866
1917	0.041528
1918	0.041190
1919	0.040852
1920	0.040514
1921	0.040176
1922	0.039837
1923	0.039499
1924	0.039161
1925	0.038823
1926	0.038485
1927	0.038147
1928	0.037809
1929	0.037470
1930	0.037132
1931	0.036794
1932	0.036456
1933	0.036118
1934	0.035780
1935	0.035442
1936	0.035103
1937	0.034765
1938	0.034427
1939	0.034089
1940	0.033751
1941	0.033413
1942	0.033077
1943	0.032743
1944	0.032409
1945	0.032070
1946	0.031725
1947	0.031372
1948	0.031010
1949	0.030640
1950	0.030265
1951	0.029887
1952	0.029511
1953	0.029141
1954	0.028782
1955	0.028438
1956	0.028111
1957	0.027802
1958	0.027509
1959	0.027232
1960	0.026970
1961	0.026724
1962	0.026495
1963	0.026281
1964	0.026084
1965	0.025904
1966	0.025740
1967	0.025594
1968	0.025466
1969	0.025355
1970	0.025262
1971	0.025187
1972	0.025130
1973	0.025092
1974	0.025073
1975	0.025073
1976	0.025092
1977	0.025131
1978	0.025190
1979	0.025268
1980	0.025367
1981	0.025486
1982	0.025626
1983	0.025787
1984	0.025968
1985	0.026172
1986	0.026396
1987	0.026643
1988	0.026912
1989	0.027203
1990	0.027516
1991	0.027852
1992	0.028212
1993	0.028594
1994	0.029000
1995	0.029429
1996	0.029883
1997	0.030360
1998	0.030862
1999	0.031388
2000	0.031939
2001	0.032516
2002	0.033147
2003	0.033899
2004	0.034748
2005	0.035569
2006	0.036184
2007	0.036468
2008	0.036405
2009	0.036075
2010	0.035608
2011	0.035143
2012	0.034787
2013	0.034605
2014	0.034621
2015	0.034823
2016	0.035161
2017	0.035520
2018	0.035729
2019	0.035619
2020	0.035127
2021	0.034359
2022	0.033504
2023	0.032756
2024	0.032227
2025	0.031948
2026	0.031875
2027	0.031917
2028	0.031985
2029	0.032048
2030	0.032116
2031	0.032213
2032	0.032349
2033	0.032506
2034	0.032659
2035	0.032779
2036	0.032835
2037	0.032801
2038	0.032658
2039	0.032426
2040	0.032184
2041	0.032044
2042	0.032103
2043	0.032403
2044	0.032887
2045	0.033426
2046	0.033851
2047	0.034010
2048	0.033829
2049	0.033330
2050	0.032631
2051	0.031900
2052	0.031316
2053	0.031023
2054	0.031109
2055	0.031577
2056	0.032337
2057	0.033245
2058	0.034145
2059	0.034893
2060	0.035415
2061	0.035704
2062	0.035802
2063	0.035782
2064	0.035709
2065	0.035614
2066	0.035515
2067	0.035425
2068	0.035353
2069	0.035315
2070	0.035307
2071	0.035318
2072	0.035342
2073	0.035380
2074	0.035431
2075	0.035493
2076	0.035565
2077	0.035648
2078	0.035740
2079	0.035840
2080	0.035948
2081	0.036062
2082	0.036183
2083	0.036310
2084	0.036442
2085	0.036578
2086	0.036718
2087	0.036861
2088	0.037007
2089	0.037156
2090	0.037306
2091	0.037457
2092	0.037609
2093	0.037762
2094	0.037915
2095	0.038068
2096	0.038220
2097	0.038371
2098	0.038521
2099	0.038670
2100	0.038817
2101	0.038961
2102	0.039104
2103	0.039245
2104	0.039383
2105	0.039519
2106	0.039652
2107	0.039782
2108	0.039910
2109	0.040034
2110	0.040156
2111	0.040276
2112	0.040392
2113	0.040506
2114	0.040618
2115	0.040727
2116	0.040834
2117	0.040938
2118	0.041041
2119	0.041142
2120	0.041242
2121	0.041341
2122	0.041438
2123	0.041536
2124	0.041633
2125	0.041730
2126	0.041827
2127	0.041926
2128	0.042026
2129	0.042128
2130	0.042232
2131	0.042339
2132	0.042449
2133	0.042563
2134	0.042682
2135	0.042805
2136	0.042935
2137	0.043071
2138	0.043214
2139	0.043364
2140	0.043524
2141	0.043692
2142	0.043870
2143	0.044059
2144	0.044260
2145	0.044473
2146	0.044700
2147	0.044940
2148	0.045196
2149	0.045468
2150	0.045757
2151	0.046064
2152	0.046401
2153	0.046793
2154	0.047234
2155	0.047687
2156	0.048100
2157	0.048427
2158	0.048639
2159	0.048726
2160	0.048691
2161	0.048548
2162	0.048316
2163	0.048026
2164	0.047721
2165	0.047445
2166	0.047235
2167	0.047103
2168	0.047033
2169	0.046992
2170	0.046956
2171	0.046933
2172	0.046929
2173	0.046943
2174	0.046973
2175	0.047020
2176	0.047082
2177	0.047158
2178	0.047247
2179	0.047349
2180	0.047462
2181	0.047586
2182	0.047720
2183	0.047863
2184	0.048015
2185	0.048174
2186	0.048340
2187	0.048511
2188	0.048688
2189	0.048870
2190	0.049055
2191	0.049243
2192	0.049434
2193	0.049626
2194	0.049819
2195	0.050013
2196	0.050206
2197	0.050398
2198	0.050588
2199	0.050775
2200	0.050960
2201	0.051141
2202	0.051319
2203	0.051491
2204	0.051658
2205	0.051819
2206	0.051973
2207	0.052121
2208	0.052261
2209	0.052393
2210	0.052517
2211	0.052631
2212	0.052736
2213	0.052831
2214	0.052915
2215	0.052989
2216	0.053051
2217	0.053102
2218	0.053140
2219	0.053166
2220	0.053178
2221	0.053178
2222	0.053164
2223	0.053135
2224	0.053092
2225	0.053035
2226	0.052962
2227	0.052874
2228	0.052771
2229	0.052651
2230	0.052515
2231	0.052363
2232	0.052194
2233	0.052008
2234	0.051805
2235	0.051584
2236	0.051346
2237	0.051090
2238	0.050815
2239	0.050523
2240	0.050212
2241	0.049883
2242	0.049535
2243	0.049168
2244	0.048783
2245	0.048378
2246	0.047955
2247	0.047512
2248	0.047050
2249	0.046569
2250	0.046068
2251	0.045548
2252	0.044969
2253	0.044255
2254	0.043476
2255	0.042791
2256	0.042353
2257	0.042232
2258	0.042414
2259	0.042825
2260	0.043366
2261	0.043946
2262	0.044489
2263	0.044906
2264	0.045105
2265	0.045020
2266	0.044647
2267	0.044067
2268	0.043433
2269	0.042906
2270	0.042546
2271	0.042274
2272	0.042046
2273	0.041858
2274	0.041707
2275	0.041592
2276	0.041510
2277	0.041458
2278	0.041433
2279	0.041433
2280	0.041457
2281	0.041501
2282	0.041564
2283	0.041643
2284	0.041737
2285	0.041843
2286	0.041960
2287	0.042086
2288	0.042219
2289	0.042358
2290	0.042500
2291	0.042646
2292	0.042792
2293	0.042938
2294	0.043082
2295	0.043224
2296	0.043362
2297	0.043495
2298	0.043622
2299	0.043743
2300	0.043855
2301	0.043960
2302	0.044055
2303	0.044141
2304	0.044216
2305	0.044281
2306	0.044335
2307	0.044377
2308	0.044408
2309	0.044427
2310	0.044434
2311	0.044430
2312	0.044413
2313	0.044385
2314	0.044345
2315	0.044294
2316	0.044233
2317	0.044160
2318	0.044078
2319	0.043987
2320	0.043886
2321	0.043778
2322	0.043662
2323	0.043540
2324	0.043413
2325	0.043281
2326	0.043146
2327	0.043008
2328	0.042870
2329	0.042732
2330	0.042595
2331	0.042462
2332	0.042334
2333	0.042211
2334	0.042097
2335	0.041993
2336	0.041899
2337	0.041820
2338	0.041756
2339	0.041709
2340	0.041681
2341	0.041676
2342	0.041694
2343	0.041739
2344	0.041812
2345	0.041916
2346	0.042055
2347	0.042229
2348	0.042443
2349	0.042699
2350	0.042999
2351	0.043347
2352	0.043753
2353	0.044239
2354	0.044801
2355	0.045413
2356	0.046044
2357	0.046666
2358	0.047264
2359	0.047832
2360	0.048373
2361	0.048893
2362	0.049400
2363	0.049909
2364	0.050440
2365	0.051019
2366	0.051660
2367	0.052366
2368	0.053120
2369	0.053899
2370	0.054687
2371	0.055492
2372	0.056322
2373	0.057175
2374	0.058052
2375	0.058954
2376	0.059879
2377	0.060828
2378	0.061801
2379	0.062797
2380	0.063818
2381	0.064863
2382	0.065931
2383	0.067024
2384	0.068140
2385	0.069280
2386	0.070445
2387	0.071633
2388	0.072845
2389	0.074081
2390	0.075340
2391	0.076624
2392	0.077932
2393	0.079263
2394	0.080619
2395	0.081998
2396	0.083401
2397	0.084829
2398	0.086280
2399	0.087755
2400	0.089253
2401	0.090776
2402	0.092323
2403	0.093894
2404	0.095488
2405	0.097106
2406	0.098749
2407	0.100415
2408	0.102105
2409	0.103819
2410	0.105557
2411	0.107319
2412	0.109105
2413	0.110914
2414	0.112748
2415	0.114605
2416	0.116487
2417	0.118392
2418	0.120321
2419	0.122274
2420	0.124252
2421	0.126252
2422	0.128277
2423	0.130326
2424	0.132399
2425	0.134495
2426	0.136616
2427	0.138760
2428	0.140928
2429	0.143121
2430	0.145337
2431	0.147577
2432	0.149841
2433	0.152128
2434	0.154440
2435	0.156776
2436	0.159135
2437	0.161519
2438	0.163926
2439	0.166357
2440	0.168812
2441	0.171291
2442	0.173794
2443	0.176321
2444	0.178872
2445	0.181447
2446	0.184045
2447	0.186668
2448	0.189314
2449	0.191985
2450	0.194679
2451	0.197397
2452	0.200139
2453	0.202905
2454	0.205695
2455	0.208509
2456	0.211346
2457	0.214208
2458	0.217093
2459	0.220003
2460	0.222936
2461	0.225893
2462	0.228874
2463	0.231879
2464	0.234908
2465	0.237961
2466	0.241038
2467	0.244139
2468	0.247263
2469	0.250412
2470	0.253584
2471	0.256780
2472	0.260000
2473	0.263245
2474	0.266513
2475	0.269804
2476	0.273120
2477	0.276460
2478	0.279824
2479	0.283211
2480	0.286623
2481	0.290058
2482	0.293517
2483	0.297000
2484	0.300507
2485	0.304038
2486	0.307593
2487	0.311172
2488	0.314775
2489	0.318401
2490	0.322052
2491	0.325726
2492	0.329425
2493	0.333147
2494	0.336893
2495	0.340663
2496	0.344457
2497	0.348275
2498	0.352117
2499	0.355982
2500	0.359872
