350	0.027560
351	0.027703
352	0.027842
353	0.027977
354	0.028108
355	0.028236
356	0.028363
357	0.028488
358	0.028609
359	0.028722
360	0.028814
361	0.028932
362	0.029077
363	0.029239
364	0.029411
365	0.029591
366	0.029778
367	0.029962
368	0.030132
369	0.030281
370	0.030411
371	0.030540
372	0.030684
373	0.030848
374	0.031029
375	0.031229
376	0.031440
377	0.031650
378	0.031855
379	0.032051
380	0.032243
381	0.032444
382	0.032661
383	0.032894
384	0.033142
385	0.033403
386	0.033670
387	0.033935
388	0.034192
389	0.034442
390	0.034686
391	0.034923
392	0.035156
393	0.035398
394	0.035658
395	0.035941
396	0.036245
397	0.036561
398	0.036879
399	0.037184
400	0.037466
401	0.037722
402	0.037956
403	0.038178
404	0.038395
405	0.038611
406	0.038835
407	0.039077
408	0.039344
409	0.039635
410	0.039942
411	0.040256
412	0.040563
413	0.040854
414	0.041124
415	0.041381
416	0.041637
417	0.041900
418	0.042176
419	0.042465
420	0.042769
421	0.043080
422	0.043392
423	0.043702
424	0.044006
425	0.044299
426	0.044578
427	0.044846
428	0.045115
429	0.045397
430	0.045697
431	0.046011
432	0.046332
433	0.046651
434	0.046966
435	0.047275
436	0.047577
437	0.047873
438	0.048162
439	0.048442
440	0.048716
441	0.048991
442	0.049275
443	0.049569
444	0.049865
445	0.050157
446	0.050445
447	0.050729
448	0.051010
449	0.051288
450	0.051558
451	0.051819
452	0.052067
453	0.052300
454	0.052522
455	0.052740
456	0.052954
457	0.053165
458	0.053370
459	0.053565
460	0.053750
461	0.053922
462	0.054082
463	0.054229
464	0.054369
465	0.054505
466	0.054641
467	0.054779
468	0.054922
469	0.055069
470	0.055219
471	0.055370
472	0.055523
473	0.055679
474	0.055835
475	0.055991
476	0.056153
477	0.056322
478	0.056497
479	0.056672
480	0.056841
481	0.057001
482	0.057156
483	0.057314
484	0.057484
485	0.057671
486	0.057875
487	0.058097
488	0.058336
489	0.058592
490	0.058865
491	0.059149
492	0.059434
493	0.059714
494	0.059988
495	0.060261
496	0.060544
497	0.060842
498	0.061160
499	0.061499
500	0.061856
501	0.062234
502	0.062632
503	0.063052
504	0.063494
505	0.063958
506	0.064443
507	0.064947
508	0.065473
509	0.066021
510	0.066591
511	0.067184
512	0.067805
513	0.068459
514	0.069151
515	0.069881
516	0.070649
517	0.071450
518	0.072280
519	0.073132
520	0.073997
521	0.074868
522	0.075739
523	0.076605
524	0.077464
525	0.078314
526	0.079152
527	0.079978
528	0.080786
529	0.081572
530	0.082331
531	0.083057
532	0.083748
533	0.084401
534	0.085015
535	0.085594
536	0.086144
537	0.086668
538	0.087170
539	0.087654
540	0.088124
541	0.088587
542	0.089050
543	0.089515
544	0.089984
545	0.090459
546	0.090939
547	0.091423
548	0.091906
549	0.092385
550	0.092859
551	0.093323
552	0.093772
553	0.094195
554	0.094579
555	0.094913
556	0.095183
557	0.095379
558	0.095495
559	0.095531
560	0.095496
561	0.095404
562	0.095275
563	0.095129
564	0.094989
565	0.094876
566	0.094806
567	0.094787
568	0.094817
569	0.094884
570	0.094973
571	0.095067
572	0.095154
573	0.095226
574	0.095277
575	0.095300
576	0.095292
577	0.095254
578	0.095190
579	0.095111
580	0.095031
581	0.094961
582	0.094904
583	0.094865
584	0.094852
585	0.094869
586	0.094917
587	0.094990
588	0.095078
589	0.095171
590	0.095262
591	0.095349
592	0.095443
593	0.095557
594	0.095698
595	0.095871
596	0.096068
597	0.096281
598	0.096499
599	0.096710
600	0.096900
601	0.097056
602	0.097168
603	0.097235
604	0.097262
605	0.097255
606	0.097224
607	0.097176
608	0.097116
609	0.097042
610	0.096954
611	0.096856
612	0.096751
613	0.096646
614	0.096549
615	0.096466
616	0.096402
617	0.096359
618	0.096339
619	0.096340
620	0.096363
621	0.096404
622	0.096461
623	0.096534
624	0.096619
625	0.096715
626	0.096821
627	0.096936
628	0.097058
629	0.097182
630	0.097303
631	0.097416
632	0.097517
633	0.097601
634	0.097662
635	0.097696
636	0.097701
637	0.097675
638	0.097621
639	0.097540
640	0.097433
641	0.097302
642	0.097156
643	0.096999
644	0.096840
645	0.096686
646	0.096545
647	0.096425
648	0.096329
649	0.096258
650	0.096209
651	0.096177
652	0.096152
653	0.096125
654	0.096088
655	0.096037
656	0.095970
657	0.095885
658	0.095778
659	0.095651
660	0.095513
661	0.095369
662	0.095226
663	0.095091
664	0.094966
665	0.094856
666	0.094766
667	0.094698
668	0.094654
669	0.094638
670	0.094648
671	0.094683
672	0.094739
673	0.094814
674	0.094911
675	0.095029
676	0.095167
677	0.095328
678	0.095516
679	0.095732
680	0.095979
681	0.096274
682	0.096631
683	0.097066
684	0.097588
685	0.098205
686	0.098928
687	0.099764
688	0.100728
689	0.101829
690	0.103077
691	0.104475
692	0.106026
693	0.107729
694	0.109585
695	0.111592
696	0.113743
697	0.116020
698	0.118400
699	0.120865
700	0.123397
701	0.125979
702	0.128594
703	0.131229
704	0.133871
705	0.136510
706	0.139145
707	0.141780
708	0.144421
709	0.147070
710	0.149722
711	0.152372
712	0.155018
713	0.157671
714	0.160346
715	0.163052
716	0.165779
717	0.168512
718	0.171238
719	0.173948
720	0.176634
721	0.179286
722	0.181888
723	0.184425
724	0.186887
725	0.189274
726	0.191597
727	0.193863
728	0.196070
729	0.198206
730	0.200254
731	0.202203
732	0.204058
733	0.205826
734	0.207504
735	0.209091
736	0.210590
737	0.212011
738	0.213357
739	0.214630
740	0.215832
741	0.216960
742	0.218013
743	0.218990
744	0.219897
745	0.220739
746	0.221524
747	0.222255
748	0.222933
749	0.223561
750	0.224155
751	0.224737
752	0.225310
753	0.225843
754	0.226309
755	0.226704
756	0.227045
757	0.227349
758	0.227635
759	0.227916
760	0.228196
761	0.228480
762	0.228778
763	0.229097
764	0.229436
765	0.229782
766	0.230109
767	0.230392
768	0.230623
769	0.230827
770	0.231025
771	0.231216
772	0.231394
773	0.231566
774	0.231742
775	0.231927
776	0.232118
777	0.232316
778	0.232523
779	0.232739
780	0.232962
781	0.233187
782	0.233406
783	0.233616
784	0.233815
785	0.234005
786	0.234190
787	0.234380
788	0.234575
789	0.234772
790	0.234969
791	0.235168
792	0.235373
793	0.235579
794	0.235781
795	0.235975
796	0.236161
797	0.236338
798	0.236511
799	0.236680
800	0.236850
801	0.237022
802	0.237195
803	0.237368
804	0.237547
805	0.237734
806	0.237924
807	0.238108
808	0.238273
809	0.238417
810	0.238537
811	0.238638
812	0.238730
813	0.238833
814	0.238963
815	0.239118
816	0.239286
817	0.239462
818	0.239656
819	0.239873
820	0.240109
821	0.240346
822	0.240561
823	0.240747
824	0.240907
825	0.241051
826	0.241185
827	0.241314
828	0.241436
829	0.241549
830	0.241656
831	0.241770
832	0.241909
833	0.242074
834	0.242252
835	0.242425
836	0.242586
837	0.242740
838	0.242888
839	0.243035
840	0.243181
841	0.243329
842	0.243482
843	0.243634
844	0.243781
845	0.243923
846	0.244058
847	0.244181
848	0.244286
849	0.244379
850	0.244471
851	0.244578
852	0.244711
853	0.244867
854	0.245038
855	0.245223
856	0.245419
857	0.245617
858	0.245810
859	0.245985
860	0.246130
861	0.246237
862	0.246319
863	0.246399
864	0.246499
865	0.246625
866	0.246769
867	0.246923
868	0.247084
869	0.247251
870	0.247424
871	0.247601
872	0.247766
873	0.247905
874	0.248016
875	0.248110
876	0.248203
877	0.248312
878	0.248441
879	0.248581
880	0.248722
881	0.248856
882	0.248978
883	0.249090
884	0.249193
885	0.249285
886	0.249366
887	0.249442
888	0.249526
889	0.249627
890	0.249738
891	0.249840
892	0.249916
893	0.249960
894	0.249976
895	0.249980
896	0.249998
897	0.250065
898	0.250211
899	0.250429
900	0.250686
901	0.250942
902	0.251167
903	0.251349
904	0.251486
905	0.251582
906	0.251643
907	0.251670
908	0.251676
909	0.251682
910	0.251712
911	0.251778
912	0.251881
913	0.252007
914	0.252140
915	0.252278
916	0.252434
917	0.252609
918	0.252786
919	0.252936
920	0.253032
921	0.253059
922	0.253016
923	0.252916
924	0.252781
925	0.252629
926	0.252481
927	0.252348
928	0.252226
929	0.252108
930	0.251992
931	0.251877
932	0.251764
933	0.251653
934	0.251545
935	0.251440
936	0.251337
937	0.251238
938	0.251142
939	0.251050
940	0.250961
941	0.250877
942	0.250796
943	0.250721
944	0.250649
945	0.250583
946	0.250522
947	0.250466
948	0.250416
949	0.250372
950	0.250333
951	0.250301
952	0.250275
953	0.250256
954	0.250244
955	0.250239
956	0.250241
957	0.250251
958	0.250268
959	0.250294
960	0.250328
961	0.250370
962	0.250420
963	0.250480
964	0.250549
965	0.250627
966	0.250714
967	0.250812
968	0.250919
969	0.251036
970	0.251164
971	0.251303
972	0.251452
973	0.251613
974	0.251784
975	0.251967
976	0.252162
977	0.252369
978	0.252588
979	0.252820
980	0.253064
981	0.253320
982	0.253587
983	0.253858
984	0.254138
985	0.254439
986	0.254774
987	0.255152
988	0.255573
989	0.256033
990	0.256527
991	0.257046
992	0.257582
993	0.258126
994	0.258666
995	0.259193
996	0.259703
997	0.260196
998	0.260683
999	0.261172
1000	0.261670
1001	0.262171
1002	0.262672
1003	0.263171
1004	0.263669
1005	0.264164
1006	0.264656
1007	0.265145
1008	0.265630
1009	0.266109
1010	0.266584
1011	0.267053
1012	0.267516
1013	0.267973
1014	0.268422
1015	0.268864
1016	0.269299
1017	0.269725
1018	0.270143
1019	0.270553
1020	0.270953
1021	0.271345
1022	0.271727
1023	0.272099
1024	0.272462
1025	0.272815
1026	0.273158
1027	0.273490
1028	0.273813
1029	0.274125
1030	0.274426
1031	0.274718
1032	0.274997
1033	0.275267
1034	0.275528
1035	0.275782
1036	0.276027
1037	0.276264
1038	0.276490
1039	0.276705
1040	0.276907
1041	0.277097
1042	0.277275
1043	0.277441
1044	0.277597
1045	0.277743
1046	0.277884
1047	0.278020
1048	0.278154
1049	0.278286
1050	0.278415
1051	0.278541
1052	0.278663
1053	0.278781
1054	0.278895
1055	0.279005
1056	0.279112
1057	0.279215
1058	0.279314
1059	0.279410
1060	0.279501
1061	0.279589
1062	0.279672
1063	0.279752
1064	0.279828
1065	0.279900
1066	0.279968
1067	0.280031
1068	0.280091
1069	0.280147
1070	0.280199
1071	0.280246
1072	0.280290
1073	0.280329
1074	0.280365
1075	0.280396
1076	0.280423
1077	0.280445
1078	0.280464
1079	0.280478
1080	0.280488
1081	0.280494
1082	0.280495
1083	0.280492
1084	0.280485
1085	0.280473
1086	0.280457
1087	0.280437
1088	0.280412
1089	0.280383
1090	0.280349
1091	0.280311
1092	0.280267
1093	0.280215
1094	0.280155
1095	0.280091
1096	0.280030
1097	0.279981
1098	0.279949
1099	0.279935
1100	0.279930
1101	0.279916
1102	0.279876
1103	0.279804
1104	0.279696
1105	0.279551
1106	0.279369
1107	0.279143
1108	0.278874
1109	0.278576
1110	0.278276
1111	0.277991
1112	0.277729
1113	0.277482
1114	0.277241
1115	0.277006
1116	0.276798
1117	0.276647
1118	0.276574
1119	0.276603
1120	0.276757
1121	0.277048
1122	0.277476
1123	0.278022
1124	0.278644
1125	0.279278
1126	0.279860
1127	0.280339
1128	0.280682
1129	0.280866
1130	0.280884
1131	0.280738
1132	0.280433
1133	0.279981
1134	0.279395
1135	0.278679
1136	0.277832
1137	0.276866
1138	0.275812
1139	0.274704
1140	0.273581
1141	0.272499
1142	0.271516
1143	0.270680
1144	0.270027
1145	0.269563
1146	0.269259
1147	0.269074
1148	0.268960
1149	0.268870
1150	0.268756
1151	0.268584
1152	0.268332
1153	0.267997
1154	0.267607
1155	0.267212
1156	0.266867
1157	0.266610
1158	0.266446
1159	0.266361
1160	0.266329
1161	0.266327
1162	0.266336
1163	0.266334
1164	0.266304
1165	0.266244
1166	0.266161
1167	0.266070
1168	0.265994
1169	0.265955
1170	0.265960
1171	0.266001
1172	0.266063
1173	0.266128
1174	0.266184
1175	0.266228
1176	0.266254
1177	0.266263
1178	0.266265
1179	0.266272
1180	0.266296
1181	0.266347
1182	0.266432
1183	0.266550
1184	0.266694
1185	0.266855
1186	0.267024
1187	0.267181
1188	0.267310
1189	0.267400
1190	0.267447
1191	0.267456
1192	0.267442
1193	0.267420
1194	0.267406
1195	0.267416
1196	0.267466
1197	0.267566
1198	0.267716
1199	0.267908
1200	0.268130
1201	0.268364
1202	0.268590
1203	0.268797
1204	0.268975
1205	0.269123
1206	0.269249
1207	0.269366
1208	0.269483
1209	0.269609
1210	0.269749
1211	0.269907
1212	0.270081
1213	0.270270
1214	0.270463
1215	0.270647
1216	0.270811
1217	0.270952
1218	0.271076
1219	0.271192
1220	0.271310
1221	0.271432
1222	0.271561
1223	0.271705
1224	0.271869
1225	0.272060
1226	0.272273
1227	0.272499
1228	0.272726
1229	0.272941
1230	0.273140
1231	0.273323
1232	0.273492
1233	0.273645
1234	0.273784
1235	0.273913
1236	0.274037
1237	0.274165
1238	0.274305
1239	0.274458
1240	0.274622
1241	0.274787
1242	0.274946
1243	0.275097
1244	0.275244
1245	0.275397
1246	0.275562
1247	0.275739
1248	0.275924
1249	0.276111
1250	0.276291
1251	0.276458
1252	0.276607
1253	0.276730
1254	0.276820
1255	0.276876
1256	0.276904
1257	0.276918
1258	0.276933
1259	0.276963
1260	0.277015
1261	0.277092
1262	0.277199
1263	0.277347
1264	0.277539
1265	0.277781
1266	0.278063
1267	0.278372
1268	0.278684
1269	0.278980
1270	0.279241
1271	0.279449
1272	0.279595
1273	0.279680
1274	0.279714
1275	0.279716
1276	0.279706
1277	0.279705
1278	0.279723
1279	0.279755
1280	0.279785
1281	0.279793
1282	0.279759
1283	0.279671
1284	0.279526
1285	0.279332
1286	0.279104
1287	0.278860
1288	0.278614
1289	0.278372
1290	0.278129
1291	0.277872
1292	0.277591
1293	0.277281
1294	0.276946
1295	0.276593
1296	0.276236
1297	0.275885
1298	0.275544
1299	0.275214
1300	0.274889
1301	0.274562
1302	0.274222
1303	0.273862
1304	0.273490
1305	0.273117
1306	0.272745
1307	0.272368
1308	0.271978
1309	0.271568
1310	0.271138
1311	0.270690
1312	0.270226
1313	0.269748
1314	0.269260
1315	0.268769
1316	0.268288
1317	0.267826
1318	0.267384
1319	0.266955
1320	0.266518
1321	0.266056
1322	0.265564
1323	0.265050
1324	0.264520
1325	0.263973
1326	0.263410
1327	0.262832
1328	0.262237
1329	0.261628
1330	0.261003
1331	0.260364
1332	0.259710
1333	0.259043
1334	0.258362
1335	0.257667
1336	0.256959
1337	0.256239
1338	0.255506
1339	0.254761
1340	0.254004
1341	0.253236
1342	0.252456
1343	0.251665
1344	0.250864
1345	0.250053
1346	0.249231
1347	0.248400
1348	0.247560
1349	0.246710
1350	0.245852
1351	0.244986
1352	0.244111
1353	0.243228
1354	0.242338
1355	0.241441
1356	0.240537
1357	0.239627
1358	0.238710
1359	0.237787
1360	0.236859
1361	0.235925
1362	0.234986
1363	0.234043
1364	0.233095
1365	0.232141
1366	0.231178
1367	0.230208
1368	0.229238
1369	0.228278
1370	0.227334
1371	0.226407
1372	0.225498
1373	0.224603
1374	0.223719
1375	0.222842
1376	0.221967
1377	0.221088
1378	0.220200
1379	0.219300
1380	0.218387
1381	0.217469
1382	0.216551
1383	0.215638
1384	0.214726
1385	0.213815
1386	0.212903
1387	0.211992
1388	0.211080
1389	0.210168
1390	0.209257
1391	0.208340
1392	0.207408
1393	0.206475
1394	0.205564
1395	0.204691
1396	0.203858
1397	0.203053
1398	0.202255
1399	0.201445
1400	0.200607
1401	0.199728
1402	0.198800
1403	0.197816
1404	0.196775
1405	0.195689
1406	0.194579
1407	0.193475
1408	0.192404
1409	0.191374
1410	0.190370
1411	0.189385
1412	0.188421
1413	0.187478
1414	0.186555
1415	0.185653
1416	0.184773
1417	0.183915
1418	0.183079
1419	0.182266
1420	0.181475
1421	0.180708
1422	0.179964
1423	0.179244
1424	0.178548
1425	0.177876
1426	0.177230
1427	0.176608
1428	0.176012
1429	0.175441
1430	0.174897
1431	0.174379
1432	0.173888
1433	0.173424
1434	0.172987
1435	0.172578
1436	0.172197
1437	0.171844
1438	0.171520
1439	0.171226
1440	0.170960
1441	0.170724
1442	0.170518
1443	0.170343
1444	0.170198
1445	0.170084
1446	0.170001
1447	0.169950
1448	0.169931
1449	0.169944
1450	0.169990
1451	0.170069
1452	0.170191
1453	0.170379
1454	0.170626
1455	0.170894
1456	0.171133
1457	0.171299
1458	0.171364
1459	0.171328
1460	0.171207
1461	0.171031
1462	0.170843
1463	0.170696
1464	0.170644
1465	0.170729
1466	0.170964
1467	0.171329
1468	0.171781
1469	0.172277
1470	0.172803
1471	0.173367
1472	0.173960
1473	0.174558
1474	0.175133
1475	0.175661
1476	0.176126
1477	0.176524
1478	0.176843
1479	0.177068
1480	0.177204
1481	0.177283
1482	0.177361
1483	0.177506
1484	0.177756
1485	0.178108
1486	0.178541
1487	0.179028
1488	0.179552
1489	0.180102
1490	0.180668
1491	0.181240
1492	0.181805
1493	0.182341
1494	0.182838
1495	0.183291
1496	0.183703
1497	0.184080
1498	0.184433
1499	0.184775
1500	0.185121
1501	0.185490
1502	0.185897
1503	0.186353
1504	0.186861
1505	0.187412
1506	0.187981
1507	0.188540
1508	0.189078
1509	0.189594
1510	0.190099
1511	0.190606
1512	0.191124
1513	0.191650
1514	0.192178
1515	0.192701
1516	0.193214
1517	0.193712
1518	0.194185
1519	0.194628
1520	0.195043
1521	0.195444
1522	0.195854
1523	0.196296
1524	0.196783
1525	0.197318
1526	0.197895
1527	0.198495
1528	0.199094
1529	0.199666
1530	0.200198
1531	0.200685
1532	0.201132
1533	0.201556
1534	0.201978
1535	0.202419
1536	0.202894
1537	0.203411
1538	0.203967
1539	0.204545
1540	0.205125
1541	0.205684
1542	0.206204
1543	0.206681
1544	0.207128
1545	0.207563
1546	0.208010
1547	0.208480
1548	0.208977
1549	0.209496
1550	0.210029
1551	0.210571
1552	0.211111
1553	0.211639
1554	0.212138
1555	0.212597
1556	0.213020
1557	0.213425
1558	0.213839
1559	0.214280
1560	0.214748
1561	0.215230
1562	0.215710
1563	0.216173
1564	0.216618
1565	0.217050
1566	0.217471
1567	0.217880
1568	0.218277
1569	0.218661
1570	0.219034
1571	0.219401
1572	0.219767
1573	0.220129
1574	0.220493
1575	0.220863
1576	0.221241
1577	0.221633
1578	0.222034
1579	0.222439
1580	0.222842
1581	0.223235
1582	0.223614
1583	0.223974
1584	0.224313
1585	0.224636
1586	0.224952
1587	0.225275
1588	0.225617
1589	0.225979
1590	0.226353
1591	0.226724
1592	0.227081
1593	0.227429
1594	0.227778
1595	0.228140
1596	0.228515
1597	0.228887
1598	0.229235
1599	0.229558
1600	0.229869
1601	0.230186
1602	0.230514
1603	0.230847
1604	0.231171
1605	0.231481
1606	0.231786
1607	0.232105
1608	0.232448
1609	0.232811
1610	0.233180
1611	0.233546
1612	0.233906
1613	0.234259
1614	0.234604
1615	0.234926
1616	0.235203
1617	0.235430
1618	0.235621
1619	0.235795
1620	0.235965
1621	0.236140
1622	0.236318
1623	0.236509
1624	0.236728
1625	0.236991
1626	0.237302
1627	0.237655
1628	0.238034
1629	0.238420
1630	0.238794
1631	0.239144
1632	0.239459
1633	0.239731
1634	0.239957
1635	0.240149
1636	0.240332
1637	0.240532
1638	0.240772
1639	0.241058
1640	0.241381
1641	0.241718
1642	0.242042
1643	0.242329
1644	0.242568
1645	0.242761
1646	0.242929
1647	0.243091
1648	0.243265
1649	0.243460
1650	0.243682
1651	0.243932
1652	0.244210
1653	0.244510
1654	0.244815
1655	0.245110
1656	0.245375
1657	0.245602
1658	0.245794
1659	0.245958
1660	0.246101
1661	0.246226
1662	0.246333
1663	0.246421
1664	0.246489
1665	0.246540
1666	0.246574
1667	0.246591
1668	0.246594
1669	0.246586
1670	0.246571
1671	0.246554
1672	0.246538
1673	0.246535
1674	0.246547
1675	0.246581
1676	0.246641
1677	0.246722
1678	0.246809
1679	0.246890
1680	0.246953
1681	0.246993
1682	0.247014
1683	0.247026
1684	0.247029
1685	0.247020
1686	0.246991
1687	0.246937
1688	0.246860
1689	0.246773
1690	0.246690
1691	0.246624
1692	0.246581
1693	0.246555
1694	0.246538
1695	0.246521
1696	0.246499
1697	0.246467
1698	0.246417
1699	0.246337
1700	0.246223
1701	0.246075
1702	0.245895
1703	0.245694
1704	0.245478
1705	0.245256
1706	0.245043
1707	0.244862
1708	0.244732
1709	0.244666
1710	0.244668
1711	0.244729
1712	0.244837
1713	0.244971
1714	0.245097
1715	0.245178
1716	0.245181
1717	0.245088
1718	0.244901
1719	0.244645
1720	0.244351
1721	0.244047
1722	0.243750
1723	0.243470
1724	0.243212
1725	0.242989
1726	0.242815
1727	0.242696
1728	0.242626
1729	0.242586
1730	0.242553
1731	0.242501
1732	0.242403
1733	0.242250
1734	0.242047
1735	0.241814
1736	0.241585
1737	0.241376
1738	0.241187
1739	0.241006
1740	0.240818
1741	0.240621
1742	0.240425
1743	0.240242
1744	0.240080
1745	0.239927
1746	0.239761
1747	0.239558
1748	0.239302
1749	0.238992
1750	0.238626
1751	0.238207
1752	0.237741
1753	0.237242
1754	0.236743
1755	0.236286
1756	0.235912
1757	0.235654
1758	0.235518
1759	0.235487
1760	0.235524
1761	0.235588
1762	0.235647
1763	0.235678
1764	0.235667
1765	0.235600
1766	0.235451
1767	0.235210
1768	0.234882
1769	0.234506
1770	0.234141
1771	0.233840
1772	0.233629
1773	0.233515
1774	0.233483
1775	0.233507
1776	0.233559
1777	0.233602
1778	0.233603
1779	0.233531
1780	0.233374
1781	0.233136
1782	0.232837
1783	0.232500
1784	0.232142
1785	0.231771
1786	0.231393
1787	0.231013
1788	0.230641
1789	0.230275
1790	0.229911
1791	0.229548
1792	0.229184
1793	0.228820
1794	0.228457
1795	0.228093
1796	0.227729
1797	0.227366
1798	0.227002
1799	0.226638
1800	0.226275
1801	0.225911
1802	0.225547
1803	0.225184
1804	0.224820
1805	0.224456
1806	0.224093
1807	0.223729
1808	0.223365
1809	0.223002
1810	0.222638
1811	0.222274
1812	0.221911
1813	0.221547
1814	0.221183
1815	0.220820
1816	0.220456
1817	0.220092
1818	0.219729
1819	0.219365
1820	0.219001
1821	0.218638
1822	0.218274
1823	0.217910
1824	0.217547
1825	0.217183
1826	0.216819
1827	0.216455
1828	0.216092
1829	0.215728
1830	0.215364
1831	0.215001
1832	0.214637
1833	0.214273
1834	0.213910
1835	0.213546
1836	0.213182
1837	0.212819
1838	0.212455
1839	0.212091
1840	0.211728
1841	0.211364
1842	0.211000
1843	0.210637
1844	0.210273
1845	0.209909
1846	0.209546
1847	0.209182
1848	0.208818
1849	0.208455
1850	0.208091
1851	0.207727
1852	0.207364
1853	0.207000
1854	0.206636
1855	0.206273
1856	0.205909
1857	0.205545
1858	0.205182
1859	0.204818
1860	0.204454
1861	0.204091
1862	0.203727
1863	0.203363
1864	0.203000
1865	0.202636
1866	0.202272
1867	0.201909
1868	0.201545
1869	0.201181
1870	0.200818
1871	0.200454
1872	0.200090
1873	0.199727
1874	0.199363
1875	0.198999
1876	0.198636
1877	0.198272
1878	0.197908
1879	0.197545
1880	0.197181
1881	0.196817
1882	0.196454
1883	0.196090
1884	0.195726
1885	0.195363
1886	0.194999
1887	0.194635
1888	0.194272
1889	0.193908
1890	0.193544
1891	0.193181
1892	0.192817
1893	0.192453
1894	0.192089
1895	0.191726
1896	0.191362
1897	0.190998
1898	0.190635
1899	0.190271
1900	0.189907
1901	0.189544
1902	0.189180
1903	0.188816
1904	0.188453
1905	0.188089
1906	0.187725
1907	0.187362
1908	0.186998
1909	0.186634
1910	0.186271
1911	0.185907
1912	0.185543
1913	0.185180
1914	0.184816
1915	0.184452
1916	0.184089
1917	0.183725
1918	0.183361
1919	0.182998
1920	0.182634
1921	0.182270
1922	0.181907
1923	0.181543
1924	0.181179
1925	0.180816
1926	0.180452
1927	0.180088
1928	0.179725
1929	0.179361
1930	0.178997
1931	0.178634
1932	0.178270
1933	0.177906
1934	0.177543
1935	0.177179
1936	0.176815
1937	0.176452
1938	0.176088
1939	0.175724
1940	0.175361
1941	0.174996
1942	0.174629
1943	0.174264
1944	0.173903
1945	0.173549
1946	0.173200
1947	0.172850
1948	0.172495
1949	0.172129
1950	0.171750
1951	0.171357
1952	0.170952
1953	0.170537
1954	0.170114
1955	0.169691
1956	0.169276
1957	0.168876
1958	0.168497
1959	0.168140
1960	0.167802
1961	0.167481
1962	0.167178
1963	0.166894
1964	0.166629
1965	0.166383
1966	0.166156
1967	0.165950
1968	0.165764
1969	0.165599
1970	0.165455
1971	0.165333
1972	0.165233
1973	0.165155
1974	0.165101
1975	0.165069
1976	0.165062
1977	0.165078
1978	0.165119
1979	0.165185
1980	0.165276
1981	0.165393
1982	0.165536
1983	0.165706
1984	0.165902
1985	0.166126
1986	0.166378
1987	0.166657
1988	0.166966
1989	0.167303
1990	0.167669
1991	0.168066
1992	0.168492
1993	0.168949
1994	0.169437
1995	0.169957
1996	0.170508
1997	0.171091
1998	0.171707
1999	0.172356
2000	0.173039
2001	0.173755
2002	0.174519
2003	0.175365
2004	0.176287
2005	0.177220
2006	0.178088
2007	0.178843
2008	0.179468
2009	0.179994
2010	0.180463
2011	0.180857
2012	0.181107
2013	0.181139
2014	0.180913
2015	0.180445
2016	0.179803
2017	0.179086
2018	0.178391
2019	0.177789
2020	0.177364
2021	0.177227
2022	0.177455
2023	0.178041
2024	0.178914
2025	0.179942
2026	0.180951
2027	0.181798
2028	0.182401
2029	0.182727
2030	0.182807
2031	0.182719
2032	0.182545
2033	0.182356
2034	0.182203
2035	0.182144
2036	0.182237
2037	0.182504
2038	0.182927
2039	0.183473
2040	0.184093
2041	0.184740
2042	0.185403
2043	0.186108
2044	0.186860
2045	0.187631
2046	0.188358
2047	0.188969
2048	0.189416
2049	0.189682
2050	0.189776
2051	0.189727
2052	0.189562
2053	0.189320
2054	0.189059
2055	0.188840
2056	0.188710
2057	0.188695
2058	0.188785
2059	0.188934
2060	0.189114
2061	0.189324
2062	0.189579
2063	0.189896
2064	0.190283
2065	0.190726
2066	0.191193
2067	0.191650
2068	0.192082
2069	0.192493
2070	0.192892
2071	0.193282
2072	0.193666
2073	0.194043
2074	0.194414
2075	0.194780
2076	0.195141
2077	0.195497
2078	0.195849
2079	0.196197
2080	0.196541
2081	0.196881
2082	0.197219
2083	0.197553
2084	0.197885
2085	0.198215
2086	0.198542
2087	0.198867
2088	0.199191
2089	0.199513
2090	0.199834
2091	0.200154
2092	0.200472
2093	0.200790
2094	0.201107
2095	0.201423
2096	0.201738
2097	0.202053
2098	0.202367
2099	0.202681
2100	0.202995
2101	0.203308
2102	0.203621
2103	0.203934
2104	0.204246
2105	0.204557
2106	0.204868
2107	0.205179
2108	0.205489
2109	0.205798
2110	0.206106
2111	0.206414
2112	0.206720
2113	0.207025
2114	0.207328
2115	0.207630
2116	0.207931
2117	0.208229
2118	0.208525
2119	0.208818
2120	0.209109
2121	0.209397
2122	0.209682
2123	0.209963
2124	0.210240
2125	0.210513
2126	0.210782
2127	0.211046
2128	0.211304
2129	0.211558
2130	0.211805
2131	0.212045
2132	0.212279
2133	0.212506
2134	0.212725
2135	0.212936
2136	0.213139
2137	0.213332
2138	0.213516
2139	0.213689
2140	0.213852
2141	0.214004
2142	0.214144
2143	0.214272
2144	0.214387
2145	0.214489
2146	0.214576
2147	0.214649
2148	0.214706
2149	0.214747
2150	0.214772
2151	0.214779
2152	0.214766
2153	0.214728
2154	0.214666
2155	0.214585
2156	0.214492
2157	0.214395
2158	0.214299
2159	0.214206
2160	0.214118
2161	0.214036
2162	0.213958
2163	0.213884
2164	0.213807
2165	0.213724
2166	0.213630
2167	0.213524
2168	0.213411
2169	0.213294
2170	0.213179
2171	0.213065
2172	0.212949
2173	0.212834
2174	0.212720
2175	0.212606
2176	0.212494
2177	0.212383
2178	0.212275
2179	0.212169
2180	0.212066
2181	0.211966
2182	0.211870
2183	0.211777
2184	0.211689
2185	0.211605
2186	0.211525
2187	0.211450
2188	0.211380
2189	0.211315
2190	0.211255
2191	0.211200
2192	0.211151
2193	0.211107
2194	0.211069
2195	0.211037
2196	0.211010
2197	0.210989
2198	0.210973
2199	0.210963
2200	0.210959
2201	0.210960
2202	0.210966
2203	0.210977
2204	0.210994
2205	0.211015
2206	0.211041
2207	0.211072
2208	0.211107
2209	0.211146
2210	0.211189
2211	0.211236
2212	0.211285
2213	0.211338
2214	0.211393
2215	0.211451
2216	0.211510
2217	0.211571
2218	0.211632
2219	0.211695
2220	0.211757
2221	0.211819
2222	0.211880
2223	0.211940
2224	0.211998
2225	0.212054
2226	0.212106
2227	0.212155
2228	0.212199
2229	0.212239
2230	0.212273
2231	0.212300
2232	0.212321
2233	0.212334
2234	0.212338
2235	0.212334
2236	0.212319
2237	0.212294
2238	0.212257
2239	0.212207
2240	0.212145
2241	0.212068
2242	0.211976
2243	0.211868
2244	0.211743
2245	0.211600
2246	0.211438
2247	0.211256
2248	0.211054
2249	0.210829
2250	0.210581
2251	0.210310
2252	0.210022
2253	0.209728
2254	0.209396
2255	0.208983
2256	0.208468
2257	0.207873
2258	0.207244
2259	0.206641
2260	0.206116
2261	0.205707
2262	0.205432
2263	0.205303
2264	0.205318
2265	0.205456
2266	0.205675
2267	0.205911
2268	0.206096
2269	0.206184
2270	0.206172
2271	0.206097
2272	0.205981
2273	0.205826
2274	0.205637
2275	0.205419
2276	0.205174
2277	0.204906
2278	0.204620
2279	0.204318
2280	0.204004
2281	0.203681
2282	0.203352
2283	0.203020
2284	0.202688
2285	0.202358
2286	0.202033
2287	0.201715
2288	0.201407
2289	0.201110
2290	0.200826
2291	0.200558
2292	0.200307
2293	0.200074
2294	0.199861
2295	0.199670
2296	0.199500
2297	0.199355
2298	0.199233
2299	0.199137
2300	0.199066
2301	0.199022
2302	0.199004
2303	0.199012
2304	0.199048
2305	0.199110
2306	0.199199
2307	0.199313
2308	0.199454
2309	0.199620
2310	0.199810
2311	0.200024
2312	0.200260
2313	0.200517
2314	0.200795
2315	0.201092
2316	0.201405
2317	0.201734
2318	0.202077
2319	0.202432
2320	0.202796
2321	0.203168
2322	0.203545
2323	0.203925
2324	0.204305
2325	0.204682
2326	0.205053
2327	0.205416
2328	0.205767
2329	0.206104
2330	0.206421
2331	0.206717
2332	0.206987
2333	0.207227
2334	0.207434
2335	0.207604
2336	0.207731
2337	0.207813
2338	0.207844
2339	0.207819
2340	0.207735
2341	0.207585
2342	0.207366
2343	0.207071
2344	0.206696
2345	0.206235
2346	0.205683
2347	0.205033
2348	0.204281
2349	0.203419
2350	0.202442
2351	0.201344
2352	0.200101
2353	0.198668
2354	0.197052
2355	0.195308
2356	0.193509
2357	0.191715
2358	0.189958
2359	0.188251
2360	0.186587
2361	0.184953
2362	0.183331
2363	0.181689
2364	0.179978
2365	0.178149
2366	0.176164
2367	0.174021
2368	0.171754
2369	0.169418
2370	0.167046
2371	0.164618
2372	0.162121
2373	0.159555
2374	0.156920
2375	0.154216
2376	0.151443
2377	0.148602
2378	0.145691
2379	0.142711
2380	0.139663
2381	0.136545
2382	0.133358
2383	0.130103
2384	0.126778
2385	0.123385
2386	0.119922
2387	0.116391
2388	0.112791
2389	0.109121
2390	0.105383
2391	0.101576
2392	0.097699
2393	0.093754
2394	0.089740
2395	0.085657
2396	0.081505
2397	0.077284
2398	0.072994
2399	0.068635
2400	0.064207
2401	0.059710
2402	0.055144
2403	0.050509
2404	0.045806
2405	0.041033
2406	0.036191
2407	0.031281
2408	0.026301
2409	0.021252
2410	0.016135
2411	0.010948
2412	0.005693
2413	0.000368
2414	-0.005025
2415	-0.010488
2416	-0.016019
2417	-0.021619
2418	-0.027288
2419	-0.033027
2420	-0.038834
2421	-0.044710
2422	-0.050655
2423	-0.056669
2424	-0.062752
2425	-0.068904
2426	-0.075125
2427	-0.081415
2428	-0.087774
2429	-0.094202
2430	-0.100699
2431	-0.107265
2432	-0.113899
2433	-0.120603
2434	-0.127376
2435	-0.134217
2436	-0.141128
2437	-0.148108
2438	-0.155156
2439	-0.162274
2440	-0.169460
2441	-0.176716
2442	-0.184040
2443	-0.191433
2444	-0.198896
2445	-0.206427
2446	-0.214027
2447	-0.221696
2448	-0.229434
2449	-0.237242
2450	-0.245118
2451	-0.253063
2452	-0.261077
2453	-0.269160
2454	-0.277312
2455	-0.285533
2456	-0.293823
2457	-0.302181
2458	-0.310609
2459	-0.319106
2460	-0.327672
2461	-0.336306
2462	-0.345010
2463	-0.353783
2464	-0.362624
2465	-0.371535
2466	-0.380514
2467	-0.389563
2468	-0.398680
2469	-0.407867
2470	-0.417122
2471	-0.426446
2472	-0.435840
2473	-0.445302
2474	-0.454833
2475	-0.464433
2476	-0.474102
2477	-0.483841
2478	-0.493648
2479	-0.503524
2480	-0.513469
2481	-0.523483
2482	-0.533566
2483	-0.543717
2484	-0.553938
2485	-0.564228
2486	-0.574587
2487	-0.585015
2488	-0.595511
2489	-0.606077
2490	-0.616712
2491	-0.627415
2492	-0.638188
2493	-0.649029
2494	-0.659940
2495	-0.670919
2496	-0.681968
2497	-0.693085
2498	-0.704271
2499	-0.715527
2500	-0.726851
