350	0.027454
351	0.027533
352	0.027619
353	0.027712
354	0.027811
355	0.027917
356	0.028030
357	0.028150
358	0.028277
359	0.028410
360	0.028546
361	0.028693
362	0.028856
363	0.029035
364	0.029228
365	0.029434
366	0.029645
367	0.029847
368	0.030029
369	0.030186
370	0.030322
371	0.030453
372	0.030593
373	0.030752
374	0.030935
375	0.031141
376	0.031368
377	0.031605
378	0.031833
379	0.032038
380	0.032220
381	0.032386
382	0.032555
383	0.032751
384	0.032975
385	0.033215
386	0.033459
387	0.033699
388	0.033934
389	0.034162
390	0.034383
391	0.034594
392	0.034802
393	0.035020
394	0.035265
395	0.035549
396	0.035876
397	0.036231
398	0.036590
399	0.036924
400	0.037220
401	0.037484
402	0.037727
403	0.037957
404	0.038175
405	0.038385
406	0.038598
407	0.038824
408	0.039072
409	0.039338
410	0.039615
411	0.039894
412	0.040167
413	0.040434
414	0.040699
415	0.040970
416	0.041247
417	0.041532
418	0.041820
419	0.042115
420	0.042416
421	0.042724
422	0.043030
423	0.043328
424	0.043616
425	0.043894
426	0.044165
427	0.044435
428	0.044709
429	0.044996
430	0.045299
431	0.045615
432	0.045938
433	0.046260
434	0.046576
435	0.046879
436	0.047171
437	0.047453
438	0.047727
439	0.047996
440	0.048262
441	0.048532
442	0.048812
443	0.049101
444	0.049395
445	0.049685
446	0.049971
447	0.050250
448	0.050525
449	0.050796
450	0.051062
451	0.051321
452	0.051569
453	0.051805
454	0.052029
455	0.052244
456	0.052455
457	0.052661
458	0.052860
459	0.053049
460	0.053229
461	0.053399
462	0.053559
463	0.053710
464	0.053852
465	0.053989
466	0.054121
467	0.054253
468	0.054386
469	0.054523
470	0.054664
471	0.054809
472	0.054958
473	0.055110
474	0.055263
475	0.055418
476	0.055577
477	0.055742
478	0.055911
479	0.056082
480	0.056248
481	0.056410
482	0.056572
483	0.056740
484	0.056920
485	0.057111
486	0.057311
487	0.057520
488	0.057741
489	0.057979
490	0.058234
491	0.058502
492	0.058775
493	0.059049
494	0.059325
495	0.059609
496	0.059908
497	0.060222
498	0.060547
499	0.060882
500	0.061230
501	0.061595
502	0.061980
503	0.062386
504	0.062811
505	0.063255
506	0.063720
507	0.064210
508	0.064730
509	0.065279
510	0.065855
511	0.066457
512	0.067084
513	0.067745
514	0.068442
515	0.069176
516	0.069938
517	0.070723
518	0.071532
519	0.072362
520	0.073206
521	0.074060
522	0.074915
523	0.075767
524	0.076610
525	0.077443
526	0.078264
527	0.079070
528	0.079856
529	0.080619
530	0.081354
531	0.082059
532	0.082733
533	0.083374
534	0.083980
535	0.084552
536	0.085095
537	0.085612
538	0.086106
539	0.086582
540	0.087043
541	0.087494
542	0.087943
543	0.088395
544	0.088855
545	0.089322
546	0.089794
547	0.090271
548	0.090748
549	0.091226
550	0.091701
551	0.092169
552	0.092619
553	0.093042
554	0.093426
555	0.093758
556	0.094025
557	0.094216
558	0.094327
559	0.094356
560	0.094315
561	0.094220
562	0.094090
563	0.093949
564	0.093816
565	0.093712
566	0.093652
567	0.093645
568	0.093686
569	0.093760
570	0.093850
571	0.093943
572	0.094029
573	0.094099
574	0.094146
575	0.094165
576	0.094156
577	0.094121
578	0.094070
579	0.094010
580	0.093951
581	0.093900
582	0.093858
583	0.093830
584	0.093825
585	0.093849
586	0.093902
587	0.093977
588	0.094064
589	0.094154
590	0.094240
591	0.094324
592	0.094412
593	0.094515
594	0.094642
595	0.094797
596	0.094978
597	0.095180
598	0.095393
599	0.095607
600	0.095804
601	0.095966
602	0.096084
603	0.096156
604	0.096187
605	0.096184
606	0.096154
607	0.096104
608	0.096039
609	0.095961
610	0.095875
611	0.095783
612	0.095689
613	0.095597
614	0.095511
615	0.095436
616	0.095377
617	0.095340
618	0.095322
619	0.095325
620	0.095347
621	0.095388
622	0.095448
623	0.095525
624	0.095615
625	0.095714
626	0.095818
627	0.095927
628	0.096040
629	0.096156
630	0.096269
631	0.096377
632	0.096472
633	0.096550
634	0.096605
635	0.096635
636	0.096639
637	0.096616
638	0.096567
639	0.096495
640	0.096401
641	0.096286
642	0.096155
643	0.096014
644	0.095867
645	0.095722
646	0.095587
647	0.095471
648	0.095380
649	0.095315
650	0.095271
651	0.095242
652	0.095219
653	0.095194
654	0.095160
655	0.095111
656	0.095043
657	0.094957
658	0.094852
659	0.094731
660	0.094597
661	0.094456
662	0.094314
663	0.094177
664	0.094051
665	0.093944
666	0.093858
667	0.093796
668	0.093759
669	0.093747
670	0.093759
671	0.093791
672	0.093842
673	0.093910
674	0.093995
675	0.094100
676	0.094226
677	0.094379
678	0.094565
679	0.094785
680	0.095045
681	0.095354
682	0.095720
683	0.096153
684	0.096662
685	0.097260
686	0.097957
687	0.098765
688	0.099696
689	0.100765
690	0.101983
691	0.103358
692	0.104891
693	0.106580
694	0.108417
695	0.110396
696	0.112509
697	0.114744
698	0.117083
699	0.119507
700	0.121995
701	0.124529
702	0.127092
703	0.129671
704	0.132255
705	0.134837
706	0.137417
707	0.139999
708	0.142589
709	0.145186
710	0.147788
711	0.150387
712	0.152984
713	0.155587
714	0.158210
715	0.160859
716	0.163526
717	0.166205
718	0.168884
719	0.171556
720	0.174211
721	0.176834
722	0.179403
723	0.181902
724	0.184326
725	0.186677
726	0.188964
727	0.191193
728	0.193361
729	0.195454
730	0.197458
731	0.199372
732	0.201196
733	0.202932
734	0.204576
735	0.206127
736	0.207591
737	0.208977
738	0.210292
739	0.211539
740	0.212717
741	0.213820
742	0.214850
743	0.215810
744	0.216706
745	0.217544
746	0.218329
747	0.219059
748	0.219736
749	0.220362
750	0.220952
751	0.221529
752	0.222095
753	0.222618
754	0.223067
755	0.223440
756	0.223756
757	0.224039
758	0.224310
759	0.224581
760	0.224857
761	0.225146
762	0.225453
763	0.225784
764	0.226135
765	0.226491
766	0.226822
767	0.227098
768	0.227316
769	0.227501
770	0.227682
771	0.227861
772	0.228032
773	0.228202
774	0.228379
775	0.228567
776	0.228761
777	0.228959
778	0.229162
779	0.229370
780	0.229584
781	0.229797
782	0.230005
783	0.230206
784	0.230397
785	0.230577
786	0.230752
787	0.230930
788	0.231116
789	0.231306
790	0.231499
791	0.231696
792	0.231901
793	0.232113
794	0.232330
795	0.232542
796	0.232742
797	0.232930
798	0.233109
799	0.233279
800	0.233443
801	0.233603
802	0.233761
803	0.233916
804	0.234074
805	0.234244
806	0.234424
807	0.234604
808	0.234773
809	0.234920
810	0.235044
811	0.235153
812	0.235260
813	0.235378
814	0.235519
815	0.235682
816	0.235855
817	0.236030
818	0.236213
819	0.236412
820	0.236624
821	0.236833
822	0.237025
823	0.237197
824	0.237356
825	0.237512
826	0.237669
827	0.237822
828	0.237964
829	0.238090
830	0.238203
831	0.238315
832	0.238442
833	0.238590
834	0.238746
835	0.238897
836	0.239045
837	0.239192
838	0.239337
839	0.239479
840	0.239618
841	0.239761
842	0.239908
843	0.240058
844	0.240206
845	0.240351
846	0.240489
847	0.240616
848	0.240727
849	0.240824
850	0.240921
851	0.241036
852	0.241174
853	0.241327
854	0.241487
855	0.241646
856	0.241803
857	0.241961
858	0.242115
859	0.242256
860	0.242370
861	0.242457
862	0.242537
863	0.242641
864	0.242783
865	0.242961
866	0.243156
867	0.243347
868	0.243524
869	0.243695
870	0.243861
871	0.244015
872	0.244142
873	0.244239
874	0.244312
875	0.244381
876	0.244472
877	0.244596
878	0.244741
879	0.244889
880	0.245024
881	0.245138
882	0.245232
883	0.245319
884	0.245414
885	0.245516
886	0.245628
887	0.245750
888	0.245879
889	0.246007
890	0.246125
891	0.246217
892	0.246264
893	0.246258
894	0.246213
895	0.246162
896	0.246141
897	0.246188
898	0.246327
899	0.246557
900	0.246847
901	0.247145
902	0.247402
903	0.247592
904	0.247712
905	0.247775
906	0.247797
907	0.247801
908	0.247810
909	0.247844
910	0.247919
911	0.248048
912	0.248234
913	0.248457
914	0.248685
915	0.248888
916	0.249053
917	0.249188
918	0.249300
919	0.249385
920	0.249434
921	0.249440
922	0.249401
923	0.249322
924	0.249219
925	0.249113
926	0.249016
927	0.248930
928	0.248846
929	0.248759
930	0.248670
931	0.248580
932	0.248490
933	0.248399
934	0.248309
935	0.248219
936	0.248129
937	0.248040
938	0.247953
939	0.247867
940	0.247783
941	0.247700
942	0.247621
943	0.247544
944	0.247469
945	0.247399
946	0.247331
947	0.247268
948	0.247209
949	0.247154
950	0.247104
951	0.247059
952	0.247020
953	0.246986
954	0.246958
955	0.246936
956	0.246921
957	0.246912
958	0.246911
959	0.246917
960	0.246931
961	0.246953
962	0.246983
963	0.247022
964	0.247070
965	0.247127
966	0.247193
967	0.247269
968	0.247356
969	0.247452
970	0.247560
971	0.247678
972	0.247808
973	0.247949
974	0.248102
975	0.248268
976	0.248445
977	0.248636
978	0.248839
979	0.249056
980	0.249287
981	0.249531
982	0.249788
983	0.250051
984	0.250326
985	0.250622
986	0.250951
987	0.251319
988	0.251726
989	0.252170
990	0.252643
991	0.253138
992	0.253648
993	0.254165
994	0.254679
995	0.255182
996	0.255670
997	0.256144
998	0.256613
999	0.257085
1000	0.257565
1001	0.258046
1002	0.258527
1003	0.259007
1004	0.259485
1005	0.259960
1006	0.260432
1007	0.260901
1008	0.261365
1009	0.261825
1010	0.262279
1011	0.262728
1012	0.263170
1013	0.263606
1014	0.264035
1015	0.264456
1016	0.264870
1017	0.265276
1018	0.265674
1019	0.266063
1020	0.266443
1021	0.266814
1022	0.267175
1023	0.267528
1024	0.267870
1025	0.268203
1026	0.268526
1027	0.268840
1028	0.269143
1029	0.269436
1030	0.269719
1031	0.269992
1032	0.270256
1033	0.270510
1034	0.270754
1035	0.270988
1036	0.271211
1037	0.271424
1038	0.271625
1039	0.271817
1040	0.271999
1041	0.272173
1042	0.272339
1043	0.272499
1044	0.272653
1045	0.272804
1046	0.272950
1047	0.273094
1048	0.273234
1049	0.273370
1050	0.273502
1051	0.273630
1052	0.273754
1053	0.273874
1054	0.273991
1055	0.274103
1056	0.274211
1057	0.274315
1058	0.274415
1059	0.274511
1060	0.274603
1061	0.274691
1062	0.274775
1063	0.274854
1064	0.274930
1065	0.275002
1066	0.275069
1067	0.275133
1068	0.275192
1069	0.275247
1070	0.275298
1071	0.275345
1072	0.275388
1073	0.275427
1074	0.275462
1075	0.275492
1076	0.275518
1077	0.275540
1078	0.275558
1079	0.275572
1080	0.275582
1081	0.275587
1082	0.275588
1083	0.275585
1084	0.275578
1085	0.275567
1086	0.275551
1087	0.275531
1088	0.275507
1089	0.275479
1090	0.275446
1091	0.275409
1092	0.275370
1093	0.275332
1094	0.275288
1095	0.275224
1096	0.275135
1097	0.275024
1098	0.274912
1099	0.274827
1100	0.274789
1101	0.274811
1102	0.274892
1103	0.275015
1104	0.275152
1105	0.275270
1106	0.275331
1107	0.275299
1108	0.275142
1109	0.274848
1110	0.274431
1111	0.273933
1112	0.273402
1113	0.272898
1114	0.272482
1115	0.272204
1116	0.272099
1117	0.272184
1118	0.272440
1119	0.272824
1120	0.273287
1121	0.273773
1122	0.274232
1123	0.274628
1124	0.274938
1125	0.275152
1126	0.275266
1127	0.275283
1128	0.275216
1129	0.275075
1130	0.274871
1131	0.274622
1132	0.274329
1133	0.273982
1134	0.273567
1135	0.273060
1136	0.272439
1137	0.271685
1138	0.270797
1139	0.269801
1140	0.268748
1141	0.267697
1142	0.266708
1143	0.265834
1144	0.265106
1145	0.264542
1146	0.264137
1147	0.263865
1148	0.263683
1149	0.263545
1150	0.263409
1151	0.263259
1152	0.263111
1153	0.262997
1154	0.262933
1155	0.262911
1156	0.262895
1157	0.262850
1158	0.262760
1159	0.262636
1160	0.262500
1161	0.262368
1162	0.262239
1163	0.262109
1164	0.261978
1165	0.261855
1166	0.261753
1167	0.261687
1168	0.261658
1169	0.261657
1170	0.261676
1171	0.261716
1172	0.261781
1173	0.261870
1174	0.261973
1175	0.262072
1176	0.262146
1177	0.262193
1178	0.262224
1179	0.262256
1180	0.262309
1181	0.262390
1182	0.262500
1183	0.262627
1184	0.262757
1185	0.262883
1186	0.262994
1187	0.263085
1188	0.263151
1189	0.263193
1190	0.263221
1191	0.263246
1192	0.263278
1193	0.263319
1194	0.263365
1195	0.263415
1196	0.263473
1197	0.263546
1198	0.263644
1199	0.263780
1200	0.263959
1201	0.264175
1202	0.264419
1203	0.264676
1204	0.264927
1205	0.265154
1206	0.265345
1207	0.265492
1208	0.265600
1209	0.265681
1210	0.265754
1211	0.265833
1212	0.265931
1213	0.266053
1214	0.266202
1215	0.266375
1216	0.266568
1217	0.266780
1218	0.267003
1219	0.267223
1220	0.267433
1221	0.267626
1222	0.267806
1223	0.267979
1224	0.268149
1225	0.268319
1226	0.268482
1227	0.268635
1228	0.268779
1229	0.268910
1230	0.269029
1231	0.269136
1232	0.269236
1233	0.269334
1234	0.269441
1235	0.269573
1236	0.269734
1237	0.269924
1238	0.270137
1239	0.270363
1240	0.270586
1241	0.270793
1242	0.270974
1243	0.271124
1244	0.271247
1245	0.271354
1246	0.271460
1247	0.271571
1248	0.271692
1249	0.271821
1250	0.271955
1251	0.272093
1252	0.272231
1253	0.272368
1254	0.272498
1255	0.272616
1256	0.272718
1257	0.272802
1258	0.272873
1259	0.272937
1260	0.273000
1261	0.273068
1262	0.273150
1263	0.273256
1264	0.273397
1265	0.273576
1266	0.273790
1267	0.274031
1268	0.274282
1269	0.274529
1270	0.274761
1271	0.274970
1272	0.275144
1273	0.275276
1274	0.275363
1275	0.275410
1276	0.275429
1277	0.275435
1278	0.275441
1279	0.275448
1280	0.275451
1281	0.275441
1282	0.275412
1283	0.275359
1284	0.275277
1285	0.275163
1286	0.275009
1287	0.274805
1288	0.274557
1289	0.274273
1290	0.273971
1291	0.273668
1292	0.273374
1293	0.273094
1294	0.272825
1295	0.272567
1296	0.272320
1297	0.272077
1298	0.271831
1299	0.271569
1300	0.271280
1301	0.270955
1302	0.270590
1303	0.270192
1304	0.269770
1305	0.269340
1306	0.268903
1307	0.268452
1308	0.267980
1309	0.267486
1310	0.266980
1311	0.266471
1312	0.265972
1313	0.265490
1314	0.265029
1315	0.264588
1316	0.264168
1317	0.263767
1318	0.263382
1319	0.263004
1320	0.262617
1321	0.262205
1322	0.261764
1323	0.261301
1324	0.260821
1325	0.260324
1326	0.259811
1327	0.259282
1328	0.258736
1329	0.258174
1330	0.257596
1331	0.257002
1332	0.256393
1333	0.255769
1334	0.255129
1335	0.254475
1336	0.253805
1337	0.253121
1338	0.252422
1339	0.251709
1340	0.250982
1341	0.250242
1342	0.249487
1343	0.248719
1344	0.247937
1345	0.247142
1346	0.246334
1347	0.245514
1348	0.244680
1349	0.243835
1350	0.242976
1351	0.242106
1352	0.241224
1353	0.240330
1354	0.239424
1355	0.238507
1356	0.237579
1357	0.236640
1358	0.235690
1359	0.234729
1360	0.233757
1361	0.232776
1362	0.231784
1363	0.230782
1364	0.229770
1365	0.228745
1366	0.227699
1367	0.226637
1368	0.225572
1369	0.224521
1370	0.223497
1371	0.222504
1372	0.221541
1373	0.220606
1374	0.219692
1375	0.218794
1376	0.217901
1377	0.217004
1378	0.216090
1379	0.215154
1380	0.214197
1381	0.213228
1382	0.212260
1383	0.211300
1384	0.210344
1385	0.209387
1386	0.208430
1387	0.207473
1388	0.206516
1389	0.205559
1390	0.204602
1391	0.203636
1392	0.202646
1393	0.201653
1394	0.200698
1395	0.199809
1396	0.198986
1397	0.198207
1398	0.197437
1399	0.196642
1400	0.195793
1401	0.194875
1402	0.193872
1403	0.192775
1404	0.191586
1405	0.190325
1406	0.189032
1407	0.187758
1408	0.186548
1409	0.185413
1410	0.184327
1411	0.183279
1412	0.182268
1413	0.181293
1414	0.180355
1415	0.179452
1416	0.178585
1417	0.177752
1418	0.176955
1419	0.176191
1420	0.175462
1421	0.174766
1422	0.174103
1423	0.173473
1424	0.172876
1425	0.172310
1426	0.171776
1427	0.171274
1428	0.170802
1429	0.170361
1430	0.169949
1431	0.169568
1432	0.169216
1433	0.168892
1434	0.168598
1435	0.168332
1436	0.168093
1437	0.167882
1438	0.167698
1439	0.167540
1440	0.167409
1441	0.167304
1442	0.167225
1443	0.167170
1444	0.167141
1445	0.167135
1446	0.167154
1447	0.167197
1448	0.167262
1449	0.167351
1450	0.167462
1451	0.167595
1452	0.167760
1453	0.167977
1454	0.168237
1455	0.168499
1456	0.168708
1457	0.168826
1458	0.168846
1459	0.168795
1460	0.168718
1461	0.168642
1462	0.168570
1463	0.168502
1464	0.168446
1465	0.168424
1466	0.168471
1467	0.168607
1468	0.168822
1469	0.169084
1470	0.169383
1471	0.169746
1472	0.170208
1473	0.170778
1474	0.171423
1475	0.172077
1476	0.172674
1477	0.173182
1478	0.173615
1479	0.174016
1480	0.174415
1481	0.174826
1482	0.175237
1483	0.175638
1484	0.176037
1485	0.176457
1486	0.176910
1487	0.177390
1488	0.177879
1489	0.178362
1490	0.178838
1491	0.179322
1492	0.179827
1493	0.180347
1494	0.180860
1495	0.181341
1496	0.181775
1497	0.182171
1498	0.182546
1499	0.182923
1500	0.183316
1501	0.183727
1502	0.184155
1503	0.184597
1504	0.185048
1505	0.185507
1506	0.185975
1507	0.186453
1508	0.186939
1509	0.187426
1510	0.187913
1511	0.188396
1512	0.188878
1513	0.189361
1514	0.189846
1515	0.190328
1516	0.190800
1517	0.191265
1518	0.191730
1519	0.192205
1520	0.192697
1521	0.193204
1522	0.193718
1523	0.194236
1524	0.194759
1525	0.195285
1526	0.195812
1527	0.196339
1528	0.196860
1529	0.197375
1530	0.197882
1531	0.198383
1532	0.198872
1533	0.199341
1534	0.199782
1535	0.200196
1536	0.200589
1537	0.200979
1538	0.201382
1539	0.201808
1540	0.202259
1541	0.202734
1542	0.203235
1543	0.203758
1544	0.204294
1545	0.204828
1546	0.205343
1547	0.205828
1548	0.206280
1549	0.206705
1550	0.207115
1551	0.207517
1552	0.207918
1553	0.208324
1554	0.208742
1555	0.209182
1556	0.209651
1557	0.210151
1558	0.210677
1559	0.211217
1560	0.211756
1561	0.212281
1562	0.212777
1563	0.213237
1564	0.213655
1565	0.214039
1566	0.214397
1567	0.214743
1568	0.215087
1569	0.215440
1570	0.215806
1571	0.216183
1572	0.216567
1573	0.216955
1574	0.217347
1575	0.217749
1576	0.218166
1577	0.218603
1578	0.219057
1579	0.219524
1580	0.219992
1581	0.220452
1582	0.220892
1583	0.221301
1584	0.221672
1585	0.222007
1586	0.222321
1587	0.222630
1588	0.222947
1589	0.223274
1590	0.223608
1591	0.223943
1592	0.224278
1593	0.224618
1594	0.224964
1595	0.225314
1596	0.225660
1597	0.225998
1598	0.226326
1599	0.226647
1600	0.226960
1601	0.227258
1602	0.227533
1603	0.227788
1604	0.228034
1605	0.228286
1606	0.228558
1607	0.228853
1608	0.229171
1609	0.229510
1610	0.229868
1611	0.230243
1612	0.230631
1613	0.231021
1614	0.231399
1615	0.231754
1616	0.232081
1617	0.232385
1618	0.232677
1619	0.232963
1620	0.233242
1621	0.233512
1622	0.233770
1623	0.234016
1624	0.234257
1625	0.234497
1626	0.234738
1627	0.234980
1628	0.235222
1629	0.235464
1630	0.235707
1631	0.235951
1632	0.236193
1633	0.236432
1634	0.236662
1635	0.236882
1636	0.237096
1637	0.237306
1638	0.237513
1639	0.237719
1640	0.237930
1641	0.238152
1642	0.238392
1643	0.238647
1644	0.238904
1645	0.239144
1646	0.239359
1647	0.239557
1648	0.239759
1649	0.239983
1650	0.240238
1651	0.240521
1652	0.240817
1653	0.241113
1654	0.241400
1655	0.241669
1656	0.241900
1657	0.242071
1658	0.242167
1659	0.242195
1660	0.242186
1661	0.242180
1662	0.242209
1663	0.242287
1664	0.242407
1665	0.242553
1666	0.242706
1667	0.242855
1668	0.242993
1669	0.243116
1670	0.243220
1671	0.243302
1672	0.243357
1673	0.243386
1674	0.243396
1675	0.243395
1676	0.243389
1677	0.243384
1678	0.243384
1679	0.243389
1680	0.243398
1681	0.243408
1682	0.243422
1683	0.243438
1684	0.243450
1685	0.243445
1686	0.243405
1687	0.243314
1688	0.243171
1689	0.242990
1690	0.242794
1691	0.242613
1692	0.242480
1693	0.242417
1694	0.242429
1695	0.242509
1696	0.242631
1697	0.242756
1698	0.242843
1699	0.242863
1700	0.242813
1701	0.242710
1702	0.242590
1703	0.242486
1704	0.242414
1705	0.242380
1706	0.242383
1707	0.242425
1708	0.242493
1709	0.242560
1710	0.242604
1711	0.242608
1712	0.242572
1713	0.242516
1714	0.242452
1715	0.242382
1716	0.242287
1717	0.242159
1718	0.242002
1719	0.241829
1720	0.241655
1721	0.241490
1722	0.241325
1723	0.241147
1724	0.240949
1725	0.240733
1726	0.240503
1727	0.240254
1728	0.239985
1729	0.239701
1730	0.239419
1731	0.239162
1732	0.238951
1733	0.238789
1734	0.238665
1735	0.238555
1736	0.238434
1737	0.238279
1738	0.238077
1739	0.237835
1740	0.237572
1741	0.237315
1742	0.237085
1743	0.236896
1744	0.236750
1745	0.236637
1746	0.236538
1747	0.236430
1748	0.236283
1749	0.236075
1750	0.235797
1751	0.235458
1752	0.235088
1753	0.234710
1754	0.234337
1755	0.233975
1756	0.233624
1757	0.233282
1758	0.232959
1759	0.232658
1760	0.232381
1761	0.232130
1762	0.231916
1763	0.231763
1764	0.231690
1765	0.231694
1766	0.231747
1767	0.231799
1768	0.231806
1769	0.231759
1770	0.231685
1771	0.231588
1772	0.231443
1773	0.231234
1774	0.230967
1775	0.230662
1776	0.230356
1777	0.230075
1778	0.229824
1779	0.229583
1780	0.229329
1781	0.229053
1782	0.228766
1783	0.228475
1784	0.228181
1785	0.227873
1786	0.227532
1787	0.227164
1788	0.226797
1789	0.226445
1790	0.226097
1791	0.225749
1792	0.225400
1793	0.225052
1794	0.224704
1795	0.224356
1796	0.224008
1797	0.223660
1798	0.223312
1799	0.222964
1800	0.222616
1801	0.222267
1802	0.221919
1803	0.221571
1804	0.221223
1805	0.220875
1806	0.220527
1807	0.220179
1808	0.219831
1809	0.219483
1810	0.219135
1811	0.218786
1812	0.218438
1813	0.218090
1814	0.217742
1815	0.217394
1816	0.217046
1817	0.216698
1818	0.216350
1819	0.216002
1820	0.215653
1821	0.215305
1822	0.214957
1823	0.214609
1824	0.214261
1825	0.213913
1826	0.213565
1827	0.213217
1828	0.212869
1829	0.212521
1830	0.212172
1831	0.211824
1832	0.211476
1833	0.211128
1834	0.210780
1835	0.210432
1836	0.210084
1837	0.209736
1838	0.209388
1839	0.209039
1840	0.208691
1841	0.208343
1842	0.207995
1843	0.207647
1844	0.207299
1845	0.206951
1846	0.206603
1847	0.206255
1848	0.205907
1849	0.205558
1850	0.205210
1851	0.204862
1852	0.204514
1853	0.204166
1854	0.203818
1855	0.203470
1856	0.203122
1857	0.202774
1858	0.202425
1859	0.202077
1860	0.201729
1861	0.201381
1862	0.201033
1863	0.200685
1864	0.200337
1865	0.199989
1866	0.199641
1867	0.199293
1868	0.198944
1869	0.198596
1870	0.198248
1871	0.197900
1872	0.197552
1873	0.197204
1874	0.196856
1875	0.196508
1876	0.196160
1877	0.195811
1878	0.195463
1879	0.195115
1880	0.194767
1881	0.194419
1882	0.194071
1883	0.193723
1884	0.193375
1885	0.193027
1886	0.192679
1887	0.192330
1888	0.191982
1889	0.191634
1890	0.191286
1891	0.190938
1892	0.190590
1893	0.190242
1894	0.189894
1895	0.189546
1896	0.189197
1897	0.188849
1898	0.188501
1899	0.188153
1900	0.187805
1901	0.187457
1902	0.187109
1903	0.186761
1904	0.186413
1905	0.186065
1906	0.185716
1907	0.185368
1908	0.185020
1909	0.184672
1910	0.184324
1911	0.183976
1912	0.183628
1913	0.183280
1914	0.182932
1915	0.182583
1916	0.182235
1917	0.181887
1918	0.181539
1919	0.181191
1920	0.180843
1921	0.180495
1922	0.180147
1923	0.179799
1924	0.179450
1925	0.179102
1926	0.178754
1927	0.178406
1928	0.178058
1929	0.177710
1930	0.177362
1931	0.177014
1932	0.176666
1933	0.176318
1934	0.175969
1935	0.175621
1936	0.175273
1937	0.174925
1938	0.174577
1939	0.174229
1940	0.173881
1941	0.173531
1942	0.173176
1943	0.172822
1944	0.172475
1945	0.172141
1946	0.171819
1947	0.171504
1948	0.171190
1949	0.170867
1950	0.170533
1951	0.170182
1952	0.169814
1953	0.169427
1954	0.169023
1955	0.168607
1956	0.168188
1957	0.167778
1958	0.167385
1959	0.167013
1960	0.166657
1961	0.166316
1962	0.165989
1963	0.165678
1964	0.165382
1965	0.165103
1966	0.164841
1967	0.164597
1968	0.164371
1969	0.164164
1970	0.163975
1971	0.163807
1972	0.163659
1973	0.163532
1974	0.163427
1975	0.163344
1976	0.163283
1977	0.163245
1978	0.163232
1979	0.163242
1980	0.163278
1981	0.163339
1982	0.163425
1983	0.163539
1984	0.163679
1985	0.163847
1986	0.164044
1987	0.164269
1988	0.164524
1989	0.164808
1990	0.165123
1991	0.165469
1992	0.165846
1993	0.166256
1994	0.166698
1995	0.167174
1996	0.167683
1997	0.168227
1998	0.168806
1999	0.169420
2000	0.170070
2001	0.170757
2002	0.171497
2003	0.172334
2004	0.173263
2005	0.174173
2006	0.174947
2007	0.175545
2008	0.176009
2009	0.176445
2010	0.176963
2011	0.177588
2012	0.178261
2013	0.178914
2014	0.179506
2015	0.180005
2016	0.180373
2017	0.180539
2018	0.180417
2019	0.179975
2020	0.179297
2021	0.178594
2022	0.178082
2023	0.177852
2024	0.177903
2025	0.178188
2026	0.178629
2027	0.179165
2028	0.179743
2029	0.180268
2030	0.180624
2031	0.180751
2032	0.180661
2033	0.180422
2034	0.180131
2035	0.179884
2036	0.179748
2037	0.179778
2038	0.180007
2039	0.180414
2040	0.180933
2041	0.181463
2042	0.181904
2043	0.182197
2044	0.182351
2045	0.182437
2046	0.182549
2047	0.182771
2048	0.183138
2049	0.183641
2050	0.184234
2051	0.184847
2052	0.185374
2053	0.185703
2054	0.185826
2055	0.185829
2056	0.185840
2057	0.185975
2058	0.186303
2059	0.186838
2060	0.187542
2061	0.188354
2062	0.189200
2063	0.189997
2064	0.190668
2065	0.191167
2066	0.191482
2067	0.191655
2068	0.191769
2069	0.191912
2070	0.192116
2071	0.192342
2072	0.192570
2073	0.192802
2074	0.193035
2075	0.193272
2076	0.193510
2077	0.193752
2078	0.193996
2079	0.194242
2080	0.194491
2081	0.194743
2082	0.194997
2083	0.195254
2084	0.195513
2085	0.195775
2086	0.196039
2087	0.196306
2088	0.196575
2089	0.196846
2090	0.197119
2091	0.197394
2092	0.197672
2093	0.197951
2094	0.198233
2095	0.198516
2096	0.198800
2097	0.199086
2098	0.199374
2099	0.199663
2100	0.199953
2101	0.200244
2102	0.200536
2103	0.200828
2104	0.201122
2105	0.201415
2106	0.201709
2107	0.202002
2108	0.202296
2109	0.202589
2110	0.202882
2111	0.203174
2112	0.203465
2113	0.203754
2114	0.204043
2115	0.204329
2116	0.204614
2117	0.204897
2118	0.205177
2119	0.205455
2120	0.205729
2121	0.206001
2122	0.206269
2123	0.206534
2124	0.206794
2125	0.207050
2126	0.207301
2127	0.207548
2128	0.207789
2129	0.208025
2130	0.208255
2131	0.208478
2132	0.208695
2133	0.208905
2134	0.209108
2135	0.209303
2136	0.209491
2137	0.209669
2138	0.209839
2139	0.210000
2140	0.210152
2141	0.210293
2142	0.210424
2143	0.210544
2144	0.210653
2145	0.210751
2146	0.210836
2147	0.210909
2148	0.210969
2149	0.211016
2150	0.211049
2151	0.211067
2152	0.211085
2153	0.211124
2154	0.211150
2155	0.211101
2156	0.210935
2157	0.210649
2158	0.210280
2159	0.209882
2160	0.209514
2161	0.209217
2162	0.209024
2163	0.208960
2164	0.209044
2165	0.209276
2166	0.209629
2167	0.210045
2168	0.210446
2169	0.210766
2170	0.210992
2171	0.211163
2172	0.211300
2173	0.211405
2174	0.211481
2175	0.211530
2176	0.211554
2177	0.211555
2178	0.211536
2179	0.211497
2180	0.211442
2181	0.211373
2182	0.211290
2183	0.211196
2184	0.211092
2185	0.210980
2186	0.210862
2187	0.210738
2188	0.210611
2189	0.210482
2190	0.210352
2191	0.210222
2192	0.210093
2193	0.209967
2194	0.209844
2195	0.209725
2196	0.209612
2197	0.209504
2198	0.209404
2199	0.209311
2200	0.209225
2201	0.209149
2202	0.209081
2203	0.209023
2204	0.208975
2205	0.208937
2206	0.208909
2207	0.208892
2208	0.208885
2209	0.208888
2210	0.208902
2211	0.208926
2212	0.208961
2213	0.209005
2214	0.209059
2215	0.209121
2216	0.209193
2217	0.209273
2218	0.209360
2219	0.209454
2220	0.209554
2221	0.209659
2222	0.209770
2223	0.209883
2224	0.209999
2225	0.210117
2226	0.210235
2227	0.210352
2228	0.210468
2229	0.210579
2230	0.210686
2231	0.210787
2232	0.210880
2233	0.210964
2234	0.211036
2235	0.211096
2236	0.211142
2237	0.211170
2238	0.211181
2239	0.211171
2240	0.211139
2241	0.211082
2242	0.210999
2243	0.210886
2244	0.210742
2245	0.210565
2246	0.210351
2247	0.210099
2248	0.209805
2249	0.209468
2250	0.209083
2251	0.208650
2252	0.208158
2253	0.207585
2254	0.206903
2255	0.206119
2256	0.205286
2257	0.204485
2258	0.203806
2259	0.203325
2260	0.203089
2261	0.203114
2262	0.203394
2263	0.203892
2264	0.204548
2265	0.205276
2266	0.205983
2267	0.206584
2268	0.207031
2269	0.207323
2270	0.207491
2271	0.207565
2272	0.207560
2273	0.207480
2274	0.207333
2275	0.207125
2276	0.206861
2277	0.206548
2278	0.206191
2279	0.205795
2280	0.205365
2281	0.204907
2282	0.204426
2283	0.203925
2284	0.203410
2285	0.202885
2286	0.202354
2287	0.201820
2288	0.201288
2289	0.200761
2290	0.200243
2291	0.199736
2292	0.199243
2293	0.198768
2294	0.198313
2295	0.197881
2296	0.197473
2297	0.197091
2298	0.196738
2299	0.196416
2300	0.196125
2301	0.195867
2302	0.195644
2303	0.195456
2304	0.195303
2305	0.195187
2306	0.195108
2307	0.195065
2308	0.195060
2309	0.195092
2310	0.195160
2311	0.195264
2312	0.195404
2313	0.195578
2314	0.195785
2315	0.196024
2316	0.196293
2317	0.196592
2318	0.196917
2319	0.197267
2320	0.197640
2321	0.198034
2322	0.198445
2323	0.198871
2324	0.199309
2325	0.199756
2326	0.200209
2327	0.200664
2328	0.201117
2329	0.201565
2330	0.202003
2331	0.202427
2332	0.202833
2333	0.203216
2334	0.203572
2335	0.203895
2336	0.204180
2337	0.204421
2338	0.204614
2339	0.204753
2340	0.204831
2341	0.204842
2342	0.204781
2343	0.204640
2344	0.204414
2345	0.204094
2346	0.203675
2347	0.203148
2348	0.202508
2349	0.201745
2350	0.200852
2351	0.199821
2352	0.198623
2353	0.197200
2354	0.195561
2355	0.193776
2356	0.191935
2357	0.190113
2358	0.188354
2359	0.186671
2360	0.185056
2361	0.183494
2362	0.181962
2363	0.180420
2364	0.178806
2365	0.177059
2366	0.175130
2367	0.173017
2368	0.170763
2369	0.168437
2370	0.166080
2371	0.163667
2372	0.161182
2373	0.158625
2374	0.155997
2375	0.153296
2376	0.150523
2377	0.147677
2378	0.144760
2379	0.141771
2380	0.138710
2381	0.135576
2382	0.132371
2383	0.129093
2384	0.125744
2385	0.122322
2386	0.118828
2387	0.115262
2388	0.111624
2389	0.107914
2390	0.104132
2391	0.100278
2392	0.096352
2393	0.092354
2394	0.088283
2395	0.084141
2396	0.079926
2397	0.075640
2398	0.071281
2399	0.066850
2400	0.062347
2401	0.057773
2402	0.053126
2403	0.048407
2404	0.043615
2405	0.038752
2406	0.033817
2407	0.028810
2408	0.023730
2409	0.018579
2410	0.013355
2411	0.008059
2412	0.002692
2413	-0.002748
2414	-0.008260
2415	-0.013844
2416	-0.019500
2417	-0.025228
2418	-0.031028
2419	-0.036900
2420	-0.042845
2421	-0.048861
2422	-0.054950
2423	-0.061110
2424	-0.067343
2425	-0.073647
2426	-0.080024
2427	-0.086473
2428	-0.092994
2429	-0.099587
2430	-0.106252
2431	-0.112989
2432	-0.119798
2433	-0.126680
2434	-0.133633
2435	-0.140658
2436	-0.147756
2437	-0.154925
2438	-0.162167
2439	-0.169481
2440	-0.176867
2441	-0.184324
2442	-0.191854
2443	-0.199456
2444	-0.207131
2445	-0.214877
2446	-0.222695
2447	-0.230585
2448	-0.238548
2449	-0.246582
2450	-0.254689
2451	-0.262867
2452	-0.271118
2453	-0.279441
2454	-0.287836
2455	-0.296303
2456	-0.304842
2457	-0.313453
2458	-0.322136
2459	-0.330891
2460	-0.339718
2461	-0.348618
2462	-0.357589
2463	-0.366633
2464	-0.375748
2465	-0.384936
2466	-0.394196
2467	-0.403527
2468	-0.412931
2469	-0.422407
2470	-0.431955
2471	-0.441575
2472	-0.451268
2473	-0.461032
2474	-0.470868
2475	-0.480777
2476	-0.490757
2477	-0.500810
2478	-0.510934
2479	-0.521131
2480	-0.531400
2481	-0.541741
2482	-0.552154
2483	-0.562639
2484	-0.573196
2485	-0.583825
2486	-0.594526
2487	-0.605299
2488	-0.616145
2489	-0.627062
2490	-0.638052
2491	-0.649113
2492	-0.660247
2493	-0.671453
2494	-0.682731
2495	-0.694081
2496	-0.705503
2497	-0.716997
2498	-0.728563
2499	-0.740201
2500	-0.751911
