350	0.044989
351	0.045235
352	0.045479
353	0.045720
354	0.045960
355	0.046198
356	0.046436
357	0.046673
358	0.046909
359	0.047141
360	0.047367
361	0.047619
362	0.047888
363	0.048167
364	0.048436
365	0.048686
366	0.048915
367	0.049133
368	0.049354
369	0.049588
370	0.049838
371	0.050109
372	0.050406
373	0.050732
374	0.051083
375	0.051446
376	0.051809
377	0.052168
378	0.052523
379	0.052880
380	0.053253
381	0.053650
382	0.054066
383	0.054492
384	0.054920
385	0.055346
386	0.055766
387	0.056177
388	0.056585
389	0.056996
390	0.057416
391	0.057846
392	0.058290
393	0.058747
394	0.059210
395	0.059667
396	0.060106
397	0.060520
398	0.060910
399	0.061279
400	0.061631
401	0.061971
402	0.062305
403	0.062638
404	0.062978
405	0.063329
406	0.063697
407	0.064083
408	0.064481
409	0.064886
410	0.065295
411	0.065708
412	0.066124
413	0.066539
414	0.066949
415	0.067355
416	0.067757
417	0.068160
418	0.068569
419	0.068987
420	0.069416
421	0.069853
422	0.070291
423	0.070728
424	0.071167
425	0.071610
426	0.072058
427	0.072515
428	0.072981
429	0.073456
430	0.073938
431	0.074423
432	0.074909
433	0.075393
434	0.075870
435	0.076339
436	0.076800
437	0.077257
438	0.077717
439	0.078180
440	0.078648
441	0.079119
442	0.079594
443	0.080071
444	0.080545
445	0.081016
446	0.081485
447	0.081952
448	0.082415
449	0.082875
450	0.083330
451	0.083781
452	0.084226
453	0.084666
454	0.085098
455	0.085520
456	0.085929
457	0.086325
458	0.086709
459	0.087082
460	0.087446
461	0.087800
462	0.088145
463	0.088483
464	0.088815
465	0.089144
466	0.089469
467	0.089790
468	0.090107
469	0.090420
470	0.090730
471	0.091042
472	0.091358
473	0.091679
474	0.092004
475	0.092331
476	0.092662
477	0.092996
478	0.093333
479	0.093673
480	0.094018
481	0.094367
482	0.094723
483	0.095089
484	0.095464
485	0.095849
486	0.096245
487	0.096653
488	0.097073
489	0.097504
490	0.097944
491	0.098393
492	0.098851
493	0.099318
494	0.099795
495	0.100282
496	0.100782
497	0.101295
498	0.101825
499	0.102370
500	0.102929
501	0.103500
502	0.104082
503	0.104679
504	0.105292
505	0.105924
506	0.106574
507	0.107241
508	0.107925
509	0.108628
510	0.109352
511	0.110099
512	0.110867
513	0.111654
514	0.112459
515	0.113283
516	0.114127
517	0.114992
518	0.115877
519	0.116775
520	0.117680
521	0.118589
522	0.119498
523	0.120404
524	0.121305
525	0.122198
526	0.123081
527	0.123950
528	0.124803
529	0.125641
530	0.126463
531	0.127271
532	0.128064
533	0.128842
534	0.129607
535	0.130357
536	0.131090
537	0.131804
538	0.132500
539	0.133181
540	0.133850
541	0.134512
542	0.135171
543	0.135830
544	0.136492
545	0.137160
546	0.137838
547	0.138524
548	0.139218
549	0.139917
550	0.140617
551	0.141322
552	0.142033
553	0.142752
554	0.143471
555	0.144180
556	0.144861
557	0.145495
558	0.146062
559	0.146540
560	0.146916
561	0.147189
562	0.147368
563	0.147481
564	0.147557
565	0.147626
566	0.147711
567	0.147820
568	0.147957
569	0.148126
570	0.148329
571	0.148569
572	0.148852
573	0.149186
574	0.149581
575	0.150041
576	0.150559
577	0.151110
578	0.151656
579	0.152159
580	0.152589
581	0.152936
582	0.153213
583	0.153449
584	0.153685
585	0.153957
586	0.154295
587	0.154711
588	0.155196
589	0.155722
590	0.156256
591	0.156767
592	0.157236
593	0.157657
594	0.158036
595	0.158384
596	0.158709
597	0.159017
598	0.159314
599	0.159599
600	0.159871
601	0.160125
602	0.160361
603	0.160582
604	0.160795
605	0.161011
606	0.161236
607	0.161470
608	0.161707
609	0.161940
610	0.162164
611	0.162376
612	0.162574
613	0.162763
614	0.162948
615	0.163132
616	0.163322
617	0.163524
618	0.163742
619	0.163974
620	0.164221
621	0.164482
622	0.164756
623	0.165046
624	0.165349
625	0.165664
626	0.165985
627	0.166308
628	0.166631
629	0.166951
630	0.167263
631	0.167565
632	0.167853
633	0.168124
634	0.168373
635	0.168602
636	0.168811
637	0.169001
638	0.169168
639	0.169311
640	0.169430
641	0.169526
642	0.169602
643	0.169666
644	0.169726
645	0.169787
646	0.169855
647	0.169934
648	0.170029
649	0.170144
650	0.170280
651	0.170432
652	0.170593
653	0.170758
654	0.170921
655	0.171075
656	0.171213
657	0.171332
658	0.171429
659	0.171502
660	0.171552
661	0.171584
662	0.171606
663	0.171628
664	0.171661
665	0.171711
666	0.171784
667	0.171885
668	0.172012
669	0.172164
670	0.172338
671	0.172535
672	0.172753
673	0.172993
674	0.173252
675	0.173535
676	0.173845
677	0.174189
678	0.174573
679	0.175003
680	0.175485
681	0.176031
682	0.176655
683	0.177369
684	0.178184
685	0.179105
686	0.180135
687	0.181276
688	0.182529
689	0.183899
690	0.185387
691	0.186996
692	0.188723
693	0.190562
694	0.192509
695	0.194562
696	0.196713
697	0.198949
698	0.201251
699	0.203597
700	0.205969
701	0.208355
702	0.210744
703	0.213128
704	0.215501
705	0.217856
706	0.220193
707	0.222514
708	0.224825
709	0.227129
710	0.229425
711	0.231703
712	0.233961
713	0.236207
714	0.238454
715	0.240709
716	0.242974
717	0.245247
718	0.247521
719	0.249791
720	0.252050
721	0.254284
722	0.256483
723	0.258635
724	0.260729
725	0.262762
726	0.264739
727	0.266667
728	0.268548
729	0.270376
730	0.272148
731	0.273865
732	0.275522
733	0.277118
734	0.278650
735	0.280122
736	0.281536
737	0.282894
738	0.284197
739	0.285440
740	0.286621
741	0.287741
742	0.288802
743	0.289809
744	0.290767
745	0.291679
746	0.292547
747	0.293372
748	0.294159
749	0.294918
750	0.295645
751	0.296316
752	0.296925
753	0.297517
754	0.298149
755	0.298842
756	0.299579
757	0.300332
758	0.301064
759	0.301746
760	0.302359
761	0.302891
762	0.303332
763	0.303680
764	0.303947
765	0.304168
766	0.304396
767	0.304688
768	0.305068
769	0.305506
770	0.305957
771	0.306406
772	0.306860
773	0.307311
774	0.307749
775	0.308179
776	0.308607
777	0.309033
778	0.309458
779	0.309878
780	0.310291
781	0.310693
782	0.311087
783	0.311472
784	0.311852
785	0.312228
786	0.312604
787	0.312982
788	0.313364
789	0.313754
790	0.314147
791	0.314536
792	0.314917
793	0.315288
794	0.315651
795	0.316008
796	0.316361
797	0.316711
798	0.317060
799	0.317411
800	0.317768
801	0.318130
802	0.318497
803	0.318864
804	0.319227
805	0.319586
806	0.319940
807	0.320289
808	0.320632
809	0.320966
810	0.321290
811	0.321612
812	0.321934
813	0.322251
814	0.322552
815	0.322844
816	0.323143
817	0.323464
818	0.323800
819	0.324138
820	0.324468
821	0.324798
822	0.325135
823	0.325481
824	0.325829
825	0.326171
826	0.326501
827	0.326820
828	0.327132
829	0.327446
830	0.327769
831	0.328092
832	0.328399
833	0.328689
834	0.328977
835	0.329276
836	0.329588
837	0.329907
838	0.330231
839	0.330560
840	0.330892
841	0.331222
842	0.331551
843	0.331885
844	0.332222
845	0.332556
846	0.332881
847	0.333200
848	0.333524
849	0.333851
850	0.334172
851	0.334478
852	0.334765
853	0.335035
854	0.335294
855	0.335551
856	0.335810
857	0.336068
858	0.336329
859	0.336606
860	0.336912
861	0.337247
862	0.337594
863	0.337928
864	0.338231
865	0.338502
866	0.338754
867	0.338994
868	0.339229
869	0.339462
870	0.339696
871	0.339938
872	0.340198
873	0.340484
874	0.340793
875	0.341104
876	0.341397
877	0.341668
878	0.341920
879	0.342158
880	0.342389
881	0.342624
882	0.342866
883	0.343110
884	0.343351
885	0.343587
886	0.343822
887	0.344058
888	0.344289
889	0.344514
890	0.344736
891	0.344964
892	0.345205
893	0.345465
894	0.345745
895	0.346040
896	0.346328
897	0.346581
898	0.346779
899	0.346922
900	0.347033
901	0.347143
902	0.347276
903	0.347447
904	0.347660
905	0.347913
906	0.348199
907	0.348514
908	0.348852
909	0.349198
910	0.349526
911	0.349800
912	0.349996
913	0.350161
914	0.350381
915	0.350713
916	0.351157
917	0.351666
918	0.352180
919	0.352647
920	0.353032
921	0.353311
922	0.353462
923	0.353458
924	0.353285
925	0.352963
926	0.352556
927	0.352153
928	0.351831
929	0.351609
930	0.351445
931	0.351317
932	0.351224
933	0.351165
934	0.351137
935	0.351141
936	0.351175
937	0.351237
938	0.351326
939	0.351441
940	0.351581
941	0.351744
942	0.351929
943	0.352134
944	0.352360
945	0.352603
946	0.352863
947	0.353139
948	0.353429
949	0.353732
950	0.354047
951	0.354373
952	0.354707
953	0.355050
954	0.355399
955	0.355754
956	0.356113
957	0.356474
958	0.356837
959	0.357200
960	0.357562
961	0.357922
962	0.358278
963	0.358629
964	0.358974
965	0.359312
966	0.359641
967	0.359959
968	0.360267
969	0.360562
970	0.360843
971	0.361108
972	0.361358
973	0.361589
974	0.361802
975	0.361994
976	0.362165
977	0.362313
978	0.362437
979	0.362535
980	0.362606
981	0.362650
982	0.362685
983	0.362750
984	0.362818
985	0.362807
986	0.362631
987	0.362230
988	0.361588
989	0.360722
990	0.359670
991	0.358475
992	0.357186
993	0.355861
994	0.354570
995	0.353375
996	0.352312
997	0.351372
998	0.350499
999	0.349622
1000	0.348708
1001	0.347788
1002	0.346883
1003	0.345997
1004	0.345131
1005	0.344288
1006	0.343471
1007	0.342681
1008	0.341922
1009	0.341194
1010	0.340501
1011	0.339843
1012	0.339222
1013	0.338639
1014	0.338096
1015	0.337593
1016	0.337132
1017	0.336714
1018	0.336339
1019	0.336007
1020	0.335720
1021	0.335477
1022	0.335278
1023	0.335124
1024	0.335013
1025	0.334947
1026	0.334923
1027	0.334943
1028	0.335004
1029	0.335106
1030	0.335248
1031	0.335428
1032	0.335643
1033	0.335891
1034	0.336172
1035	0.336492
1036	0.336854
1037	0.337258
1038	0.337705
1039	0.338187
1040	0.338699
1041	0.339229
1042	0.339769
1043	0.340305
1044	0.340826
1045	0.341324
1046	0.341791
1047	0.342227
1048	0.342635
1049	0.343018
1050	0.343378
1051	0.343717
1052	0.344036
1053	0.344335
1054	0.344616
1055	0.344879
1056	0.345126
1057	0.345356
1058	0.345571
1059	0.345772
1060	0.345960
1061	0.346136
1062	0.346300
1063	0.346454
1064	0.346598
1065	0.346733
1066	0.346861
1067	0.346981
1068	0.347095
1069	0.347205
1070	0.347309
1071	0.347411
1072	0.347510
1073	0.347607
1074	0.347704
1075	0.347801
1076	0.347899
1077	0.347999
1078	0.348102
1079	0.348208
1080	0.348319
1081	0.348436
1082	0.348559
1083	0.348690
1084	0.348829
1085	0.348977
1086	0.349135
1087	0.349304
1088	0.349484
1089	0.349678
1090	0.349885
1091	0.350106
1092	0.350350
1093	0.350633
1094	0.350950
1095	0.351280
1096	0.351588
1097	0.351841
1098	0.352021
1099	0.352123
1100	0.352152
1101	0.352119
1102	0.352037
1103	0.351935
1104	0.351856
1105	0.351852
1106	0.351973
1107	0.352236
1108	0.352626
1109	0.353095
1110	0.353592
1111	0.354087
1112	0.354549
1113	0.354938
1114	0.355203
1115	0.355305
1116	0.355219
1117	0.354949
1118	0.354523
1119	0.353976
1120	0.353325
1121	0.352602
1122	0.351857
1123	0.351156
1124	0.350581
1125	0.350197
1126	0.350007
1127	0.349955
1128	0.349961
1129	0.349959
1130	0.349901
1131	0.349757
1132	0.349509
1133	0.349149
1134	0.348695
1135	0.348204
1136	0.347769
1137	0.347480
1138	0.347379
1139	0.347454
1140	0.347641
1141	0.347849
1142	0.347996
1143	0.348030
1144	0.347899
1145	0.347569
1146	0.347033
1147	0.346319
1148	0.345490
1149	0.344631
1150	0.343828
1151	0.343139
1152	0.342597
1153	0.342210
1154	0.341966
1155	0.341849
1156	0.341842
1157	0.341923
1158	0.342072
1159	0.342269
1160	0.342506
1161	0.342778
1162	0.343082
1163	0.343411
1164	0.343750
1165	0.344078
1166	0.344379
1167	0.344653
1168	0.344909
1169	0.345160
1170	0.345415
1171	0.345667
1172	0.345904
1173	0.346114
1174	0.346291
1175	0.346444
1176	0.346581
1177	0.346706
1178	0.346820
1179	0.346921
1180	0.347006
1181	0.347079
1182	0.347148
1183	0.347213
1184	0.347271
1185	0.347316
1186	0.347344
1187	0.347363
1188	0.347389
1189	0.347441
1190	0.347534
1191	0.347672
1192	0.347853
1193	0.348070
1194	0.348311
1195	0.348564
1196	0.348817
1197	0.349056
1198	0.349268
1199	0.349448
1200	0.349598
1201	0.349731
1202	0.349864
1203	0.350012
1204	0.350185
1205	0.350383
1206	0.350598
1207	0.350822
1208	0.351048
1209	0.351273
1210	0.351497
1211	0.351727
1212	0.351967
1213	0.352221
1214	0.352489
1215	0.352768
1216	0.353055
1217	0.353345
1218	0.353635
1219	0.353924
1220	0.354209
1221	0.354491
1222	0.354771
1223	0.355052
1224	0.355331
1225	0.355604
1226	0.355865
1227	0.356110
1228	0.356341
1229	0.356565
1230	0.356794
1231	0.357041
1232	0.357314
1233	0.357614
1234	0.357936
1235	0.358277
1236	0.358628
1237	0.358984
1238	0.359334
1239	0.359670
1240	0.359986
1241	0.360279
1242	0.360545
1243	0.360784
1244	0.360998
1245	0.361193
1246	0.361380
1247	0.361574
1248	0.361785
1249	0.362017
1250	0.362266
1251	0.362525
1252	0.362781
1253	0.363025
1254	0.363253
1255	0.363466
1256	0.363670
1257	0.363873
1258	0.364075
1259	0.364270
1260	0.364449
1261	0.364608
1262	0.364742
1263	0.364848
1264	0.364917
1265	0.364942
1266	0.364923
1267	0.364874
1268	0.364822
1269	0.364801
1270	0.364836
1271	0.364931
1272	0.365080
1273	0.365270
1274	0.365494
1275	0.365743
1276	0.366005
1277	0.366253
1278	0.366464
1279	0.366623
1280	0.366730
1281	0.366802
1282	0.366858
1283	0.366915
1284	0.366982
1285	0.367058
1286	0.367139
1287	0.367216
1288	0.367288
1289	0.367354
1290	0.367415
1291	0.367477
1292	0.367541
1293	0.367603
1294	0.367660
1295	0.367708
1296	0.367746
1297	0.367771
1298	0.367785
1299	0.367785
1300	0.367773
1301	0.367755
1302	0.367738
1303	0.367722
1304	0.367704
1305	0.367682
1306	0.367643
1307	0.367566
1308	0.367440
1309	0.367264
1310	0.367049
1311	0.366812
1312	0.366571
1313	0.366344
1314	0.366140
1315	0.365963
1316	0.365811
1317	0.365679
1318	0.365561
1319	0.365450
1320	0.365336
1321	0.365204
1322	0.365048
1323	0.364875
1324	0.364688
1325	0.364488
1326	0.364274
1327	0.364046
1328	0.363804
1329	0.363547
1330	0.363276
1331	0.362989
1332	0.362688
1333	0.362372
1334	0.362040
1335	0.361692
1336	0.361329
1337	0.360949
1338	0.360553
1339	0.360141
1340	0.359713
1341	0.359267
1342	0.358805
1343	0.358325
1344	0.357828
1345	0.357313
1346	0.356780
1347	0.356230
1348	0.355661
1349	0.355074
1350	0.354468
1351	0.353844
1352	0.353200
1353	0.352537
1354	0.351855
1355	0.351154
1356	0.350432
1357	0.349691
1358	0.348930
1359	0.348148
1360	0.347345
1361	0.346522
1362	0.345678
1363	0.344813
1364	0.343926
1365	0.343012
1366	0.342056
1367	0.341064
1368	0.340060
1369	0.339072
1370	0.338122
1371	0.337220
1372	0.336370
1373	0.335565
1374	0.334798
1375	0.334061
1376	0.333339
1377	0.332612
1378	0.331863
1379	0.331079
1380	0.330260
1381	0.329421
1382	0.328582
1383	0.327757
1384	0.326936
1385	0.326115
1386	0.325295
1387	0.324474
1388	0.323654
1389	0.322833
1390	0.322012
1391	0.321176
1392	0.320302
1393	0.319425
1394	0.318612
1395	0.317905
1396	0.317304
1397	0.316767
1398	0.316236
1399	0.315653
1400	0.314975
1401	0.314178
1402	0.313241
1403	0.312152
1404	0.310920
1405	0.309582
1406	0.308208
1407	0.306884
1408	0.305682
1409	0.304616
1410	0.303643
1411	0.302740
1412	0.301905
1413	0.301136
1414	0.300431
1415	0.299787
1416	0.299203
1417	0.298677
1418	0.298206
1419	0.297787
1420	0.297420
1421	0.297102
1422	0.296830
1423	0.296603
1424	0.296419
1425	0.296274
1426	0.296168
1427	0.296098
1428	0.296061
1429	0.296057
1430	0.296082
1431	0.296134
1432	0.296212
1433	0.296313
1434	0.296435
1435	0.296575
1436	0.296733
1437	0.296905
1438	0.297090
1439	0.297285
1440	0.297488
1441	0.297697
1442	0.297910
1443	0.298125
1444	0.298340
1445	0.298552
1446	0.298759
1447	0.298960
1448	0.299152
1449	0.299332
1450	0.299500
1451	0.299652
1452	0.299786
1453	0.299896
1454	0.299970
1455	0.300003
1456	0.300011
1457	0.300023
1458	0.300067
1459	0.300157
1460	0.300296
1461	0.300467
1462	0.300636
1463	0.300767
1464	0.300829
1465	0.300799
1466	0.300674
1467	0.300470
1468	0.300225
1469	0.300008
1470	0.299912
1471	0.300027
1472	0.300394
1473	0.300997
1474	0.301768
1475	0.302619
1476	0.303465
1477	0.304238
1478	0.304898
1479	0.305427
1480	0.305823
1481	0.306113
1482	0.306347
1483	0.306592
1484	0.306908
1485	0.307320
1486	0.307813
1487	0.308349
1488	0.308894
1489	0.309432
1490	0.309966
1491	0.310499
1492	0.311028
1493	0.311553
1494	0.312083
1495	0.312630
1496	0.313205
1497	0.313807
1498	0.314422
1499	0.315025
1500	0.315604
1501	0.316158
1502	0.316694
1503	0.317227
1504	0.317771
1505	0.318338
1506	0.318929
1507	0.319540
1508	0.320159
1509	0.320765
1510	0.321336
1511	0.321856
1512	0.322323
1513	0.322748
1514	0.323153
1515	0.323562
1516	0.323995
1517	0.324466
1518	0.324980
1519	0.325532
1520	0.326109
1521	0.326691
1522	0.327259
1523	0.327800
1524	0.328314
1525	0.328805
1526	0.329285
1527	0.329762
1528	0.330242
1529	0.330726
1530	0.331214
1531	0.331702
1532	0.332183
1533	0.332649
1534	0.333094
1535	0.333515
1536	0.333915
1537	0.334305
1538	0.334696
1539	0.335098
1540	0.335512
1541	0.335938
1542	0.336381
1543	0.336847
1544	0.337338
1545	0.337852
1546	0.338375
1547	0.338887
1548	0.339374
1549	0.339834
1550	0.340274
1551	0.340702
1552	0.341121
1553	0.341529
1554	0.341926
1555	0.342318
1556	0.342720
1557	0.343143
1558	0.343590
1559	0.344051
1560	0.344512
1561	0.344962
1562	0.345401
1563	0.345831
1564	0.346257
1565	0.346677
1566	0.347085
1567	0.347473
1568	0.347837
1569	0.348177
1570	0.348494
1571	0.348794
1572	0.349081
1573	0.349358
1574	0.349627
1575	0.349893
1576	0.350157
1577	0.350424
1578	0.350701
1579	0.350994
1580	0.351313
1581	0.351663
1582	0.352046
1583	0.352461
1584	0.352903
1585	0.353365
1586	0.353840
1587	0.354313
1588	0.354762
1589	0.355168
1590	0.355524
1591	0.355842
1592	0.356147
1593	0.356466
1594	0.356809
1595	0.357172
1596	0.357543
1597	0.357912
1598	0.358280
1599	0.358651
1600	0.359025
1601	0.359397
1602	0.359760
1603	0.360119
1604	0.360489
1605	0.360879
1606	0.361289
1607	0.361707
1608	0.362117
1609	0.362511
1610	0.362890
1611	0.363261
1612	0.363632
1613	0.364003
1614	0.364371
1615	0.364742
1616	0.365118
1617	0.365506
1618	0.365906
1619	0.366319
1620	0.366739
1621	0.367158
1622	0.367568
1623	0.367959
1624	0.368322
1625	0.368653
1626	0.368961
1627	0.369251
1628	0.369527
1629	0.369791
1630	0.370046
1631	0.370300
1632	0.370565
1633	0.370853
1634	0.371168
1635	0.371502
1636	0.371842
1637	0.372176
1638	0.372494
1639	0.372789
1640	0.373050
1641	0.373270
1642	0.373451
1643	0.373606
1644	0.373768
1645	0.373967
1646	0.374225
1647	0.374543
1648	0.374906
1649	0.375291
1650	0.375675
1651	0.376038
1652	0.376367
1653	0.376657
1654	0.376912
1655	0.377145
1656	0.377369
1657	0.377595
1658	0.377825
1659	0.378046
1660	0.378234
1661	0.378362
1662	0.378412
1663	0.378375
1664	0.378257
1665	0.378080
1666	0.377866
1667	0.377643
1668	0.377440
1669	0.377282
1670	0.377184
1671	0.377153
1672	0.377184
1673	0.377263
1674	0.377374
1675	0.377503
1676	0.377637
1677	0.377761
1678	0.377856
1679	0.377912
1680	0.377930
1681	0.377917
1682	0.377878
1683	0.377812
1684	0.377714
1685	0.377585
1686	0.377439
1687	0.377293
1688	0.377158
1689	0.377032
1690	0.376910
1691	0.376785
1692	0.376656
1693	0.376535
1694	0.376441
1695	0.376388
1696	0.376377
1697	0.376404
1698	0.376459
1699	0.376531
1700	0.376607
1701	0.376668
1702	0.376694
1703	0.376673
1704	0.376599
1705	0.376479
1706	0.376323
1707	0.376146
1708	0.375975
1709	0.375837
1710	0.375749
1711	0.375711
1712	0.375705
1713	0.375701
1714	0.375672
1715	0.375609
1716	0.375524
1717	0.375435
1718	0.375357
1719	0.375288
1720	0.375214
1721	0.375117
1722	0.374991
1723	0.374845
1724	0.374694
1725	0.374549
1726	0.374428
1727	0.374338
1728	0.374283
1729	0.374276
1730	0.374328
1731	0.374439
1732	0.374594
1733	0.374744
1734	0.374834
1735	0.374833
1736	0.374754
1737	0.374642
1738	0.374549
1739	0.374503
1740	0.374492
1741	0.374501
1742	0.374533
1743	0.374597
1744	0.374706
1745	0.374850
1746	0.374989
1747	0.375070
1748	0.375051
1749	0.374919
1750	0.374691
1751	0.374393
1752	0.374048
1753	0.373693
1754	0.373367
1755	0.373107
1756	0.372946
1757	0.372876
1758	0.372851
1759	0.372831
1760	0.372788
1761	0.372712
1762	0.372611
1763	0.372494
1764	0.372379
1765	0.372286
1766	0.372239
1767	0.372254
1768	0.372323
1769	0.372420
1770	0.372511
1771	0.372571
1772	0.372601
1773	0.372613
1774	0.372625
1775	0.372638
1776	0.372637
1777	0.372600
1778	0.372504
1779	0.372341
1780	0.372110
1781	0.371815
1782	0.371461
1783	0.371060
1784	0.370631
1785	0.370196
1786	0.369772
1787	0.369364
1788	0.368963
1789	0.368562
1790	0.368160
1791	0.367759
1792	0.367357
1793	0.366955
1794	0.366553
1795	0.366152
1796	0.365750
1797	0.365348
1798	0.364947
1799	0.364545
1800	0.364143
1801	0.363741
1802	0.363340
1803	0.362938
1804	0.362536
1805	0.362135
1806	0.361733
1807	0.361331
1808	0.360930
1809	0.360528
1810	0.360126
1811	0.359724
1812	0.359323
1813	0.358921
1814	0.358519
1815	0.358118
1816	0.357716
1817	0.357314
1818	0.356912
1819	0.356511
1820	0.356109
1821	0.355707
1822	0.355306
1823	0.354904
1824	0.354502
1825	0.354101
1826	0.353699
1827	0.353297
1828	0.352895
1829	0.352494
1830	0.352092
1831	0.351690
1832	0.351289
1833	0.350887
1834	0.350485
1835	0.350083
1836	0.349682
1837	0.349280
1838	0.348878
1839	0.348477
1840	0.348075
1841	0.347673
1842	0.347271
1843	0.346870
1844	0.346468
1845	0.346066
1846	0.345665
1847	0.345263
1848	0.344861
1849	0.344460
1850	0.344058
1851	0.343656
1852	0.343254
1853	0.342853
1854	0.342451
1855	0.342049
1856	0.341648
1857	0.341246
1858	0.340844
1859	0.340442
1860	0.340041
1861	0.339639
1862	0.339237
1863	0.338836
1864	0.338434
1865	0.338032
1866	0.337630
1867	0.337229
1868	0.336827
1869	0.336425
1870	0.336024
1871	0.335622
1872	0.335220
1873	0.334819
1874	0.334417
1875	0.334015
1876	0.333613
1877	0.333212
1878	0.332810
1879	0.332408
1880	0.332007
1881	0.331605
1882	0.331203
1883	0.330801
1884	0.330400
1885	0.329998
1886	0.329596
1887	0.329195
1888	0.328793
1889	0.328391
1890	0.327990
1891	0.327588
1892	0.327186
1893	0.326784
1894	0.326383
1895	0.325981
1896	0.325579
1897	0.325178
1898	0.324776
1899	0.324374
1900	0.323972
1901	0.323571
1902	0.323169
1903	0.322767
1904	0.322366
1905	0.321964
1906	0.321562
1907	0.321160
1908	0.320759
1909	0.320357
1910	0.319955
1911	0.319554
1912	0.319152
1913	0.318750
1914	0.318349
1915	0.317947
1916	0.317545
1917	0.317143
1918	0.316742
1919	0.316340
1920	0.315938
1921	0.315537
1922	0.315135
1923	0.314733
1924	0.314331
1925	0.313930
1926	0.313528
1927	0.313126
1928	0.312725
1929	0.312323
1930	0.311921
1931	0.311519
1932	0.311118
1933	0.310716
1934	0.310314
1935	0.309913
1936	0.309511
1937	0.309109
1938	0.308708
1939	0.308306
1940	0.307904
1941	0.307491
1942	0.307050
1943	0.306609
1944	0.306215
1945	0.305899
1946	0.305659
1947	0.305462
1948	0.305263
1949	0.305019
1950	0.304701
1951	0.304292
1952	0.303778
1953	0.303154
1954	0.302430
1955	0.301637
1956	0.300829
1957	0.300071
1958	0.299415
1959	0.298871
1960	0.298406
1961	0.298001
1962	0.297655
1963	0.297365
1964	0.297130
1965	0.296946
1966	0.296813
1967	0.296727
1968	0.296687
1969	0.296691
1970	0.296735
1971	0.296819
1972	0.296940
1973	0.297095
1974	0.297284
1975	0.297502
1976	0.297749
1977	0.298022
1978	0.298319
1979	0.298638
1980	0.298976
1981	0.299332
1982	0.299703
1983	0.300088
1984	0.300483
1985	0.300887
1986	0.301298
1987	0.301713
1988	0.302130
1989	0.302548
1990	0.302964
1991	0.303375
1992	0.303780
1993	0.304177
1994	0.304563
1995	0.304936
1996	0.305294
1997	0.305635
1998	0.305957
1999	0.306257
2000	0.306533
2001	0.306784
2002	0.306972
2003	0.307034
2004	0.307011
2005	0.307014
2006	0.307176
2007	0.307600
2008	0.308332
2009	0.309357
2010	0.310625
2011	0.312063
2012	0.313575
2013	0.315036
2014	0.316324
2015	0.317317
2016	0.317926
2017	0.318160
2018	0.318133
2019	0.318013
2020	0.317917
2021	0.317864
2022	0.317868
2023	0.317918
2024	0.317994
2025	0.318084
2026	0.318158
2027	0.318176
2028	0.318115
2029	0.317982
2030	0.317813
2031	0.317667
2032	0.317616
2033	0.317694
2034	0.317877
2035	0.318115
2036	0.318354
2037	0.318536
2038	0.318614
2039	0.318589
2040	0.318496
2041	0.318379
2042	0.318307
2043	0.318349
2044	0.318510
2045	0.318751
2046	0.319014
2047	0.319240
2048	0.319385
2049	0.319430
2050	0.319351
2051	0.319124
2052	0.318763
2053	0.318309
2054	0.317835
2055	0.317411
2056	0.317075
2057	0.316844
2058	0.316719
2059	0.316694
2060	0.316779
2061	0.316996
2062	0.317331
2063	0.317749
2064	0.318198
2065	0.318625
2066	0.318997
2067	0.319318
2068	0.319601
2069	0.319857
2070	0.320099
2071	0.320326
2072	0.320538
2073	0.320736
2074	0.320921
2075	0.321095
2076	0.321259
2077	0.321414
2078	0.321560
2079	0.321700
2080	0.321834
2081	0.321963
2082	0.322088
2083	0.322210
2084	0.322330
2085	0.322449
2086	0.322567
2087	0.322686
2088	0.322805
2089	0.322926
2090	0.323049
2091	0.323175
2092	0.323305
2093	0.323439
2094	0.323576
2095	0.323719
2096	0.323867
2097	0.324021
2098	0.324181
2099	0.324347
2100	0.324519
2101	0.324698
2102	0.324884
2103	0.325077
2104	0.325277
2105	0.325485
2106	0.325699
2107	0.325921
2108	0.326149
2109	0.326385
2110	0.326627
2111	0.326876
2112	0.327132
2113	0.327393
2114	0.327661
2115	0.327934
2116	0.328212
2117	0.328494
2118	0.328781
2119	0.329072
2120	0.329366
2121	0.329663
2122	0.329962
2123	0.330262
2124	0.330563
2125	0.330864
2126	0.331164
2127	0.331462
2128	0.331758
2129	0.332050
2130	0.332339
2131	0.332622
2132	0.332899
2133	0.333168
2134	0.333430
2135	0.333681
2136	0.333922
2137	0.334152
2138	0.334368
2139	0.334570
2140	0.334756
2141	0.334925
2142	0.335076
2143	0.335207
2144	0.335316
2145	0.335403
2146	0.335465
2147	0.335501
2148	0.335510
2149	0.335490
2150	0.335438
2151	0.335354
2152	0.335215
2153	0.334983
2154	0.334690
2155	0.334417
2156	0.334233
2157	0.334170
2158	0.334214
2159	0.334324
2160	0.334451
2161	0.334552
2162	0.334592
2163	0.334535
2164	0.334342
2165	0.333989
2166	0.333483
2167	0.332872
2168	0.332238
2169	0.331665
2170	0.331181
2171	0.330744
2172	0.330332
2173	0.329944
2174	0.329579
2175	0.329236
2176	0.328914
2177	0.328612
2178	0.328329
2179	0.328065
2180	0.327819
2181	0.327589
2182	0.327374
2183	0.327175
2184	0.326990
2185	0.326819
2186	0.326660
2187	0.326513
2188	0.326377
2189	0.326252
2190	0.326136
2191	0.326029
2192	0.325931
2193	0.325840
2194	0.325756
2195	0.325679
2196	0.325607
2197	0.325540
2198	0.325479
2199	0.325421
2200	0.325366
2201	0.325314
2202	0.325265
2203	0.325218
2204	0.325172
2205	0.325127
2206	0.325082
2207	0.325037
2208	0.324992
2209	0.324946
2210	0.324898
2211	0.324849
2212	0.324798
2213	0.324745
2214	0.324688
2215	0.324629
2216	0.324566
2217	0.324500
2218	0.324430
2219	0.324355
2220	0.324276
2221	0.324193
2222	0.324104
2223	0.324011
2224	0.323912
2225	0.323808
2226	0.323698
2227	0.323582
2228	0.323461
2229	0.323333
2230	0.323200
2231	0.323060
2232	0.322914
2233	0.322762
2234	0.322604
2235	0.322440
2236	0.322269
2237	0.322092
2238	0.321908
2239	0.321719
2240	0.321523
2241	0.321321
2242	0.321114
2243	0.320900
2244	0.320681
2245	0.320457
2246	0.320226
2247	0.319991
2248	0.319751
2249	0.319506
2250	0.319256
2251	0.319002
2252	0.318775
2253	0.318631
2254	0.318511
2255	0.318286
2256	0.317847
2257	0.317152
2258	0.316232
2259	0.315167
2260	0.314048
2261	0.312956
2262	0.311959
2263	0.311125
2264	0.310520
2265	0.310186
2266	0.310110
2267	0.310212
2268	0.310357
2269	0.310417
2270	0.310347
2271	0.310216
2272	0.310061
2273	0.309886
2274	0.309693
2275	0.309486
2276	0.309266
2277	0.309037
2278	0.308801
2279	0.308560
2280	0.308316
2281	0.308073
2282	0.307831
2283	0.307593
2284	0.307361
2285	0.307136
2286	0.306921
2287	0.306716
2288	0.306524
2289	0.306345
2290	0.306181
2291	0.306033
2292	0.305902
2293	0.305789
2294	0.305695
2295	0.305621
2296	0.305568
2297	0.305535
2298	0.305524
2299	0.305535
2300	0.305568
2301	0.305623
2302	0.305701
2303	0.305801
2304	0.305923
2305	0.306067
2306	0.306233
2307	0.306420
2308	0.306628
2309	0.306856
2310	0.307103
2311	0.307369
2312	0.307652
2313	0.307952
2314	0.308267
2315	0.308597
2316	0.308939
2317	0.309293
2318	0.309657
2319	0.310029
2320	0.310407
2321	0.310790
2322	0.311176
2323	0.311563
2324	0.311948
2325	0.312330
2326	0.312705
2327	0.313073
2328	0.313429
2329	0.313771
2330	0.314098
2331	0.314405
2332	0.314690
2333	0.314950
2334	0.315182
2335	0.315382
2336	0.315547
2337	0.315674
2338	0.315759
2339	0.315799
2340	0.315789
2341	0.315727
2342	0.315607
2343	0.315427
2344	0.315181
2345	0.314866
2346	0.314477
2347	0.314010
2348	0.313460
2349	0.312822
2350	0.312093
2351	0.311266
2352	0.310324
2353	0.309232
2354	0.307994
2355	0.306656
2356	0.305272
2357	0.303889
2358	0.302534
2359	0.301215
2360	0.299928
2361	0.298662
2362	0.297403
2363	0.296126
2364	0.294794
2365	0.293366
2366	0.291815
2367	0.290138
2368	0.288362
2369	0.286530
2370	0.284668
2371	0.282759
2372	0.280795
2373	0.278775
2374	0.276698
2375	0.274566
2376	0.272377
2377	0.270133
2378	0.267832
2379	0.265476
2380	0.263063
2381	0.260594
2382	0.258069
2383	0.255489
2384	0.252852
2385	0.250159
2386	0.247410
2387	0.244605
2388	0.241744
2389	0.238826
2390	0.235853
2391	0.232824
2392	0.229739
2393	0.226597
2394	0.223400
2395	0.220146
2396	0.216837
2397	0.213471
2398	0.210050
2399	0.206572
2400	0.203038
2401	0.199449
2402	0.195803
2403	0.192101
2404	0.188343
2405	0.184529
2406	0.180659
2407	0.176733
2408	0.172751
2409	0.168713
2410	0.164618
2411	0.160468
2412	0.156262
2413	0.151999
2414	0.147681
2415	0.143307
2416	0.138876
2417	0.134389
2418	0.129847
2419	0.125248
2420	0.120593
2421	0.115883
2422	0.111116
2423	0.106293
2424	0.101414
2425	0.096479
2426	0.091488
2427	0.086441
2428	0.081338
2429	0.076179
2430	0.070963
2431	0.065692
2432	0.060365
2433	0.054981
2434	0.049542
2435	0.044046
2436	0.038495
2437	0.032887
2438	0.027224
2439	0.021504
2440	0.015728
2441	0.009896
2442	0.004009
2443	-0.001935
2444	-0.007935
2445	-0.013991
2446	-0.020103
2447	-0.026271
2448	-0.032496
2449	-0.038776
2450	-0.045112
2451	-0.051504
2452	-0.057953
2453	-0.064457
2454	-0.071018
2455	-0.077634
2456	-0.084307
2457	-0.091035
2458	-0.097820
2459	-0.104661
2460	-0.111557
2461	-0.118510
2462	-0.125519
2463	-0.132584
2464	-0.139705
2465	-0.146882
2466	-0.154115
2467	-0.161404
2468	-0.168749
2469	-0.176150
2470	-0.183608
2471	-0.191121
2472	-0.198690
2473	-0.206316
2474	-0.213997
2475	-0.221735
2476	-0.229528
2477	-0.237378
2478	-0.245284
2479	-0.253245
2480	-0.261263
2481	-0.269337
2482	-0.277467
2483	-0.285653
2484	-0.293895
2485	-0.302193
2486	-0.310547
2487	-0.318957
2488	-0.327423
2489	-0.335945
2490	-0.344524
2491	-0.353158
2492	-0.361848
2493	-0.370595
2494	-0.379397
2495	-0.388256
2496	-0.397170
2497	-0.406141
2498	-0.415168
2499	-0.424251
2500	-0.433389
