350	0.036895
351	0.037050
352	0.037200
353	0.037344
354	0.037484
355	0.037618
356	0.037749
357	0.037875
358	0.037998
359	0.038114
360	0.038213
361	0.038311
362	0.038413
363	0.038522
364	0.038644
365	0.038780
366	0.038929
367	0.039085
368	0.039240
369	0.039383
370	0.039514
371	0.039639
372	0.039766
373	0.039897
374	0.040036
375	0.040192
376	0.040367
377	0.040558
378	0.040765
379	0.040983
380	0.041204
381	0.041422
382	0.041632
383	0.041836
384	0.042039
385	0.042255
386	0.042485
387	0.042725
388	0.042971
389	0.043226
390	0.043490
391	0.043757
392	0.044023
393	0.044290
394	0.044554
395	0.044809
396	0.045055
397	0.045297
398	0.045535
399	0.045762
400	0.045973
401	0.046169
402	0.046361
403	0.046560
404	0.046772
405	0.046994
406	0.047222
407	0.047454
408	0.047695
409	0.047942
410	0.048197
411	0.048458
412	0.048722
413	0.048984
414	0.049243
415	0.049504
416	0.049769
417	0.050037
418	0.050306
419	0.050578
420	0.050854
421	0.051135
422	0.051422
423	0.051718
424	0.052022
425	0.052331
426	0.052644
427	0.052960
428	0.053280
429	0.053604
430	0.053930
431	0.054256
432	0.054583
433	0.054910
434	0.055235
435	0.055557
436	0.055874
437	0.056188
438	0.056500
439	0.056813
440	0.057128
441	0.057447
442	0.057768
443	0.058090
444	0.058411
445	0.058730
446	0.059049
447	0.059367
448	0.059681
449	0.059990
450	0.060293
451	0.060590
452	0.060877
453	0.061154
454	0.061423
455	0.061687
456	0.061946
457	0.062197
458	0.062439
459	0.062671
460	0.062890
461	0.063098
462	0.063299
463	0.063497
464	0.063696
465	0.063896
466	0.064098
467	0.064302
468	0.064506
469	0.064711
470	0.064911
471	0.065102
472	0.065287
473	0.065467
474	0.065646
475	0.065826
476	0.066013
477	0.066206
478	0.066407
479	0.066613
480	0.066824
481	0.067043
482	0.067270
483	0.067507
484	0.067756
485	0.068016
486	0.068286
487	0.068564
488	0.068850
489	0.069139
490	0.069433
491	0.069730
492	0.070032
493	0.070344
494	0.070670
495	0.071011
496	0.071371
497	0.071750
498	0.072149
499	0.072572
500	0.073015
501	0.073477
502	0.073960
503	0.074464
504	0.074992
505	0.075545
506	0.076125
507	0.076734
508	0.077370
509	0.078036
510	0.078734
511	0.079469
512	0.080247
513	0.081072
514	0.081944
515	0.082862
516	0.083824
517	0.084825
518	0.085860
519	0.086920
520	0.087999
521	0.089090
522	0.090191
523	0.091295
524	0.092396
525	0.093488
526	0.094566
527	0.095621
528	0.096647
529	0.097639
530	0.098592
531	0.099503
532	0.100373
533	0.101202
534	0.101996
535	0.102755
536	0.103480
537	0.104168
538	0.104818
539	0.105433
540	0.106016
541	0.106574
542	0.107115
543	0.107647
544	0.108180
545	0.108720
546	0.109271
547	0.109833
548	0.110405
549	0.110980
550	0.111550
551	0.112110
552	0.112655
553	0.113177
554	0.113671
555	0.114127
556	0.114534
557	0.114877
558	0.115135
559	0.115289
560	0.115324
561	0.115238
562	0.115042
563	0.114757
564	0.114417
565	0.114052
566	0.113690
567	0.113347
568	0.113032
569	0.112747
570	0.112490
571	0.112261
572	0.112059
573	0.111892
574	0.111768
575	0.111695
576	0.111675
577	0.111705
578	0.111767
579	0.111835
580	0.111888
581	0.111913
582	0.111906
583	0.111878
584	0.111851
585	0.111846
586	0.111881
587	0.111964
588	0.112100
589	0.112280
590	0.112494
591	0.112728
592	0.112969
593	0.113208
594	0.113438
595	0.113654
596	0.113850
597	0.114023
598	0.114166
599	0.114277
600	0.114352
601	0.114392
602	0.114400
603	0.114384
604	0.114353
605	0.114315
606	0.114273
607	0.114229
608	0.114181
609	0.114127
610	0.114068
611	0.114003
612	0.113932
613	0.113858
614	0.113785
615	0.113718
616	0.113663
617	0.113622
618	0.113599
619	0.113598
620	0.113621
621	0.113667
622	0.113737
623	0.113827
624	0.113936
625	0.114059
626	0.114193
627	0.114337
628	0.114490
629	0.114647
630	0.114804
631	0.114953
632	0.115089
633	0.115207
634	0.115300
635	0.115362
636	0.115389
637	0.115381
638	0.115338
639	0.115265
640	0.115164
641	0.115040
642	0.114899
643	0.114747
644	0.114594
645	0.114448
646	0.114317
647	0.114206
648	0.114116
649	0.114049
650	0.114004
651	0.113979
652	0.113968
653	0.113961
654	0.113947
655	0.113916
656	0.113863
657	0.113786
658	0.113687
659	0.113565
660	0.113425
661	0.113271
662	0.113114
663	0.112967
664	0.112843
665	0.112745
666	0.112679
667	0.112643
668	0.112640
669	0.112671
670	0.112737
671	0.112835
672	0.112963
673	0.113117
674	0.113296
675	0.113498
676	0.113727
677	0.113988
678	0.114285
679	0.114619
680	0.114997
681	0.115436
682	0.115955
683	0.116571
684	0.117296
685	0.118136
686	0.119098
687	0.120189
688	0.121420
689	0.122811
690	0.124380
691	0.126142
692	0.128110
693	0.130295
694	0.132708
695	0.135360
696	0.138258
697	0.141391
698	0.144738
699	0.148275
700	0.151980
701	0.155831
702	0.159809
703	0.163899
704	0.168088
705	0.172365
706	0.176724
707	0.181168
708	0.185699
709	0.190312
710	0.194992
711	0.199724
712	0.204508
713	0.209370
714	0.214343
715	0.219447
716	0.224673
717	0.229996
718	0.235390
719	0.240837
720	0.246320
721	0.251814
722	0.257288
723	0.262707
724	0.268047
725	0.273307
726	0.278507
727	0.283663
728	0.288762
729	0.293765
730	0.298629
731	0.303326
732	0.307852
733	0.312209
734	0.316400
735	0.320419
736	0.324267
737	0.327946
738	0.331460
739	0.334810
740	0.337992
741	0.341001
742	0.343831
743	0.346483
744	0.348962
745	0.351279
746	0.353438
747	0.355445
748	0.357308
749	0.359043
750	0.360665
751	0.362167
752	0.363536
753	0.364772
754	0.365896
755	0.366943
756	0.367936
757	0.368884
758	0.369783
759	0.370629
760	0.371423
761	0.372174
762	0.372891
763	0.373572
764	0.374212
765	0.374806
766	0.375356
767	0.375880
768	0.376402
769	0.376928
770	0.377448
771	0.377948
772	0.378429
773	0.378898
774	0.379359
775	0.379815
776	0.380268
777	0.380716
778	0.381157
779	0.381589
780	0.382006
781	0.382405
782	0.382784
783	0.383144
784	0.383485
785	0.383811
786	0.384131
787	0.384458
788	0.384799
789	0.385157
790	0.385531
791	0.385914
792	0.386299
793	0.386675
794	0.387035
795	0.387368
796	0.387675
797	0.387961
798	0.388240
799	0.388526
800	0.388836
801	0.389175
802	0.389542
803	0.389927
804	0.390315
805	0.390690
806	0.391030
807	0.391321
808	0.391553
809	0.391730
810	0.391867
811	0.391986
812	0.392112
813	0.392263
814	0.392452
815	0.392692
816	0.392987
817	0.393331
818	0.393709
819	0.394108
820	0.394516
821	0.394924
822	0.395326
823	0.395718
824	0.396094
825	0.396451
826	0.396792
827	0.397122
828	0.397444
829	0.397763
830	0.398087
831	0.398418
832	0.398754
833	0.399096
834	0.399445
835	0.399805
836	0.400174
837	0.400550
838	0.400927
839	0.401301
840	0.401673
841	0.402049
842	0.402428
843	0.402803
844	0.403170
845	0.403527
846	0.403872
847	0.404204
848	0.404532
849	0.404864
850	0.405197
851	0.405519
852	0.405830
853	0.406133
854	0.406434
855	0.406731
856	0.407022
857	0.407305
858	0.407585
859	0.407876
860	0.408187
861	0.408513
862	0.408849
863	0.409189
864	0.409526
865	0.409850
866	0.410160
867	0.410458
868	0.410743
869	0.411013
870	0.411267
871	0.411505
872	0.411731
873	0.411947
874	0.412158
875	0.412370
876	0.412584
877	0.412802
878	0.413028
879	0.413260
880	0.413500
881	0.413753
882	0.414014
883	0.414264
884	0.414490
885	0.414686
886	0.414859
887	0.415015
888	0.415155
889	0.415268
890	0.415338
891	0.415358
892	0.415338
893	0.415306
894	0.415292
895	0.415316
896	0.415388
897	0.415509
898	0.415675
899	0.415882
900	0.416122
901	0.416372
902	0.416603
903	0.416796
904	0.416949
905	0.417072
906	0.417183
907	0.417300
908	0.417429
909	0.417570
910	0.417723
911	0.417873
912	0.417995
913	0.418133
914	0.418374
915	0.418771
916	0.419320
917	0.419960
918	0.420607
919	0.421173
920	0.421586
921	0.421799
922	0.421779
923	0.421509
924	0.421000
925	0.420304
926	0.419507
927	0.418722
928	0.418039
929	0.417483
930	0.416997
931	0.416554
932	0.416154
933	0.415795
934	0.415476
935	0.415194
936	0.414949
937	0.414739
938	0.414564
939	0.414420
940	0.414308
941	0.414225
942	0.414170
943	0.414142
944	0.414139
945	0.414160
946	0.414203
947	0.414268
948	0.414352
949	0.414455
950	0.414574
951	0.414708
952	0.414857
953	0.415018
954	0.415191
955	0.415373
956	0.415563
957	0.415760
958	0.415963
959	0.416169
960	0.416379
961	0.416589
962	0.416800
963	0.417009
964	0.417214
965	0.417416
966	0.417611
967	0.417799
968	0.417979
969	0.418148
970	0.418306
971	0.418451
972	0.418581
973	0.418696
974	0.418793
975	0.418872
976	0.418931
977	0.418969
978	0.418983
979	0.418974
980	0.418938
981	0.418876
982	0.418818
983	0.418827
984	0.418863
985	0.418796
986	0.418486
987	0.417837
988	0.416818
989	0.415453
990	0.413800
991	0.411925
992	0.409902
993	0.407821
994	0.405794
995	0.403920
996	0.402257
997	0.400791
998	0.399437
999	0.398078
1000	0.396662
1001	0.395237
1002	0.393837
1003	0.392466
1004	0.391127
1005	0.389824
1006	0.388561
1007	0.387340
1008	0.386164
1009	0.385038
1010	0.383962
1011	0.382939
1012	0.381972
1013	0.381062
1014	0.380212
1015	0.379422
1016	0.378694
1017	0.378029
1018	0.377429
1019	0.376893
1020	0.376422
1021	0.376016
1022	0.375676
1023	0.375401
1024	0.375191
1025	0.375046
1026	0.374964
1027	0.374945
1028	0.374987
1029	0.375089
1030	0.375249
1031	0.375465
1032	0.375731
1033	0.376046
1034	0.376410
1035	0.376828
1036	0.377305
1037	0.377844
1038	0.378442
1039	0.379093
1040	0.379785
1041	0.380506
1042	0.381239
1043	0.381969
1044	0.382678
1045	0.383353
1046	0.383985
1047	0.384570
1048	0.385112
1049	0.385616
1050	0.386087
1051	0.386524
1052	0.386931
1053	0.387307
1054	0.387654
1055	0.387972
1056	0.388265
1057	0.388531
1058	0.388773
1059	0.388991
1060	0.389188
1061	0.389363
1062	0.389519
1063	0.389656
1064	0.389775
1065	0.389878
1066	0.389966
1067	0.390039
1068	0.390100
1069	0.390149
1070	0.390187
1071	0.390216
1072	0.390237
1073	0.390250
1074	0.390258
1075	0.390261
1076	0.390260
1077	0.390256
1078	0.390252
1079	0.390247
1080	0.390243
1081	0.390241
1082	0.390243
1083	0.390249
1084	0.390261
1085	0.390279
1086	0.390305
1087	0.390341
1088	0.390387
1089	0.390444
1090	0.390514
1091	0.390597
1092	0.390704
1093	0.390855
1094	0.391043
1095	0.391239
1096	0.391402
1097	0.391500
1098	0.391513
1099	0.391429
1100	0.391254
1101	0.390998
1102	0.390688
1103	0.390370
1104	0.390111
1105	0.389988
1106	0.390053
1107	0.390316
1108	0.390731
1109	0.391209
1110	0.391652
1111	0.391986
1112	0.392146
1113	0.392099
1114	0.391847
1115	0.391415
1116	0.390841
1117	0.390164
1118	0.389417
1119	0.388625
1120	0.387789
1121	0.386905
1122	0.385969
1123	0.384996
1124	0.384043
1125	0.383191
1126	0.382501
1127	0.381992
1128	0.381620
1129	0.381300
1130	0.380927
1131	0.380422
1132	0.379742
1133	0.378882
1134	0.377882
1135	0.376823
1136	0.375808
1137	0.374941
1138	0.374282
1139	0.373825
1140	0.373490
1141	0.373136
1142	0.372627
1143	0.371857
1144	0.370765
1145	0.369361
1146	0.367714
1147	0.365932
1148	0.364148
1149	0.362488
1150	0.361043
1151	0.359855
1152	0.358928
1153	0.358239
1154	0.357748
1155	0.357409
1156	0.357180
1157	0.357028
1158	0.356931
1159	0.356881
1160	0.356882
1161	0.356937
1162	0.357035
1163	0.357167
1164	0.357321
1165	0.357480
1166	0.357636
1167	0.357796
1168	0.357972
1169	0.358165
1170	0.358365
1171	0.358549
1172	0.358691
1173	0.358774
1174	0.358794
1175	0.358756
1176	0.358663
1177	0.358524
1178	0.358357
1179	0.358181
1180	0.358018
1181	0.357885
1182	0.357797
1183	0.357755
1184	0.357755
1185	0.357793
1186	0.357859
1187	0.357942
1188	0.358025
1189	0.358094
1190	0.358143
1191	0.358173
1192	0.358197
1193	0.358228
1194	0.358267
1195	0.358315
1196	0.358369
1197	0.358428
1198	0.358491
1199	0.358565
1200	0.358658
1201	0.358776
1202	0.358919
1203	0.359086
1204	0.359277
1205	0.359492
1206	0.359734
1207	0.360000
1208	0.360280
1209	0.360557
1210	0.360822
1211	0.361077
1212	0.361331
1213	0.361599
1214	0.361892
1215	0.362213
1216	0.362557
1217	0.362924
1218	0.363316
1219	0.363736
1220	0.364187
1221	0.364661
1222	0.365143
1223	0.365617
1224	0.366072
1225	0.366503
1226	0.366906
1227	0.367276
1228	0.367614
1229	0.367926
1230	0.368221
1231	0.368515
1232	0.368830
1233	0.369174
1234	0.369549
1235	0.369943
1236	0.370347
1237	0.370749
1238	0.371141
1239	0.371519
1240	0.371876
1241	0.372209
1242	0.372517
1243	0.372807
1244	0.373084
1245	0.373350
1246	0.373607
1247	0.373849
1248	0.374072
1249	0.374275
1250	0.374464
1251	0.374646
1252	0.374825
1253	0.375006
1254	0.375193
1255	0.375393
1256	0.375605
1257	0.375829
1258	0.376052
1259	0.376257
1260	0.376426
1261	0.376543
1262	0.376602
1263	0.376602
1264	0.376552
1265	0.376457
1266	0.376330
1267	0.376193
1268	0.376072
1269	0.375996
1270	0.375988
1271	0.376058
1272	0.376199
1273	0.376396
1274	0.376633
1275	0.376889
1276	0.377143
1277	0.377371
1278	0.377551
1279	0.377661
1280	0.377691
1281	0.377646
1282	0.377535
1283	0.377375
1284	0.377184
1285	0.376985
1286	0.376797
1287	0.376632
1288	0.376498
1289	0.376391
1290	0.376297
1291	0.376204
1292	0.376093
1293	0.375944
1294	0.375739
1295	0.375471
1296	0.375144
1297	0.374775
1298	0.374385
1299	0.373999
1300	0.373634
1301	0.373297
1302	0.372986
1303	0.372688
1304	0.372385
1305	0.372058
1306	0.371678
1307	0.371221
1308	0.370674
1309	0.370044
1310	0.369345
1311	0.368597
1312	0.367821
1313	0.367038
1314	0.366261
1315	0.365501
1316	0.364763
1317	0.364046
1318	0.363342
1319	0.362642
1320	0.361935
1321	0.361210
1322	0.360466
1323	0.359706
1324	0.358933
1325	0.358146
1326	0.357344
1327	0.356527
1328	0.355694
1329	0.354844
1330	0.353977
1331	0.353093
1332	0.352191
1333	0.351270
1334	0.350329
1335	0.349369
1336	0.348388
1337	0.347386
1338	0.346363
1339	0.345317
1340	0.344249
1341	0.343158
1342	0.342042
1343	0.340902
1344	0.339737
1345	0.338547
1346	0.337331
1347	0.336087
1348	0.334817
1349	0.333519
1350	0.332192
1351	0.330836
1352	0.329451
1353	0.328036
1354	0.326590
1355	0.325112
1356	0.323603
1357	0.322062
1358	0.320487
1359	0.318880
1360	0.317237
1361	0.315561
1362	0.313849
1363	0.312101
1364	0.310317
1365	0.308485
1366	0.306582
1367	0.304617
1368	0.302631
1369	0.300670
1370	0.298771
1371	0.296955
1372	0.295223
1373	0.293569
1374	0.291981
1375	0.290442
1376	0.288929
1377	0.287411
1378	0.285854
1379	0.284238
1380	0.282564
1381	0.280854
1382	0.279146
1383	0.277460
1384	0.275783
1385	0.274105
1386	0.272427
1387	0.270750
1388	0.269072
1389	0.267394
1390	0.265716
1391	0.264022
1392	0.262282
1393	0.260538
1394	0.258862
1395	0.257305
1396	0.255873
1397	0.254524
1398	0.253197
1399	0.251828
1400	0.250368
1401	0.248784
1402	0.247047
1403	0.245137
1404	0.243056
1405	0.240836
1406	0.238550
1407	0.236291
1408	0.234138
1409	0.232113
1410	0.230171
1411	0.228291
1412	0.226472
1413	0.224714
1414	0.223016
1415	0.221378
1416	0.219800
1417	0.218281
1418	0.216822
1419	0.215421
1420	0.214078
1421	0.212794
1422	0.211567
1423	0.210398
1424	0.209286
1425	0.208230
1426	0.207231
1427	0.206288
1428	0.205401
1429	0.204570
1430	0.203793
1431	0.203071
1432	0.202403
1433	0.201790
1434	0.201230
1435	0.200724
1436	0.200271
1437	0.199871
1438	0.199523
1439	0.199227
1440	0.198983
1441	0.198790
1442	0.198648
1443	0.198557
1444	0.198517
1445	0.198527
1446	0.198586
1447	0.198695
1448	0.198853
1449	0.199059
1450	0.199315
1451	0.199618
1452	0.199988
1453	0.200461
1454	0.201017
1455	0.201583
1456	0.202077
1457	0.202442
1458	0.202663
1459	0.202751
1460	0.202729
1461	0.202624
1462	0.202457
1463	0.202268
1464	0.202113
1465	0.202049
1466	0.202105
1467	0.202266
1468	0.202486
1469	0.202708
1470	0.202917
1471	0.203168
1472	0.203508
1473	0.203956
1474	0.204522
1475	0.205199
1476	0.205963
1477	0.206767
1478	0.207554
1479	0.208271
1480	0.208886
1481	0.209396
1482	0.209827
1483	0.210220
1484	0.210611
1485	0.211027
1486	0.211498
1487	0.212046
1488	0.212678
1489	0.213386
1490	0.214141
1491	0.214903
1492	0.215649
1493	0.216375
1494	0.217092
1495	0.217816
1496	0.218554
1497	0.219298
1498	0.220040
1499	0.220775
1500	0.221507
1501	0.222247
1502	0.223000
1503	0.223763
1504	0.224531
1505	0.225298
1506	0.226063
1507	0.226827
1508	0.227588
1509	0.228341
1510	0.229079
1511	0.229799
1512	0.230503
1513	0.231201
1514	0.231905
1515	0.232624
1516	0.233363
1517	0.234123
1518	0.234897
1519	0.235678
1520	0.236451
1521	0.237203
1522	0.237917
1523	0.238591
1524	0.239234
1525	0.239861
1526	0.240496
1527	0.241154
1528	0.241844
1529	0.242562
1530	0.243299
1531	0.244042
1532	0.244777
1533	0.245496
1534	0.246197
1535	0.246891
1536	0.247588
1537	0.248294
1538	0.249011
1539	0.249735
1540	0.250460
1541	0.251180
1542	0.251890
1543	0.252578
1544	0.253230
1545	0.253837
1546	0.254398
1547	0.254924
1548	0.255432
1549	0.255937
1550	0.256452
1551	0.256982
1552	0.257533
1553	0.258117
1554	0.258741
1555	0.259409
1556	0.260112
1557	0.260833
1558	0.261552
1559	0.262251
1560	0.262919
1561	0.263555
1562	0.264164
1563	0.264756
1564	0.265343
1565	0.265937
1566	0.266542
1567	0.267158
1568	0.267777
1569	0.268384
1570	0.268967
1571	0.269514
1572	0.270019
1573	0.270493
1574	0.270953
1575	0.271420
1576	0.271911
1577	0.272430
1578	0.272970
1579	0.273515
1580	0.274053
1581	0.274575
1582	0.275080
1583	0.275576
1584	0.276077
1585	0.276593
1586	0.277130
1587	0.277689
1588	0.278260
1589	0.278831
1590	0.279384
1591	0.279905
1592	0.280386
1593	0.280833
1594	0.281256
1595	0.281665
1596	0.282072
1597	0.282485
1598	0.282905
1599	0.283332
1600	0.283770
1601	0.284223
1602	0.284695
1603	0.285187
1604	0.285697
1605	0.286215
1606	0.286727
1607	0.287218
1608	0.287678
1609	0.288107
1610	0.288517
1611	0.288923
1612	0.289341
1613	0.289776
1614	0.290229
1615	0.290696
1616	0.291170
1617	0.291648
1618	0.292118
1619	0.292572
1620	0.293000
1621	0.293401
1622	0.293780
1623	0.294153
1624	0.294531
1625	0.294917
1626	0.295301
1627	0.295673
1628	0.296022
1629	0.296347
1630	0.296659
1631	0.296972
1632	0.297294
1633	0.297631
1634	0.297982
1635	0.298342
1636	0.298705
1637	0.299065
1638	0.299417
1639	0.299752
1640	0.300057
1641	0.300329
1642	0.300570
1643	0.300801
1644	0.301048
1645	0.301331
1646	0.301651
1647	0.301995
1648	0.302339
1649	0.302664
1650	0.302962
1651	0.303226
1652	0.303453
1653	0.303639
1654	0.303786
1655	0.303903
1656	0.304006
1657	0.304112
1658	0.304228
1659	0.304349
1660	0.304465
1661	0.304567
1662	0.304657
1663	0.304740
1664	0.304817
1665	0.304885
1666	0.304930
1667	0.304938
1668	0.304908
1669	0.304847
1670	0.304768
1671	0.304682
1672	0.304591
1673	0.304492
1674	0.304382
1675	0.304262
1676	0.304139
1677	0.304021
1678	0.303907
1679	0.303788
1680	0.303648
1681	0.303483
1682	0.303295
1683	0.303094
1684	0.302895
1685	0.302696
1686	0.302487
1687	0.302261
1688	0.302014
1689	0.301755
1690	0.301492
1691	0.301235
1692	0.300986
1693	0.300750
1694	0.300533
1695	0.300347
1696	0.300195
1697	0.300070
1698	0.299950
1699	0.299814
1700	0.299639
1701	0.299413
1702	0.299136
1703	0.298817
1704	0.298471
1705	0.298111
1706	0.297745
1707	0.297374
1708	0.296999
1709	0.296628
1710	0.296275
1711	0.295947
1712	0.295646
1713	0.295372
1714	0.295127
1715	0.294920
1716	0.294761
1717	0.294652
1718	0.294586
1719	0.294544
1720	0.294504
1721	0.294446
1722	0.294359
1723	0.294244
1724	0.294102
1725	0.293937
1726	0.293754
1727	0.293559
1728	0.293362
1729	0.293170
1730	0.292985
1731	0.292807
1732	0.292632
1733	0.292450
1734	0.292237
1735	0.291967
1736	0.291620
1737	0.291204
1738	0.290755
1739	0.290314
1740	0.289917
1741	0.289571
1742	0.289262
1743	0.288968
1744	0.288671
1745	0.288366
1746	0.288049
1747	0.287721
1748	0.287377
1749	0.287018
1750	0.286658
1751	0.286319
1752	0.286024
1753	0.285782
1754	0.285579
1755	0.285374
1756	0.285125
1757	0.284805
1758	0.284424
1759	0.284012
1760	0.283609
1761	0.283239
1762	0.282903
1763	0.282596
1764	0.282320
1765	0.282075
1766	0.281861
1767	0.281674
1768	0.281505
1769	0.281349
1770	0.281211
1771	0.281102
1772	0.281028
1773	0.280981
1774	0.280938
1775	0.280865
1776	0.280730
1777	0.280510
1778	0.280201
1779	0.279806
1780	0.279333
1781	0.278800
1782	0.278229
1783	0.277641
1784	0.277051
1785	0.276463
1786	0.275877
1787	0.275291
1788	0.274709
1789	0.274129
1790	0.273550
1791	0.272971
1792	0.272392
1793	0.271812
1794	0.271233
1795	0.270654
1796	0.270075
1797	0.269496
1798	0.268917
1799	0.268338
1800	0.267759
1801	0.267180
1802	0.266601
1803	0.266022
1804	0.265443
1805	0.264863
1806	0.264284
1807	0.263705
1808	0.263126
1809	0.262547
1810	0.261968
1811	0.261389
1812	0.260810
1813	0.260231
1814	0.259652
1815	0.259073
1816	0.258494
1817	0.257914
1818	0.257335
1819	0.256756
1820	0.256177
1821	0.255598
1822	0.255019
1823	0.254440
1824	0.253861
1825	0.253282
1826	0.252703
1827	0.252124
1828	0.251545
1829	0.250965
1830	0.250386
1831	0.249807
1832	0.249228
1833	0.248649
1834	0.248070
1835	0.247491
1836	0.246912
1837	0.246333
1838	0.245754
1839	0.245175
1840	0.244596
1841	0.244016
1842	0.243437
1843	0.242858
1844	0.242279
1845	0.241700
1846	0.241121
1847	0.240542
1848	0.239963
1849	0.239384
1850	0.238805
1851	0.238226
1852	0.237647
1853	0.237067
1854	0.236488
1855	0.235909
1856	0.235330
1857	0.234751
1858	0.234172
1859	0.233593
1860	0.233014
1861	0.232435
1862	0.231856
1863	0.231277
1864	0.230698
1865	0.230118
1866	0.229539
1867	0.228960
1868	0.228381
1869	0.227802
1870	0.227223
1871	0.226644
1872	0.226065
1873	0.225486
1874	0.224907
1875	0.224328
1876	0.223749
1877	0.223169
1878	0.222590
1879	0.222011
1880	0.221432
1881	0.220853
1882	0.220274
1883	0.219695
1884	0.219116
1885	0.218537
1886	0.217958
1887	0.217379
1888	0.216800
1889	0.216220
1890	0.215641
1891	0.215062
1892	0.214483
1893	0.213904
1894	0.213325
1895	0.212746
1896	0.212167
1897	0.211588
1898	0.211009
1899	0.210430
1900	0.209851
1901	0.209271
1902	0.208692
1903	0.208113
1904	0.207534
1905	0.206955
1906	0.206376
1907	0.205797
1908	0.205218
1909	0.204639
1910	0.204060
1911	0.203481
1912	0.202902
1913	0.202322
1914	0.201743
1915	0.201164
1916	0.200585
1917	0.200006
1918	0.199427
1919	0.198848
1920	0.198269
1921	0.197690
1922	0.197111
1923	0.196532
1924	0.195953
1925	0.195373
1926	0.194794
1927	0.194215
1928	0.193636
1929	0.193057
1930	0.192478
1931	0.191899
1932	0.191320
1933	0.190741
1934	0.190162
1935	0.189583
1936	0.189004
1937	0.188424
1938	0.187845
1939	0.187266
1940	0.186687
1941	0.186104
1942	0.185509
1943	0.184916
1944	0.184344
1945	0.183805
1946	0.183293
1947	0.182791
1948	0.182279
1949	0.181737
1950	0.181155
1951	0.180528
1952	0.179854
1953	0.179137
1954	0.178386
1955	0.177619
1956	0.176866
1957	0.176155
1958	0.175509
1959	0.174932
1960	0.174408
1961	0.173929
1962	0.173493
1963	0.173101
1964	0.172751
1965	0.172443
1966	0.172175
1967	0.171946
1968	0.171756
1969	0.171604
1970	0.171488
1971	0.171408
1972	0.171364
1973	0.171353
1974	0.171375
1975	0.171430
1976	0.171516
1977	0.171633
1978	0.171779
1979	0.171953
1980	0.172155
1981	0.172384
1982	0.172639
1983	0.172919
1984	0.173223
1985	0.173550
1986	0.173900
1987	0.174270
1988	0.174661
1989	0.175072
1990	0.175501
1991	0.175948
1992	0.176412
1993	0.176892
1994	0.177386
1995	0.177895
1996	0.178417
1997	0.178951
1998	0.179496
1999	0.180052
2000	0.180617
2001	0.181191
2002	0.181772
2003	0.182361
2004	0.182970
2005	0.183618
2006	0.184320
2007	0.185017
2008	0.185597
2009	0.185982
2010	0.186160
2011	0.186179
2012	0.186126
2013	0.186092
2014	0.186154
2015	0.186372
2016	0.186800
2017	0.187474
2018	0.188387
2019	0.189464
2020	0.190555
2021	0.191482
2022	0.192100
2023	0.192361
2024	0.192359
2025	0.192231
2026	0.192084
2027	0.192009
2028	0.192047
2029	0.192181
2030	0.192364
2031	0.192554
2032	0.192722
2033	0.192856
2034	0.192951
2035	0.193001
2036	0.193011
2037	0.193009
2038	0.193035
2039	0.193126
2040	0.193280
2041	0.193447
2042	0.193586
2043	0.193683
2044	0.193751
2045	0.193853
2046	0.194053
2047	0.194373
2048	0.194792
2049	0.195265
2050	0.195701
2051	0.195999
2052	0.196110
2053	0.196036
2054	0.195841
2055	0.195621
2056	0.195467
2057	0.195443
2058	0.195580
2059	0.195883
2060	0.196337
2061	0.196906
2062	0.197529
2063	0.198142
2064	0.198681
2065	0.199107
2066	0.199428
2067	0.199701
2068	0.199973
2069	0.200259
2070	0.200558
2071	0.200860
2072	0.201161
2073	0.201459
2074	0.201756
2075	0.202052
2076	0.202346
2077	0.202640
2078	0.202933
2079	0.203225
2080	0.203516
2081	0.203807
2082	0.204098
2083	0.204388
2084	0.204678
2085	0.204969
2086	0.205259
2087	0.205550
2088	0.205840
2089	0.206131
2090	0.206423
2091	0.206714
2092	0.207006
2093	0.207299
2094	0.207591
2095	0.207885
2096	0.208178
2097	0.208472
2098	0.208766
2099	0.209061
2100	0.209355
2101	0.209650
2102	0.209945
2103	0.210241
2104	0.210536
2105	0.210831
2106	0.211125
2107	0.211420
2108	0.211714
2109	0.212007
2110	0.212299
2111	0.212591
2112	0.212882
2113	0.213171
2114	0.213459
2115	0.213746
2116	0.214031
2117	0.214313
2118	0.214594
2119	0.214872
2120	0.215148
2121	0.215420
2122	0.215690
2123	0.215956
2124	0.216219
2125	0.216477
2126	0.216732
2127	0.216982
2128	0.217227
2129	0.217467
2130	0.217702
2131	0.217930
2132	0.218153
2133	0.218369
2134	0.218579
2135	0.218781
2136	0.218976
2137	0.219162
2138	0.219341
2139	0.219510
2140	0.219671
2141	0.219822
2142	0.219962
2143	0.220093
2144	0.220212
2145	0.220320
2146	0.220416
2147	0.220500
2148	0.220571
2149	0.220629
2150	0.220673
2151	0.220702
2152	0.220715
2153	0.220706
2154	0.220669
2155	0.220607
2156	0.220536
2157	0.220473
2158	0.220439
2159	0.220448
2160	0.220510
2161	0.220626
2162	0.220790
2163	0.220995
2164	0.221222
2165	0.221451
2166	0.221662
2167	0.221834
2168	0.221962
2169	0.222045
2170	0.222093
2171	0.222114
2172	0.222111
2173	0.222085
2174	0.222039
2175	0.221975
2176	0.221895
2177	0.221800
2178	0.221693
2179	0.221576
2180	0.221449
2181	0.221315
2182	0.221175
2183	0.221031
2184	0.220884
2185	0.220735
2186	0.220586
2187	0.220438
2188	0.220292
2189	0.220149
2190	0.220010
2191	0.219877
2192	0.219749
2193	0.219628
2194	0.219514
2195	0.219409
2196	0.219313
2197	0.219226
2198	0.219148
2199	0.219081
2200	0.219024
2201	0.218979
2202	0.218944
2203	0.218920
2204	0.218907
2205	0.218906
2206	0.218916
2207	0.218936
2208	0.218967
2209	0.219009
2210	0.219061
2211	0.219123
2212	0.219194
2213	0.219273
2214	0.219361
2215	0.219456
2216	0.219557
2217	0.219664
2218	0.219777
2219	0.219893
2220	0.220012
2221	0.220133
2222	0.220254
2223	0.220375
2224	0.220495
2225	0.220611
2226	0.220722
2227	0.220827
2228	0.220925
2229	0.221013
2230	0.221090
2231	0.221154
2232	0.221204
2233	0.221237
2234	0.221252
2235	0.221246
2236	0.221217
2237	0.221163
2238	0.221083
2239	0.220973
2240	0.220831
2241	0.220655
2242	0.220442
2243	0.220190
2244	0.219896
2245	0.219557
2246	0.219170
2247	0.218734
2248	0.218244
2249	0.217698
2250	0.217092
2251	0.216424
2252	0.215661
2253	0.214738
2254	0.213684
2255	0.212606
2256	0.211627
2257	0.210838
2258	0.210280
2259	0.209947
2260	0.209810
2261	0.209828
2262	0.209956
2263	0.210129
2264	0.210263
2265	0.210278
2266	0.210125
2267	0.209812
2268	0.209416
2269	0.209038
2270	0.208729
2271	0.208451
2272	0.208180
2273	0.207914
2274	0.207655
2275	0.207401
2276	0.207152
2277	0.206909
2278	0.206671
2279	0.206437
2280	0.206208
2281	0.205984
2282	0.205763
2283	0.205547
2284	0.205336
2285	0.205128
2286	0.204924
2287	0.204725
2288	0.204529
2289	0.204337
2290	0.204149
2291	0.203964
2292	0.203784
2293	0.203608
2294	0.203435
2295	0.203267
2296	0.203103
2297	0.202943
2298	0.202787
2299	0.202636
2300	0.202489
2301	0.202348
2302	0.202211
2303	0.202079
2304	0.201953
2305	0.201833
2306	0.201718
2307	0.201609
2308	0.201507
2309	0.201411
2310	0.201322
2311	0.201241
2312	0.201167
2313	0.201101
2314	0.201043
2315	0.200994
2316	0.200954
2317	0.200923
2318	0.200903
2319	0.200892
2320	0.200893
2321	0.200904
2322	0.200928
2323	0.200963
2324	0.201012
2325	0.201073
2326	0.201148
2327	0.201238
2328	0.201343
2329	0.201463
2330	0.201599
2331	0.201752
2332	0.201923
2333	0.202111
2334	0.202318
2335	0.202545
2336	0.202792
2337	0.203059
2338	0.203348
2339	0.203659
2340	0.203993
2341	0.204351
2342	0.204734
2343	0.205142
2344	0.205576
2345	0.206038
2346	0.206527
2347	0.207045
2348	0.207593
2349	0.208171
2350	0.208780
2351	0.209422
2352	0.210101
2353	0.210821
2354	0.211584
2355	0.212380
2356	0.213197
2357	0.214027
2358	0.214865
2359	0.215709
2360	0.216560
2361	0.217419
2362	0.218291
2363	0.219179
2364	0.220092
2365	0.221036
2366	0.222018
2367	0.223039
2368	0.224092
2369	0.225169
2370	0.226266
2371	0.227384
2372	0.228527
2373	0.229695
2374	0.230886
2375	0.232102
2376	0.233342
2377	0.234606
2378	0.235895
2379	0.237208
2380	0.238545
2381	0.239906
2382	0.241292
2383	0.242702
2384	0.244136
2385	0.245594
2386	0.247077
2387	0.248584
2388	0.250115
2389	0.251670
2390	0.253250
2391	0.254854
2392	0.256482
2393	0.258134
2394	0.259811
2395	0.261512
2396	0.263237
2397	0.264987
2398	0.266760
2399	0.268558
2400	0.270381
2401	0.272227
2402	0.274098
2403	0.275993
2404	0.277912
2405	0.279856
2406	0.281824
2407	0.283816
2408	0.285832
2409	0.287873
2410	0.289938
2411	0.292027
2412	0.294140
2413	0.296278
2414	0.298440
2415	0.300626
2416	0.302836
2417	0.305071
2418	0.307330
2419	0.309613
2420	0.311920
2421	0.314252
2422	0.316608
2423	0.318988
2424	0.321393
2425	0.323821
2426	0.326274
2427	0.328752
2428	0.331253
2429	0.333779
2430	0.336329
2431	0.338903
2432	0.341502
2433	0.344125
2434	0.346772
2435	0.349443
2436	0.352139
2437	0.354859
2438	0.357603
2439	0.360371
2440	0.363164
2441	0.365981
2442	0.368822
2443	0.371687
2444	0.374577
2445	0.377491
2446	0.380429
2447	0.383391
2448	0.386378
2449	0.389389
2450	0.392424
2451	0.395484
2452	0.398567
2453	0.401675
2454	0.404808
2455	0.407964
2456	0.411145
2457	0.414350
2458	0.417579
2459	0.420833
2460	0.424111
2461	0.427413
2462	0.430739
2463	0.434090
2464	0.437465
2465	0.440864
2466	0.444287
2467	0.447735
2468	0.451207
2469	0.454703
2470	0.458223
2471	0.461768
2472	0.465337
2473	0.468930
2474	0.472547
2475	0.476189
2476	0.479855
2477	0.483545
2478	0.487260
2479	0.490998
2480	0.494761
2481	0.498549
2482	0.502360
2483	0.506196
2484	0.510056
2485	0.513940
2486	0.517849
2487	0.521782
2488	0.525739
2489	0.529720
2490	0.533726
2491	0.537755
2492	0.541810
2493	0.545888
2494	0.549991
2495	0.554117
2496	0.558269
2497	0.562444
2498	0.566644
2499	0.570868
2500	0.575116
