350	0.035985
351	0.036107
352	0.036224
353	0.036335
354	0.036442
355	0.036546
356	0.036646
357	0.036743
358	0.036836
359	0.036920
360	0.037000
361	0.037109
362	0.037240
363	0.037386
364	0.037541
365	0.037702
366	0.037869
367	0.038042
368	0.038217
369	0.038386
370	0.038545
371	0.038708
372	0.038892
373	0.039100
374	0.039321
375	0.039548
376	0.039783
377	0.040021
378	0.040259
379	0.040493
380	0.040723
381	0.040946
382	0.041161
383	0.041376
384	0.041605
385	0.041850
386	0.042108
387	0.042375
388	0.042651
389	0.042941
390	0.043243
391	0.043550
392	0.043855
393	0.044157
394	0.044463
395	0.044778
396	0.045097
397	0.045414
398	0.045720
399	0.046012
400	0.046289
401	0.046555
402	0.046816
403	0.047077
404	0.047338
405	0.047605
406	0.047881
407	0.048171
408	0.048475
409	0.048791
410	0.049118
411	0.049450
412	0.049787
413	0.050127
414	0.050473
415	0.050827
416	0.051187
417	0.051554
418	0.051927
419	0.052302
420	0.052678
421	0.053056
422	0.053435
423	0.053811
424	0.054182
425	0.054549
426	0.054916
427	0.055287
428	0.055664
429	0.056047
430	0.056431
431	0.056812
432	0.057188
433	0.057557
434	0.057920
435	0.058274
436	0.058622
437	0.058964
438	0.059304
439	0.059645
440	0.059991
441	0.060343
442	0.060699
443	0.061057
444	0.061414
445	0.061772
446	0.062131
447	0.062491
448	0.062851
449	0.063210
450	0.063568
451	0.063922
452	0.064267
453	0.064600
454	0.064922
455	0.065233
456	0.065535
457	0.065825
458	0.066103
459	0.066369
460	0.066625
461	0.066872
462	0.067112
463	0.067344
464	0.067572
465	0.067794
466	0.068013
467	0.068231
468	0.068451
469	0.068674
470	0.068896
471	0.069116
472	0.069335
473	0.069554
474	0.069774
475	0.069998
476	0.070226
477	0.070461
478	0.070702
479	0.070947
480	0.071192
481	0.071435
482	0.071678
483	0.071923
484	0.072174
485	0.072432
486	0.072701
487	0.072983
488	0.073282
489	0.073599
490	0.073937
491	0.074291
492	0.074657
493	0.075033
494	0.075421
495	0.075824
496	0.076246
497	0.076688
498	0.077152
499	0.077641
500	0.078157
501	0.078704
502	0.079283
503	0.079894
504	0.080537
505	0.081216
506	0.081932
507	0.082689
508	0.083489
509	0.084333
510	0.085217
511	0.086145
512	0.087124
513	0.088163
514	0.089260
515	0.090413
516	0.091615
517	0.092861
518	0.094147
519	0.095466
520	0.096804
521	0.098152
522	0.099501
523	0.100841
524	0.102167
525	0.103472
526	0.104751
527	0.105998
528	0.107204
529	0.108366
530	0.109480
531	0.110548
532	0.111569
533	0.112539
534	0.113461
535	0.114334
536	0.115165
537	0.115957
538	0.116710
539	0.117426
540	0.118110
541	0.118769
542	0.119412
543	0.120048
544	0.120685
545	0.121325
546	0.121967
547	0.122608
548	0.123247
549	0.123882
550	0.124509
551	0.125124
552	0.125719
553	0.126286
554	0.126816
555	0.127302
556	0.127729
557	0.128078
558	0.128328
559	0.128461
560	0.128466
561	0.128344
562	0.128110
563	0.127791
564	0.127418
565	0.127023
566	0.126630
567	0.126256
568	0.125911
569	0.125599
570	0.125324
571	0.125086
572	0.124890
573	0.124742
574	0.124647
575	0.124604
576	0.124612
577	0.124656
578	0.124712
579	0.124754
580	0.124759
581	0.124720
582	0.124645
583	0.124555
584	0.124481
585	0.124455
586	0.124498
587	0.124623
588	0.124823
589	0.125081
590	0.125370
591	0.125666
592	0.125952
593	0.126216
594	0.126456
595	0.126670
596	0.126858
597	0.127023
598	0.127169
599	0.127297
600	0.127400
601	0.127473
602	0.127511
603	0.127515
604	0.127488
605	0.127438
606	0.127369
607	0.127286
608	0.127188
609	0.127075
610	0.126946
611	0.126805
612	0.126655
613	0.126502
614	0.126350
615	0.126206
616	0.126078
617	0.125973
618	0.125896
619	0.125852
620	0.125843
621	0.125873
622	0.125939
623	0.126039
624	0.126170
625	0.126325
626	0.126500
627	0.126689
628	0.126887
629	0.127091
630	0.127291
631	0.127479
632	0.127644
633	0.127774
634	0.127860
635	0.127895
636	0.127875
637	0.127798
638	0.127663
639	0.127474
640	0.127236
641	0.126957
642	0.126650
643	0.126326
644	0.125994
645	0.125665
646	0.125350
647	0.125062
648	0.124811
649	0.124603
650	0.124437
651	0.124305
652	0.124196
653	0.124091
654	0.123976
655	0.123834
656	0.123655
657	0.123432
658	0.123163
659	0.122851
660	0.122506
661	0.122142
662	0.121775
663	0.121420
664	0.121090
665	0.120798
666	0.120551
667	0.120352
668	0.120204
669	0.120110
670	0.120067
671	0.120072
672	0.120119
673	0.120206
674	0.120333
675	0.120500
676	0.120710
677	0.120966
678	0.121274
679	0.121642
680	0.122089
681	0.122644
682	0.123337
683	0.124197
684	0.125244
685	0.126492
686	0.127961
687	0.129667
688	0.131629
689	0.133859
690	0.136365
691	0.139146
692	0.142202
693	0.145530
694	0.149127
695	0.152987
696	0.157089
697	0.161399
698	0.165874
699	0.170480
700	0.175185
701	0.179958
702	0.184769
703	0.189594
704	0.194416
705	0.199225
706	0.204021
707	0.208809
708	0.213595
709	0.218377
710	0.223148
711	0.227909
712	0.232675
713	0.237477
714	0.242338
715	0.247258
716	0.252218
717	0.257199
718	0.262186
719	0.267169
720	0.272130
721	0.277043
722	0.281882
723	0.286622
724	0.291255
725	0.295788
726	0.300230
727	0.304577
728	0.308807
729	0.312891
730	0.316810
731	0.320565
732	0.324167
733	0.327622
734	0.330932
735	0.334097
736	0.337123
737	0.340011
738	0.342764
739	0.345377
740	0.347844
741	0.350157
742	0.352317
743	0.354336
744	0.356226
745	0.357996
746	0.359656
747	0.361212
748	0.362670
749	0.364041
750	0.365323
751	0.366498
752	0.367560
753	0.368548
754	0.369525
755	0.370520
756	0.371526
757	0.372514
758	0.373450
759	0.374299
760	0.375042
761	0.375676
762	0.376204
763	0.376632
764	0.376981
765	0.377291
766	0.377617
767	0.378014
768	0.378505
769	0.379054
770	0.379606
771	0.380135
772	0.380645
773	0.381136
774	0.381607
775	0.382063
776	0.382511
777	0.382959
778	0.383410
779	0.383863
780	0.384313
781	0.384751
782	0.385169
783	0.385570
784	0.385956
785	0.386337
786	0.386719
787	0.387109
788	0.387505
789	0.387903
790	0.388302
791	0.388700
792	0.389097
793	0.389489
794	0.389874
795	0.390246
796	0.390603
797	0.390948
798	0.391287
799	0.391631
800	0.391986
801	0.392357
802	0.392743
803	0.393138
804	0.393532
805	0.393921
806	0.394300
807	0.394670
808	0.395032
809	0.395385
810	0.395729
811	0.396068
812	0.396406
813	0.396739
814	0.397062
815	0.397382
816	0.397715
817	0.398064
818	0.398422
819	0.398780
820	0.399137
821	0.399499
822	0.399871
823	0.400250
824	0.400629
825	0.400998
826	0.401354
827	0.401696
828	0.402025
829	0.402350
830	0.402674
831	0.402991
832	0.403292
833	0.403583
834	0.403880
835	0.404197
836	0.404541
837	0.404907
838	0.405286
839	0.405666
840	0.406043
841	0.406414
842	0.406780
843	0.407139
844	0.407491
845	0.407835
846	0.408176
847	0.408526
848	0.408893
849	0.409268
850	0.409639
851	0.409997
852	0.410340
853	0.410674
854	0.411007
855	0.411342
856	0.411673
857	0.411994
858	0.412305
859	0.412620
860	0.412954
861	0.413307
862	0.413663
863	0.414002
864	0.414317
865	0.414616
866	0.414910
867	0.415200
868	0.415485
869	0.415763
870	0.416033
871	0.416299
872	0.416572
873	0.416856
874	0.417146
875	0.417432
876	0.417701
877	0.417946
878	0.418171
879	0.418387
880	0.418609
881	0.418844
882	0.419088
883	0.419333
884	0.419568
885	0.419791
886	0.420011
887	0.420228
888	0.420443
889	0.420657
890	0.420872
891	0.421092
892	0.421330
893	0.421595
894	0.421883
895	0.422182
896	0.422469
897	0.422718
898	0.422923
899	0.423092
900	0.423241
901	0.423390
902	0.423556
903	0.423745
904	0.423956
905	0.424178
906	0.424395
907	0.424598
908	0.424791
909	0.424981
910	0.425178
911	0.425368
912	0.425521
913	0.425675
914	0.425895
915	0.426225
916	0.426663
917	0.427163
918	0.427658
919	0.428089
920	0.428423
921	0.428645
922	0.428745
923	0.428711
924	0.428527
925	0.428202
926	0.427781
927	0.427339
928	0.426948
929	0.426631
930	0.426350
931	0.426087
932	0.425841
933	0.425612
934	0.425400
935	0.425203
936	0.425021
937	0.424854
938	0.424702
939	0.424563
940	0.424438
941	0.424326
942	0.424227
943	0.424139
944	0.424063
945	0.423998
946	0.423943
947	0.423899
948	0.423864
949	0.423839
950	0.423822
951	0.423813
952	0.423812
953	0.423819
954	0.423832
955	0.423851
956	0.423876
957	0.423907
958	0.423942
959	0.423982
960	0.424026
961	0.424073
962	0.424124
963	0.424177
964	0.424232
965	0.424288
966	0.424345
967	0.424404
968	0.424462
969	0.424520
970	0.424577
971	0.424633
972	0.424687
973	0.424739
974	0.424788
975	0.424834
976	0.424877
977	0.424915
978	0.424949
979	0.424977
980	0.425000
981	0.425017
982	0.425058
983	0.425183
984	0.425356
985	0.425458
986	0.425362
987	0.424976
988	0.424268
989	0.423256
990	0.421988
991	0.420522
992	0.418920
993	0.417265
994	0.415656
995	0.414185
996	0.412906
997	0.411808
998	0.410813
999	0.409817
1000	0.408768
1001	0.407711
1002	0.406676
1003	0.405664
1004	0.404680
1005	0.403726
1006	0.402805
1007	0.401919
1008	0.401071
1009	0.400263
1010	0.399496
1011	0.398773
1012	0.398095
1013	0.397464
1014	0.396882
1015	0.396348
1016	0.395865
1017	0.395432
1018	0.395051
1019	0.394723
1020	0.394447
1021	0.394223
1022	0.394052
1023	0.393934
1024	0.393867
1025	0.393852
1026	0.393888
1027	0.393973
1028	0.394107
1029	0.394289
1030	0.394517
1031	0.394790
1032	0.395102
1033	0.395452
1034	0.395841
1035	0.396271
1036	0.396749
1037	0.397275
1038	0.397849
1039	0.398464
1040	0.399112
1041	0.399783
1042	0.400462
1043	0.401137
1044	0.401793
1045	0.402420
1046	0.403008
1047	0.403556
1048	0.404065
1049	0.404541
1050	0.404987
1051	0.405404
1052	0.405794
1053	0.406157
1054	0.406494
1055	0.406807
1056	0.407096
1057	0.407364
1058	0.407610
1059	0.407835
1060	0.408042
1061	0.408231
1062	0.408403
1063	0.408559
1064	0.408700
1065	0.408828
1066	0.408943
1067	0.409046
1068	0.409139
1069	0.409223
1070	0.409298
1071	0.409367
1072	0.409429
1073	0.409486
1074	0.409539
1075	0.409589
1076	0.409638
1077	0.409686
1078	0.409734
1079	0.409783
1080	0.409835
1081	0.409891
1082	0.409951
1083	0.410017
1084	0.410090
1085	0.410171
1086	0.410261
1087	0.410361
1088	0.410472
1089	0.410595
1090	0.410732
1091	0.410883
1092	0.411058
1093	0.411276
1094	0.411531
1095	0.411789
1096	0.412016
1097	0.412185
1098	0.412279
1099	0.412291
1100	0.412221
1101	0.412076
1102	0.411880
1103	0.411680
1104	0.411540
1105	0.411528
1106	0.411690
1107	0.412035
1108	0.412529
1109	0.413110
1110	0.413714
1111	0.414291
1112	0.414785
1113	0.415145
1114	0.415342
1115	0.415380
1116	0.415291
1117	0.415112
1118	0.414865
1119	0.414533
1120	0.414070
1121	0.413426
1122	0.412573
1123	0.411513
1124	0.410289
1125	0.408962
1126	0.407596
1127	0.406240
1128	0.404941
1129	0.403731
1130	0.402617
1131	0.401579
1132	0.400583
1133	0.399586
1134	0.398568
1135	0.397555
1136	0.396610
1137	0.395816
1138	0.395230
1139	0.394847
1140	0.394592
1141	0.394329
1142	0.393907
1143	0.393208
1144	0.392162
1145	0.390766
1146	0.389077
1147	0.387198
1148	0.385254
1149	0.383380
1150	0.381702
1151	0.380303
1152	0.379202
1153	0.378365
1154	0.377721
1155	0.377200
1156	0.376766
1157	0.376411
1158	0.376156
1159	0.376021
1160	0.376009
1161	0.376106
1162	0.376279
1163	0.376490
1164	0.376706
1165	0.376900
1166	0.377059
1167	0.377188
1168	0.377299
1169	0.377402
1170	0.377500
1171	0.377597
1172	0.377687
1173	0.377763
1174	0.377814
1175	0.377837
1176	0.377832
1177	0.377808
1178	0.377780
1179	0.377754
1180	0.377724
1181	0.377675
1182	0.377597
1183	0.377487
1184	0.377352
1185	0.377206
1186	0.377069
1187	0.376951
1188	0.376870
1189	0.376845
1190	0.376896
1191	0.377030
1192	0.377238
1193	0.377496
1194	0.377769
1195	0.378029
1196	0.378260
1197	0.378455
1198	0.378607
1199	0.378714
1200	0.378780
1201	0.378813
1202	0.378835
1203	0.378873
1204	0.378951
1205	0.379081
1206	0.379262
1207	0.379483
1208	0.379732
1209	0.379998
1210	0.380277
1211	0.380571
1212	0.380882
1213	0.381214
1214	0.381564
1215	0.381934
1216	0.382319
1217	0.382715
1218	0.383113
1219	0.383507
1220	0.383888
1221	0.384252
1222	0.384601
1223	0.384940
1224	0.385276
1225	0.385615
1226	0.385960
1227	0.386309
1228	0.386658
1229	0.387005
1230	0.387353
1231	0.387704
1232	0.388065
1233	0.388437
1234	0.388818
1235	0.389205
1236	0.389597
1237	0.389993
1238	0.390391
1239	0.390780
1240	0.391144
1241	0.391470
1242	0.391757
1243	0.392009
1244	0.392239
1245	0.392459
1246	0.392681
1247	0.392914
1248	0.393166
1249	0.393445
1250	0.393750
1251	0.394068
1252	0.394379
1253	0.394660
1254	0.394904
1255	0.395120
1256	0.395321
1257	0.395514
1258	0.395693
1259	0.395847
1260	0.395964
1261	0.396039
1262	0.396070
1263	0.396053
1264	0.395987
1265	0.395878
1266	0.395745
1267	0.395623
1268	0.395542
1269	0.395527
1270	0.395581
1271	0.395695
1272	0.395856
1273	0.396054
1274	0.396279
1275	0.396519
1276	0.396757
1277	0.396972
1278	0.397147
1279	0.397271
1280	0.397337
1281	0.397340
1282	0.397282
1283	0.397169
1284	0.397018
1285	0.396849
1286	0.396678
1287	0.396516
1288	0.396364
1289	0.396223
1290	0.396089
1291	0.395958
1292	0.395824
1293	0.395679
1294	0.395517
1295	0.395333
1296	0.395135
1297	0.394934
1298	0.394732
1299	0.394522
1300	0.394286
1301	0.394002
1302	0.393656
1303	0.393247
1304	0.392783
1305	0.392272
1306	0.391714
1307	0.391106
1308	0.390452
1309	0.389766
1310	0.389065
1311	0.388363
1312	0.387664
1313	0.386963
1314	0.386256
1315	0.385547
1316	0.384840
1317	0.384145
1318	0.383462
1319	0.382782
1320	0.382094
1321	0.381389
1322	0.380662
1323	0.379917
1324	0.379156
1325	0.378379
1326	0.377584
1327	0.376771
1328	0.375940
1329	0.375089
1330	0.374218
1331	0.373327
1332	0.372414
1333	0.371479
1334	0.370521
1335	0.369540
1336	0.368535
1337	0.367505
1338	0.366450
1339	0.365368
1340	0.364260
1341	0.363125
1342	0.361962
1343	0.360770
1344	0.359548
1345	0.358297
1346	0.357014
1347	0.355701
1348	0.354355
1349	0.352977
1350	0.351565
1351	0.350119
1352	0.348638
1353	0.347123
1354	0.345570
1355	0.343982
1356	0.342356
1357	0.340691
1358	0.338988
1359	0.337246
1360	0.335464
1361	0.333640
1362	0.331776
1363	0.329869
1364	0.327920
1365	0.325914
1366	0.323825
1367	0.321664
1368	0.319477
1369	0.317319
1370	0.315234
1371	0.313244
1372	0.311353
1373	0.309552
1374	0.307828
1375	0.306161
1376	0.304526
1377	0.302884
1378	0.301197
1379	0.299442
1380	0.297619
1381	0.295755
1382	0.293892
1383	0.292055
1384	0.290228
1385	0.288401
1386	0.286574
1387	0.284747
1388	0.282919
1389	0.281092
1390	0.279265
1391	0.277418
1392	0.275520
1393	0.273619
1394	0.271799
1395	0.270118
1396	0.268576
1397	0.267121
1398	0.265679
1399	0.264173
1400	0.262550
1401	0.260772
1402	0.258813
1403	0.256655
1404	0.254306
1405	0.251813
1406	0.249264
1407	0.246770
1408	0.244425
1409	0.242251
1410	0.240191
1411	0.238219
1412	0.236334
1413	0.234532
1414	0.232813
1415	0.231176
1416	0.229617
1417	0.228136
1418	0.226731
1419	0.225401
1420	0.224143
1421	0.222957
1422	0.221839
1423	0.220790
1424	0.219806
1425	0.218887
1426	0.218031
1427	0.217235
1428	0.216499
1429	0.215821
1430	0.215199
1431	0.214631
1432	0.214117
1433	0.213653
1434	0.213238
1435	0.212872
1436	0.212551
1437	0.212276
1438	0.212042
1439	0.211850
1440	0.211698
1441	0.211583
1442	0.211505
1443	0.211461
1444	0.211449
1445	0.211469
1446	0.211519
1447	0.211596
1448	0.211700
1449	0.211828
1450	0.211979
1451	0.212151
1452	0.212351
1453	0.212592
1454	0.212860
1455	0.213121
1456	0.213340
1457	0.213502
1458	0.213605
1459	0.213655
1460	0.213674
1461	0.213684
1462	0.213704
1463	0.213754
1464	0.213847
1465	0.213987
1466	0.214173
1467	0.214394
1468	0.214634
1469	0.214880
1470	0.215147
1471	0.215479
1472	0.215904
1473	0.216429
1474	0.217046
1475	0.217739
1476	0.218481
1477	0.219237
1478	0.219974
1479	0.220658
1480	0.221278
1481	0.221846
1482	0.222381
1483	0.222906
1484	0.223439
1485	0.223984
1486	0.224538
1487	0.225095
1488	0.225660
1489	0.226237
1490	0.226838
1491	0.227471
1492	0.228144
1493	0.228867
1494	0.229647
1495	0.230482
1496	0.231360
1497	0.232257
1498	0.233150
1499	0.234017
1500	0.234840
1501	0.235611
1502	0.236330
1503	0.237011
1504	0.237685
1505	0.238383
1506	0.239123
1507	0.239904
1508	0.240715
1509	0.241542
1510	0.242374
1511	0.243206
1512	0.244033
1513	0.244843
1514	0.245625
1515	0.246380
1516	0.247120
1517	0.247862
1518	0.248616
1519	0.249385
1520	0.250156
1521	0.250920
1522	0.251669
1523	0.252411
1524	0.253153
1525	0.253901
1526	0.254660
1527	0.255430
1528	0.256208
1529	0.256994
1530	0.257790
1531	0.258594
1532	0.259402
1533	0.260214
1534	0.261033
1535	0.261860
1536	0.262687
1537	0.263500
1538	0.264281
1539	0.265016
1540	0.265708
1541	0.266370
1542	0.267023
1543	0.267678
1544	0.268341
1545	0.269017
1546	0.269712
1547	0.270431
1548	0.271173
1549	0.271928
1550	0.272676
1551	0.273397
1552	0.274084
1553	0.274744
1554	0.275394
1555	0.276053
1556	0.276727
1557	0.277414
1558	0.278108
1559	0.278801
1560	0.279493
1561	0.280188
1562	0.280886
1563	0.281581
1564	0.282258
1565	0.282898
1566	0.283493
1567	0.284048
1568	0.284579
1569	0.285108
1570	0.285652
1571	0.286216
1572	0.286800
1573	0.287395
1574	0.287993
1575	0.288591
1576	0.289183
1577	0.289766
1578	0.290338
1579	0.290898
1580	0.291450
1581	0.292004
1582	0.292570
1583	0.293157
1584	0.293765
1585	0.294387
1586	0.295007
1587	0.295614
1588	0.296203
1589	0.296778
1590	0.297347
1591	0.297909
1592	0.298459
1593	0.298991
1594	0.299500
1595	0.299982
1596	0.300438
1597	0.300877
1598	0.301311
1599	0.301752
1600	0.302215
1601	0.302704
1602	0.303220
1603	0.303757
1604	0.304308
1605	0.304869
1606	0.305432
1607	0.305995
1608	0.306553
1609	0.307100
1610	0.307633
1611	0.308149
1612	0.308649
1613	0.309136
1614	0.309616
1615	0.310097
1616	0.310585
1617	0.311086
1618	0.311601
1619	0.312129
1620	0.312662
1621	0.313191
1622	0.313704
1623	0.314186
1624	0.314628
1625	0.315032
1626	0.315416
1627	0.315802
1628	0.316209
1629	0.316640
1630	0.317084
1631	0.317528
1632	0.317963
1633	0.318379
1634	0.318767
1635	0.319120
1636	0.319436
1637	0.319726
1638	0.320018
1639	0.320334
1640	0.320690
1641	0.321081
1642	0.321487
1643	0.321891
1644	0.322278
1645	0.322640
1646	0.322976
1647	0.323286
1648	0.323572
1649	0.323842
1650	0.324112
1651	0.324388
1652	0.324666
1653	0.324934
1654	0.325175
1655	0.325382
1656	0.325559
1657	0.325720
1658	0.325888
1659	0.326079
1660	0.326293
1661	0.326513
1662	0.326708
1663	0.326850
1664	0.326915
1665	0.326895
1666	0.326795
1667	0.326635
1668	0.326447
1669	0.326267
1670	0.326126
1671	0.326044
1672	0.326025
1673	0.326054
1674	0.326105
1675	0.326148
1676	0.326157
1677	0.326120
1678	0.326031
1679	0.325898
1680	0.325735
1681	0.325557
1682	0.325376
1683	0.325200
1684	0.325034
1685	0.324882
1686	0.324743
1687	0.324611
1688	0.324473
1689	0.324309
1690	0.324104
1691	0.323855
1692	0.323571
1693	0.323277
1694	0.322999
1695	0.322761
1696	0.322577
1697	0.322450
1698	0.322367
1699	0.322304
1700	0.322234
1701	0.322135
1702	0.321988
1703	0.321785
1704	0.321531
1705	0.321239
1706	0.320932
1707	0.320630
1708	0.320341
1709	0.320068
1710	0.319804
1711	0.319539
1712	0.319268
1713	0.318989
1714	0.318713
1715	0.318460
1716	0.318244
1717	0.318061
1718	0.317899
1719	0.317745
1720	0.317587
1721	0.317409
1722	0.317198
1723	0.316939
1724	0.316629
1725	0.316279
1726	0.315908
1727	0.315549
1728	0.315238
1729	0.314999
1730	0.314838
1731	0.314732
1732	0.314649
1733	0.314554
1734	0.314411
1735	0.314194
1736	0.313889
1737	0.313503
1738	0.313063
1739	0.312606
1740	0.312171
1741	0.311793
1742	0.311493
1743	0.311268
1744	0.311089
1745	0.310911
1746	0.310688
1747	0.310396
1748	0.310044
1749	0.309659
1750	0.309280
1751	0.308925
1752	0.308590
1753	0.308263
1754	0.307931
1755	0.307597
1756	0.307274
1757	0.306972
1758	0.306690
1759	0.306412
1760	0.306120
1761	0.305799
1762	0.305442
1763	0.305056
1764	0.304650
1765	0.304241
1766	0.303858
1767	0.303536
1768	0.303320
1769	0.303251
1770	0.303349
1771	0.303575
1772	0.303833
1773	0.304025
1774	0.304074
1775	0.303942
1776	0.303629
1777	0.303162
1778	0.302575
1779	0.301906
1780	0.301194
1781	0.300474
1782	0.299778
1783	0.299118
1784	0.298493
1785	0.297883
1786	0.297262
1787	0.296624
1788	0.295983
1789	0.295345
1790	0.294710
1791	0.294074
1792	0.293438
1793	0.292802
1794	0.292166
1795	0.291530
1796	0.290894
1797	0.290259
1798	0.289623
1799	0.288987
1800	0.288351
1801	0.287715
1802	0.287079
1803	0.286443
1804	0.285807
1805	0.285172
1806	0.284536
1807	0.283900
1808	0.283264
1809	0.282628
1810	0.281992
1811	0.281356
1812	0.280721
1813	0.280085
1814	0.279449
1815	0.278813
1816	0.278177
1817	0.277541
1818	0.276905
1819	0.276269
1820	0.275634
1821	0.274998
1822	0.274362
1823	0.273726
1824	0.273090
1825	0.272454
1826	0.271818
1827	0.271183
1828	0.270547
1829	0.269911
1830	0.269275
1831	0.268639
1832	0.268003
1833	0.267367
1834	0.266731
1835	0.266096
1836	0.265460
1837	0.264824
1838	0.264188
1839	0.263552
1840	0.262916
1841	0.262280
1842	0.261645
1843	0.261009
1844	0.260373
1845	0.259737
1846	0.259101
1847	0.258465
1848	0.257829
1849	0.257194
1850	0.256558
1851	0.255922
1852	0.255286
1853	0.254650
1854	0.254014
1855	0.253378
1856	0.252742
1857	0.252107
1858	0.251471
1859	0.250835
1860	0.250199
1861	0.249563
1862	0.248927
1863	0.248291
1864	0.247656
1865	0.247020
1866	0.246384
1867	0.245748
1868	0.245112
1869	0.244476
1870	0.243840
1871	0.243204
1872	0.242569
1873	0.241933
1874	0.241297
1875	0.240661
1876	0.240025
1877	0.239389
1878	0.238753
1879	0.238118
1880	0.237482
1881	0.236846
1882	0.236210
1883	0.235574
1884	0.234938
1885	0.234302
1886	0.233666
1887	0.233031
1888	0.232395
1889	0.231759
1890	0.231123
1891	0.230487
1892	0.229851
1893	0.229215
1894	0.228580
1895	0.227944
1896	0.227308
1897	0.226672
1898	0.226036
1899	0.225400
1900	0.224764
1901	0.224128
1902	0.223493
1903	0.222857
1904	0.222221
1905	0.221585
1906	0.220949
1907	0.220313
1908	0.219677
1909	0.219042
1910	0.218406
1911	0.217770
1912	0.217134
1913	0.216498
1914	0.215862
1915	0.215226
1916	0.214590
1917	0.213955
1918	0.213319
1919	0.212683
1920	0.212047
1921	0.211411
1922	0.210775
1923	0.210139
1924	0.209504
1925	0.208868
1926	0.208232
1927	0.207596
1928	0.206960
1929	0.206324
1930	0.205688
1931	0.205052
1932	0.204417
1933	0.203781
1934	0.203145
1935	0.202509
1936	0.201873
1937	0.201237
1938	0.200601
1939	0.199966
1940	0.199330
1941	0.198690
1942	0.198042
1943	0.197396
1944	0.196770
1945	0.196170
1946	0.195590
1947	0.195013
1948	0.194419
1949	0.193793
1950	0.193126
1951	0.192416
1952	0.191665
1953	0.190879
1954	0.190069
1955	0.189258
1956	0.188470
1957	0.187734
1958	0.187069
1959	0.186476
1960	0.185941
1961	0.185457
1962	0.185022
1963	0.184637
1964	0.184299
1965	0.184008
1966	0.183763
1967	0.183562
1968	0.183406
1969	0.183293
1970	0.183222
1971	0.183192
1972	0.183202
1973	0.183251
1974	0.183339
1975	0.183463
1976	0.183624
1977	0.183821
1978	0.184051
1979	0.184315
1980	0.184612
1981	0.184940
1982	0.185298
1983	0.185686
1984	0.186103
1985	0.186547
1986	0.187018
1987	0.187515
1988	0.188036
1989	0.188581
1990	0.189149
1991	0.189739
1992	0.190350
1993	0.190980
1994	0.191630
1995	0.192297
1996	0.192982
1997	0.193682
1998	0.194398
1999	0.195128
2000	0.195871
2001	0.196626
2002	0.197404
2003	0.198229
2004	0.199089
2005	0.199919
2006	0.200637
2007	0.201223
2008	0.201723
2009	0.202210
2010	0.202753
2011	0.203369
2012	0.204036
2013	0.204728
2014	0.205422
2015	0.206099
2016	0.206725
2017	0.207238
2018	0.207567
2019	0.207668
2020	0.207567
2021	0.207375
2022	0.207195
2023	0.207069
2024	0.206977
2025	0.206896
2026	0.206815
2027	0.206733
2028	0.206663
2029	0.206619
2030	0.206617
2031	0.206684
2032	0.206833
2033	0.207050
2034	0.207296
2035	0.207505
2036	0.207612
2037	0.207573
2038	0.207376
2039	0.207056
2040	0.206676
2041	0.206319
2042	0.206076
2043	0.206018
2044	0.206163
2045	0.206455
2046	0.206779
2047	0.207008
2048	0.207055
2049	0.206895
2050	0.206575
2051	0.206188
2052	0.205848
2053	0.205657
2054	0.205706
2055	0.206048
2056	0.206676
2057	0.207523
2058	0.208472
2059	0.209393
2060	0.210182
2061	0.210790
2062	0.211224
2063	0.211521
2064	0.211728
2065	0.211881
2066	0.212008
2067	0.212126
2068	0.212252
2069	0.212399
2070	0.212569
2071	0.212752
2072	0.212941
2073	0.213137
2074	0.213339
2075	0.213548
2076	0.213763
2077	0.213985
2078	0.214212
2079	0.214446
2080	0.214686
2081	0.214931
2082	0.215182
2083	0.215438
2084	0.215699
2085	0.215966
2086	0.216238
2087	0.216514
2088	0.216795
2089	0.217081
2090	0.217371
2091	0.217665
2092	0.217964
2093	0.218266
2094	0.218572
2095	0.218881
2096	0.219194
2097	0.219510
2098	0.219829
2099	0.220151
2100	0.220475
2101	0.220802
2102	0.221131
2103	0.221462
2104	0.221796
2105	0.222130
2106	0.222467
2107	0.222805
2108	0.223143
2109	0.223483
2110	0.223823
2111	0.224164
2112	0.224506
2113	0.224847
2114	0.225188
2115	0.225529
2116	0.225869
2117	0.226208
2118	0.226547
2119	0.226884
2120	0.227219
2121	0.227553
2122	0.227885
2123	0.228215
2124	0.228543
2125	0.228867
2126	0.229189
2127	0.229508
2128	0.229823
2129	0.230135
2130	0.230443
2131	0.230747
2132	0.231046
2133	0.231341
2134	0.231631
2135	0.231915
2136	0.232194
2137	0.232468
2138	0.232735
2139	0.232997
2140	0.233251
2141	0.233499
2142	0.233740
2143	0.233974
2144	0.234200
2145	0.234418
2146	0.234628
2147	0.234829
2148	0.235022
2149	0.235205
2150	0.235379
2151	0.235543
2152	0.235697
2153	0.235838
2154	0.235970
2155	0.236096
2156	0.236218
2157	0.236333
2158	0.236434
2159	0.236515
2160	0.236572
2161	0.236603
2162	0.236609
2163	0.236592
2164	0.236555
2165	0.236504
2166	0.236447
2167	0.236393
2168	0.236349
2169	0.236322
2170	0.236310
2171	0.236310
2172	0.236318
2173	0.236335
2174	0.236360
2175	0.236392
2176	0.236431
2177	0.236476
2178	0.236527
2179	0.236583
2180	0.236645
2181	0.236711
2182	0.236781
2183	0.236854
2184	0.236931
2185	0.237011
2186	0.237092
2187	0.237176
2188	0.237261
2189	0.237347
2190	0.237434
2191	0.237520
2192	0.237607
2193	0.237693
2194	0.237778
2195	0.237861
2196	0.237943
2197	0.238022
2198	0.238098
2199	0.238172
2200	0.238242
2201	0.238309
2202	0.238371
2203	0.238429
2204	0.238482
2205	0.238530
2206	0.238572
2207	0.238609
2208	0.238639
2209	0.238663
2210	0.238680
2211	0.238689
2212	0.238691
2213	0.238685
2214	0.238671
2215	0.238648
2216	0.238617
2217	0.238576
2218	0.238527
2219	0.238467
2220	0.238397
2221	0.238317
2222	0.238227
2223	0.238126
2224	0.238013
2225	0.237890
2226	0.237754
2227	0.237607
2228	0.237448
2229	0.237276
2230	0.237091
2231	0.236894
2232	0.236684
2233	0.236460
2234	0.236222
2235	0.235971
2236	0.235706
2237	0.235427
2238	0.235133
2239	0.234824
2240	0.234501
2241	0.234162
2242	0.233809
2243	0.233439
2244	0.233055
2245	0.232654
2246	0.232237
2247	0.231805
2248	0.231356
2249	0.230890
2250	0.230408
2251	0.229909
2252	0.229395
2253	0.228871
2254	0.228330
2255	0.227758
2256	0.227147
2257	0.226497
2258	0.225814
2259	0.225116
2260	0.224422
2261	0.223749
2262	0.223116
2263	0.222539
2264	0.222032
2265	0.221604
2266	0.221254
2267	0.220976
2268	0.220751
2269	0.220565
2270	0.220408
2271	0.220283
2272	0.220189
2273	0.220124
2274	0.220084
2275	0.220068
2276	0.220072
2277	0.220095
2278	0.220133
2279	0.220184
2280	0.220247
2281	0.220320
2282	0.220399
2283	0.220484
2284	0.220573
2285	0.220664
2286	0.220755
2287	0.220845
2288	0.220933
2289	0.221017
2290	0.221096
2291	0.221170
2292	0.221236
2293	0.221294
2294	0.221344
2295	0.221385
2296	0.221415
2297	0.221435
2298	0.221444
2299	0.221442
2300	0.221428
2301	0.221403
2302	0.221367
2303	0.221319
2304	0.221259
2305	0.221189
2306	0.221107
2307	0.221016
2308	0.220915
2309	0.220805
2310	0.220687
2311	0.220561
2312	0.220429
2313	0.220292
2314	0.220150
2315	0.220005
2316	0.219859
2317	0.219712
2318	0.219567
2319	0.219424
2320	0.219286
2321	0.219155
2322	0.219032
2323	0.218920
2324	0.218820
2325	0.218734
2326	0.218666
2327	0.218617
2328	0.218591
2329	0.218588
2330	0.218613
2331	0.218668
2332	0.218756
2333	0.218880
2334	0.219043
2335	0.219248
2336	0.219499
2337	0.219798
2338	0.220150
2339	0.220557
2340	0.221024
2341	0.221555
2342	0.222152
2343	0.222821
2344	0.223565
2345	0.224389
2346	0.225296
2347	0.226290
2348	0.227378
2349	0.228562
2350	0.229848
2351	0.231240
2352	0.232757
2353	0.234432
2354	0.236261
2355	0.238200
2356	0.240194
2357	0.242199
2358	0.244188
2359	0.246153
2360	0.248098
2361	0.250033
2362	0.251973
2363	0.253942
2364	0.255977
2365	0.258116
2366	0.260387
2367	0.262794
2368	0.265309
2369	0.267889
2370	0.270511
2371	0.273189
2372	0.275933
2373	0.278744
2374	0.281620
2375	0.284563
2376	0.287572
2377	0.290647
2378	0.293789
2379	0.296997
2380	0.300271
2381	0.303611
2382	0.307017
2383	0.310490
2384	0.314029
2385	0.317634
2386	0.321305
2387	0.325043
2388	0.328847
2389	0.332717
2390	0.336653
2391	0.340655
2392	0.344724
2393	0.348859
2394	0.353060
2395	0.357327
2396	0.361661
2397	0.366061
2398	0.370527
2399	0.375059
2400	0.379657
2401	0.384322
2402	0.389053
2403	0.393850
2404	0.398713
2405	0.403643
2406	0.408638
2407	0.413700
2408	0.418829
2409	0.424023
2410	0.429284
2411	0.434611
2412	0.440004
2413	0.445463
2414	0.450988
2415	0.456580
2416	0.462238
2417	0.467962
2418	0.473753
2419	0.479609
2420	0.485532
2421	0.491521
2422	0.497577
2423	0.503698
2424	0.509886
2425	0.516140
2426	0.522460
2427	0.528847
2428	0.535299
2429	0.541818
2430	0.548403
2431	0.555055
2432	0.561772
2433	0.568556
2434	0.575406
2435	0.582322
2436	0.589305
2437	0.596353
2438	0.603468
2439	0.610649
2440	0.617896
2441	0.625210
2442	0.632590
2443	0.640036
2444	0.647548
2445	0.655126
2446	0.662771
2447	0.670482
2448	0.678259
2449	0.686102
2450	0.694012
2451	0.701988
2452	0.710030
2453	0.718138
2454	0.726312
2455	0.734553
2456	0.742860
2457	0.751233
2458	0.759672
2459	0.768178
2460	0.776749
2461	0.785387
2462	0.794092
2463	0.802862
2464	0.811699
2465	0.820602
2466	0.829571
2467	0.838606
2468	0.847707
2469	0.856875
2470	0.866109
2471	0.875409
2472	0.884776
2473	0.894208
2474	0.903707
2475	0.913272
2476	0.922904
2477	0.932601
2478	0.942365
2479	0.952195
2480	0.962091
2481	0.972054
2482	0.982082
2483	0.992177
2484	1.002338
2485	1.012566
2486	1.022859
2487	1.033219
2488	1.043645
2489	1.054137
2490	1.064695
2491	1.075320
2492	1.086011
2493	1.096768
2494	1.107591
2495	1.118481
2496	1.129437
2497	1.140459
2498	1.151547
2499	1.162701
2500	1.173922
