350	0.022317
351	0.022312
352	0.022316
353	0.022330
354	0.022354
355	0.022386
356	0.022429
357	0.022481
358	0.022542
359	0.022613
360	0.022694
361	0.022793
362	0.022904
363	0.023021
364	0.023138
365	0.023250
366	0.023352
367	0.023440
368	0.023515
369	0.023578
370	0.023634
371	0.023693
372	0.023760
373	0.023844
374	0.023947
375	0.024069
376	0.024207
377	0.024356
378	0.024509
379	0.024663
380	0.024811
381	0.024952
382	0.025084
383	0.025208
384	0.025327
385	0.025444
386	0.025563
387	0.025687
388	0.025819
389	0.025960
390	0.026108
391	0.026261
392	0.026418
393	0.026578
394	0.026740
395	0.026904
396	0.027071
397	0.027239
398	0.027406
399	0.027571
400	0.027731
401	0.027882
402	0.028024
403	0.028155
404	0.028278
405	0.028394
406	0.028509
407	0.028629
408	0.028758
409	0.028898
410	0.029049
411	0.029210
412	0.029377
413	0.029546
414	0.029715
415	0.029879
416	0.030039
417	0.030195
418	0.030348
419	0.030500
420	0.030655
421	0.030813
422	0.030977
423	0.031147
424	0.031322
425	0.031502
426	0.031686
427	0.031872
428	0.032058
429	0.032244
430	0.032428
431	0.032610
432	0.032788
433	0.032963
434	0.033136
435	0.033307
436	0.033477
437	0.033647
438	0.033819
439	0.033992
440	0.034167
441	0.034342
442	0.034518
443	0.034692
444	0.034864
445	0.035034
446	0.035200
447	0.035364
448	0.035523
449	0.035679
450	0.035832
451	0.035981
452	0.036127
453	0.036268
454	0.036404
455	0.036535
456	0.036659
457	0.036776
458	0.036886
459	0.036988
460	0.037084
461	0.037173
462	0.037258
463	0.037339
464	0.037418
465	0.037496
466	0.037573
467	0.037650
468	0.037728
469	0.037807
470	0.037886
471	0.037965
472	0.038044
473	0.038124
474	0.038204
475	0.038286
476	0.038373
477	0.038464
478	0.038561
479	0.038664
480	0.038775
481	0.038891
482	0.039013
483	0.039137
484	0.039261
485	0.039384
486	0.039504
487	0.039623
488	0.039743
489	0.039866
490	0.039996
491	0.040135
492	0.040285
493	0.040448
494	0.040625
495	0.040813
496	0.041010
497	0.041214
498	0.041424
499	0.041637
500	0.041854
501	0.042076
502	0.042305
503	0.042542
504	0.042790
505	0.043050
506	0.043324
507	0.043614
508	0.043920
509	0.044243
510	0.044582
511	0.044939
512	0.045315
513	0.045708
514	0.046120
515	0.046550
516	0.046996
517	0.047456
518	0.047929
519	0.048410
520	0.048897
521	0.049388
522	0.049878
523	0.050366
524	0.050850
525	0.051326
526	0.051794
527	0.052252
528	0.052699
529	0.053135
530	0.053559
531	0.053969
532	0.054367
533	0.054750
534	0.055119
535	0.055473
536	0.055813
537	0.056140
538	0.056453
539	0.056756
540	0.057051
541	0.057340
542	0.057626
543	0.057910
544	0.058195
545	0.058480
546	0.058766
547	0.059050
548	0.059332
549	0.059609
550	0.059880
551	0.060141
552	0.060391
553	0.060627
554	0.060848
555	0.061050
556	0.061233
557	0.061393
558	0.061530
559	0.061644
560	0.061735
561	0.061806
562	0.061858
563	0.061895
564	0.061920
565	0.061936
566	0.061945
567	0.061950
568	0.061953
569	0.061953
570	0.061954
571	0.061958
572	0.061966
573	0.061980
574	0.062002
575	0.062032
576	0.062067
577	0.062106
578	0.062145
579	0.062181
580	0.062211
581	0.062234
582	0.062249
583	0.062259
584	0.062268
585	0.062278
586	0.062296
587	0.062324
588	0.062365
589	0.062422
590	0.062496
591	0.062585
592	0.062688
593	0.062804
594	0.062930
595	0.063062
596	0.063197
597	0.063329
598	0.063454
599	0.063569
600	0.063669
601	0.063753
602	0.063821
603	0.063871
604	0.063906
605	0.063927
606	0.063938
607	0.063942
608	0.063941
609	0.063937
610	0.063932
611	0.063925
612	0.063917
613	0.063908
614	0.063898
615	0.063886
616	0.063874
617	0.063864
618	0.063857
619	0.063856
620	0.063864
621	0.063882
622	0.063913
623	0.063956
624	0.064010
625	0.064075
626	0.064148
627	0.064226
628	0.064307
629	0.064389
630	0.064469
631	0.064544
632	0.064612
633	0.064671
634	0.064717
635	0.064749
636	0.064765
637	0.064764
638	0.064743
639	0.064704
640	0.064648
641	0.064577
642	0.064495
643	0.064408
644	0.064319
645	0.064234
646	0.064157
647	0.064091
648	0.064037
649	0.063997
650	0.063970
651	0.063953
652	0.063945
653	0.063943
654	0.063942
655	0.063940
656	0.063934
657	0.063919
658	0.063895
659	0.063859
660	0.063812
661	0.063756
662	0.063693
663	0.063628
664	0.063566
665	0.063511
666	0.063469
667	0.063443
668	0.063433
669	0.063441
670	0.063466
671	0.063507
672	0.063560
673	0.063623
674	0.063696
675	0.063777
676	0.063867
677	0.063968
678	0.064083
679	0.064216
680	0.064372
681	0.064556
682	0.064775
683	0.065034
684	0.065338
685	0.065694
686	0.066107
687	0.066583
688	0.067129
689	0.067751
690	0.068457
691	0.069254
692	0.070147
693	0.071140
694	0.072237
695	0.073437
696	0.074734
697	0.076123
698	0.077593
699	0.079131
700	0.080728
701	0.082372
702	0.084054
703	0.085767
704	0.087508
705	0.089275
706	0.091066
707	0.092879
708	0.094710
709	0.096557
710	0.098414
711	0.100279
712	0.102152
713	0.104034
714	0.105929
715	0.107843
716	0.109783
717	0.111756
718	0.113764
719	0.115806
720	0.117876
721	0.119962
722	0.122053
723	0.124138
724	0.126205
725	0.128249
726	0.130264
727	0.132244
728	0.134187
729	0.136092
730	0.137956
731	0.139776
732	0.141544
733	0.143255
734	0.144902
735	0.146479
736	0.147984
737	0.149415
738	0.150770
739	0.152051
740	0.153257
741	0.154388
742	0.155447
743	0.156435
744	0.157355
745	0.158206
746	0.158993
747	0.159718
748	0.160386
749	0.161005
750	0.161581
751	0.162120
752	0.162626
753	0.163099
754	0.163537
755	0.163938
756	0.164298
757	0.164615
758	0.164888
759	0.165118
760	0.165314
761	0.165488
762	0.165656
763	0.165832
764	0.166028
765	0.166250
766	0.166498
767	0.166765
768	0.167043
769	0.167321
770	0.167591
771	0.167844
772	0.168074
773	0.168283
774	0.168471
775	0.168646
776	0.168810
777	0.168969
778	0.169123
779	0.169271
780	0.169411
781	0.169542
782	0.169662
783	0.169771
784	0.169871
785	0.169964
786	0.170053
787	0.170144
788	0.170239
789	0.170342
790	0.170453
791	0.170571
792	0.170694
793	0.170819
794	0.170942
795	0.171062
796	0.171179
797	0.171295
798	0.171413
799	0.171538
800	0.171671
801	0.171815
802	0.171968
803	0.172125
804	0.172277
805	0.172415
806	0.172527
807	0.172603
808	0.172637
809	0.172628
810	0.172582
811	0.172507
812	0.172420
813	0.172337
814	0.172275
815	0.172249
816	0.172267
817	0.172333
818	0.172442
819	0.172587
820	0.172755
821	0.172934
822	0.173112
823	0.173281
824	0.173439
825	0.173584
826	0.173718
827	0.173845
828	0.173970
829	0.174094
830	0.174222
831	0.174354
832	0.174491
833	0.174634
834	0.174782
835	0.174935
836	0.175093
837	0.175257
838	0.175426
839	0.175595
840	0.175761
841	0.175921
842	0.176070
843	0.176208
844	0.176335
845	0.176451
846	0.176560
847	0.176665
848	0.176770
849	0.176876
850	0.176984
851	0.177092
852	0.177200
853	0.177303
854	0.177402
855	0.177495
856	0.177584
857	0.177670
858	0.177756
859	0.177845
860	0.177937
861	0.178036
862	0.178138
863	0.178242
864	0.178342
865	0.178436
866	0.178519
867	0.178592
868	0.178654
869	0.178708
870	0.178755
871	0.178798
872	0.178843
873	0.178891
874	0.178946
875	0.179009
876	0.179080
877	0.179155
878	0.179231
879	0.179306
880	0.179378
881	0.179444
882	0.179507
883	0.179564
884	0.179615
885	0.179661
886	0.179698
887	0.179724
888	0.179734
889	0.179721
890	0.179681
891	0.179608
892	0.179500
893	0.179362
894	0.179201
895	0.179029
896	0.178860
897	0.178708
898	0.178588
899	0.178509
900	0.178477
901	0.178491
902	0.178546
903	0.178630
904	0.178728
905	0.178825
906	0.178902
907	0.178946
908	0.178950
909	0.178916
910	0.178854
911	0.178783
912	0.178721
913	0.178708
914	0.178778
915	0.178941
916	0.179177
917	0.179443
918	0.179688
919	0.179862
920	0.179928
921	0.179862
922	0.179658
923	0.179323
924	0.178883
925	0.178375
926	0.177846
927	0.177339
928	0.176879
929	0.176468
930	0.176085
931	0.175722
932	0.175379
933	0.175056
934	0.174752
935	0.174467
936	0.174201
937	0.173953
938	0.173724
939	0.173513
940	0.173319
941	0.173143
942	0.172984
943	0.172842
944	0.172717
945	0.172608
946	0.172516
947	0.172439
948	0.172378
949	0.172332
950	0.172301
951	0.172285
952	0.172284
953	0.172297
954	0.172324
955	0.172365
956	0.172419
957	0.172487
958	0.172567
959	0.172660
960	0.172766
961	0.172884
962	0.173013
963	0.173155
964	0.173307
965	0.173471
966	0.173646
967	0.173831
968	0.174026
969	0.174232
970	0.174447
971	0.174672
972	0.174906
973	0.175149
974	0.175401
975	0.175661
976	0.175930
977	0.176206
978	0.176490
979	0.176782
980	0.177080
981	0.177385
982	0.177697
983	0.178012
984	0.178333
985	0.178661
986	0.178999
987	0.179349
988	0.179711
989	0.180083
990	0.180463
991	0.180851
992	0.181242
993	0.181635
994	0.182027
995	0.182414
996	0.182797
997	0.183174
998	0.183548
999	0.183920
1000	0.184292
1001	0.184662
1002	0.185029
1003	0.185392
1004	0.185752
1005	0.186108
1006	0.186460
1007	0.186806
1008	0.187148
1009	0.187485
1010	0.187816
1011	0.188141
1012	0.188460
1013	0.188773
1014	0.189080
1015	0.189380
1016	0.189673
1017	0.189960
1018	0.190239
1019	0.190511
1020	0.190776
1021	0.191033
1022	0.191283
1023	0.191526
1024	0.191761
1025	0.191988
1026	0.192208
1027	0.192420
1028	0.192625
1029	0.192823
1030	0.193013
1031	0.193194
1032	0.193366
1033	0.193531
1034	0.193693
1035	0.193855
1036	0.194016
1037	0.194174
1038	0.194324
1039	0.194464
1040	0.194590
1041	0.194704
1042	0.194803
1043	0.194889
1044	0.194963
1045	0.195027
1046	0.195089
1047	0.195152
1048	0.195221
1049	0.195298
1050	0.195379
1051	0.195462
1052	0.195547
1053	0.195633
1054	0.195722
1055	0.195811
1056	0.195901
1057	0.195992
1058	0.196084
1059	0.196176
1060	0.196267
1061	0.196358
1062	0.196449
1063	0.196538
1064	0.196627
1065	0.196713
1066	0.196799
1067	0.196882
1068	0.196963
1069	0.197041
1070	0.197117
1071	0.197189
1072	0.197258
1073	0.197324
1074	0.197385
1075	0.197443
1076	0.197496
1077	0.197544
1078	0.197588
1079	0.197626
1080	0.197659
1081	0.197686
1082	0.197707
1083	0.197721
1084	0.197730
1085	0.197731
1086	0.197725
1087	0.197712
1088	0.197691
1089	0.197663
1090	0.197626
1091	0.197580
1092	0.197528
1093	0.197472
1094	0.197412
1095	0.197340
1096	0.197248
1097	0.197126
1098	0.196969
1099	0.196775
1100	0.196548
1101	0.196297
1102	0.196032
1103	0.195765
1104	0.195505
1105	0.195259
1106	0.195031
1107	0.194816
1108	0.194604
1109	0.194382
1110	0.194137
1111	0.193858
1112	0.193534
1113	0.193153
1114	0.192705
1115	0.192187
1116	0.191604
1117	0.190971
1118	0.190309
1119	0.189648
1120	0.189018
1121	0.188447
1122	0.187955
1123	0.187548
1124	0.187219
1125	0.186946
1126	0.186700
1127	0.186460
1128	0.186217
1129	0.185976
1130	0.185753
1131	0.185570
1132	0.185437
1133	0.185356
1134	0.185312
1135	0.185274
1136	0.185203
1137	0.185061
1138	0.184816
1139	0.184452
1140	0.183975
1141	0.183409
1142	0.182793
1143	0.182169
1144	0.181578
1145	0.181048
1146	0.180595
1147	0.180222
1148	0.179921
1149	0.179684
1150	0.179501
1151	0.179365
1152	0.179274
1153	0.179230
1154	0.179237
1155	0.179299
1156	0.179419
1157	0.179597
1158	0.179827
1159	0.180099
1160	0.180396
1161	0.180697
1162	0.180982
1163	0.181232
1164	0.181436
1165	0.181585
1166	0.181681
1167	0.181730
1168	0.181743
1169	0.181735
1170	0.181720
1171	0.181711
1172	0.181717
1173	0.181745
1174	0.181795
1175	0.181864
1176	0.181945
1177	0.182031
1178	0.182112
1179	0.182180
1180	0.182229
1181	0.182253
1182	0.182250
1183	0.182220
1184	0.182169
1185	0.182105
1186	0.182040
1187	0.181981
1188	0.181938
1189	0.181911
1190	0.181902
1191	0.181907
1192	0.181924
1193	0.181952
1194	0.181990
1195	0.182040
1196	0.182106
1197	0.182193
1198	0.182306
1199	0.182445
1200	0.182608
1201	0.182788
1202	0.182972
1203	0.183149
1204	0.183307
1205	0.183440
1206	0.183544
1207	0.183625
1208	0.183689
1209	0.183748
1210	0.183815
1211	0.183901
1212	0.184014
1213	0.184161
1214	0.184341
1215	0.184553
1216	0.184790
1217	0.185046
1218	0.185311
1219	0.185577
1220	0.185838
1221	0.186091
1222	0.186333
1223	0.186565
1224	0.186789
1225	0.187008
1226	0.187222
1227	0.187431
1228	0.187637
1229	0.187836
1230	0.188025
1231	0.188203
1232	0.188366
1233	0.188516
1234	0.188656
1235	0.188789
1236	0.188921
1237	0.189057
1238	0.189198
1239	0.189345
1240	0.189498
1241	0.189654
1242	0.189810
1243	0.189962
1244	0.190107
1245	0.190241
1246	0.190360
1247	0.190465
1248	0.190556
1249	0.190635
1250	0.190707
1251	0.190774
1252	0.190839
1253	0.190904
1254	0.190968
1255	0.191030
1256	0.191089
1257	0.191142
1258	0.191186
1259	0.191223
1260	0.191256
1261	0.191294
1262	0.191346
1263	0.191421
1264	0.191523
1265	0.191652
1266	0.191801
1267	0.191959
1268	0.192115
1269	0.192261
1270	0.192388
1271	0.192494
1272	0.192580
1273	0.192649
1274	0.192708
1275	0.192762
1276	0.192812
1277	0.192857
1278	0.192889
1279	0.192903
1280	0.192896
1281	0.192864
1282	0.192812
1283	0.192741
1284	0.192658
1285	0.192565
1286	0.192465
1287	0.192361
1288	0.192251
1289	0.192134
1290	0.192005
1291	0.191861
1292	0.191699
1293	0.191517
1294	0.191317
1295	0.191099
1296	0.190864
1297	0.190615
1298	0.190354
1299	0.190083
1300	0.189807
1301	0.189529
1302	0.189255
1303	0.188985
1304	0.188721
1305	0.188461
1306	0.188200
1307	0.187930
1308	0.187642
1309	0.187330
1310	0.186992
1311	0.186626
1312	0.186234
1313	0.185820
1314	0.185388
1315	0.184944
1316	0.184493
1317	0.184037
1318	0.183579
1319	0.183117
1320	0.182647
1321	0.182168
1322	0.181676
1323	0.181173
1324	0.180662
1325	0.180141
1326	0.179611
1327	0.179072
1328	0.178525
1329	0.177969
1330	0.177405
1331	0.176833
1332	0.176253
1333	0.175665
1334	0.175069
1335	0.174466
1336	0.173856
1337	0.173239
1338	0.172615
1339	0.171985
1340	0.171348
1341	0.170704
1342	0.170055
1343	0.169399
1344	0.168738
1345	0.168071
1346	0.167399
1347	0.166721
1348	0.166038
1349	0.165351
1350	0.164659
1351	0.163962
1352	0.163261
1353	0.162556
1354	0.161847
1355	0.161134
1356	0.160417
1357	0.159697
1358	0.158974
1359	0.158248
1360	0.157519
1361	0.156787
1362	0.156052
1363	0.155315
1364	0.154577
1365	0.153835
1366	0.153088
1367	0.152339
1368	0.151590
1369	0.150845
1370	0.150107
1371	0.149376
1372	0.148653
1373	0.147936
1374	0.147224
1375	0.146515
1376	0.145807
1377	0.145098
1378	0.144385
1379	0.143666
1380	0.142943
1381	0.142217
1382	0.141491
1383	0.140767
1384	0.140043
1385	0.139320
1386	0.138597
1387	0.137874
1388	0.137150
1389	0.136427
1390	0.135704
1391	0.134973
1392	0.134221
1393	0.133468
1394	0.132745
1395	0.132078
1396	0.131466
1397	0.130893
1398	0.130329
1399	0.129746
1400	0.129120
1401	0.128437
1402	0.127685
1403	0.126854
1404	0.125945
1405	0.124973
1406	0.123972
1407	0.122984
1408	0.122046
1409	0.121167
1410	0.120327
1411	0.119515
1412	0.118732
1413	0.117977
1414	0.117250
1415	0.116551
1416	0.115879
1417	0.115235
1418	0.114617
1419	0.114027
1420	0.113463
1421	0.112926
1422	0.112414
1423	0.111929
1424	0.111470
1425	0.111036
1426	0.110627
1427	0.110243
1428	0.109884
1429	0.109550
1430	0.109241
1431	0.108955
1432	0.108694
1433	0.108456
1434	0.108242
1435	0.108051
1436	0.107883
1437	0.107738
1438	0.107615
1439	0.107515
1440	0.107438
1441	0.107382
1442	0.107348
1443	0.107335
1444	0.107344
1445	0.107374
1446	0.107424
1447	0.107496
1448	0.107587
1449	0.107699
1450	0.107831
1451	0.107983
1452	0.108164
1453	0.108397
1454	0.108673
1455	0.108955
1456	0.109194
1457	0.109349
1458	0.109393
1459	0.109318
1460	0.109131
1461	0.108853
1462	0.108517
1463	0.108170
1464	0.107868
1465	0.107666
1466	0.107604
1467	0.107691
1468	0.107903
1469	0.108193
1470	0.108520
1471	0.108867
1472	0.109216
1473	0.109542
1474	0.109831
1475	0.110080
1476	0.110296
1477	0.110495
1478	0.110696
1479	0.110918
1480	0.111179
1481	0.111494
1482	0.111873
1483	0.112321
1484	0.112836
1485	0.113408
1486	0.114018
1487	0.114647
1488	0.115277
1489	0.115895
1490	0.116491
1491	0.117063
1492	0.117609
1493	0.118128
1494	0.118624
1495	0.119096
1496	0.119547
1497	0.119980
1498	0.120395
1499	0.120791
1500	0.121171
1501	0.121536
1502	0.121891
1503	0.122240
1504	0.122588
1505	0.122937
1506	0.123284
1507	0.123627
1508	0.123962
1509	0.124285
1510	0.124596
1511	0.124897
1512	0.125191
1513	0.125487
1514	0.125792
1515	0.126115
1516	0.126460
1517	0.126830
1518	0.127223
1519	0.127631
1520	0.128047
1521	0.128462
1522	0.128867
1523	0.129259
1524	0.129636
1525	0.130000
1526	0.130357
1527	0.130712
1528	0.131068
1529	0.131427
1530	0.131784
1531	0.132134
1532	0.132470
1533	0.132785
1534	0.133077
1535	0.133348
1536	0.133604
1537	0.133856
1538	0.134117
1539	0.134400
1540	0.134715
1541	0.135065
1542	0.135448
1543	0.135854
1544	0.136271
1545	0.136684
1546	0.137082
1547	0.137457
1548	0.137806
1549	0.138133
1550	0.138444
1551	0.138748
1552	0.139055
1553	0.139371
1554	0.139697
1555	0.140032
1556	0.140372
1557	0.140710
1558	0.141040
1559	0.141354
1560	0.141649
1561	0.141921
1562	0.142170
1563	0.142395
1564	0.142599
1565	0.142785
1566	0.142960
1567	0.143133
1568	0.143315
1569	0.143519
1570	0.143755
1571	0.144033
1572	0.144359
1573	0.144730
1574	0.145139
1575	0.145571
1576	0.146007
1577	0.146425
1578	0.146807
1579	0.147143
1580	0.147427
1581	0.147663
1582	0.147861
1583	0.148036
1584	0.148206
1585	0.148384
1586	0.148580
1587	0.148798
1588	0.149034
1589	0.149279
1590	0.149524
1591	0.149763
1592	0.149993
1593	0.150220
1594	0.150449
1595	0.150690
1596	0.150948
1597	0.151224
1598	0.151512
1599	0.151800
1600	0.152070
1601	0.152309
1602	0.152502
1603	0.152645
1604	0.152743
1605	0.152808
1606	0.152860
1607	0.152921
1608	0.153011
1609	0.153141
1610	0.153318
1611	0.153536
1612	0.153785
1613	0.154054
1614	0.154330
1615	0.154602
1616	0.154863
1617	0.155109
1618	0.155338
1619	0.155551
1620	0.155749
1621	0.155936
1622	0.156111
1623	0.156272
1624	0.156416
1625	0.156541
1626	0.156649
1627	0.156744
1628	0.156832
1629	0.156921
1630	0.157020
1631	0.157135
1632	0.157273
1633	0.157435
1634	0.157620
1635	0.157819
1636	0.158022
1637	0.158217
1638	0.158395
1639	0.158551
1640	0.158690
1641	0.158818
1642	0.158946
1643	0.159082
1644	0.159234
1645	0.159404
1646	0.159591
1647	0.159789
1648	0.159991
1649	0.160188
1650	0.160375
1651	0.160548
1652	0.160709
1653	0.160859
1654	0.160998
1655	0.161124
1656	0.161230
1657	0.161310
1658	0.161360
1659	0.161381
1660	0.161378
1661	0.161363
1662	0.161346
1663	0.161338
1664	0.161345
1665	0.161369
1666	0.161404
1667	0.161437
1668	0.161459
1669	0.161459
1670	0.161437
1671	0.161402
1672	0.161365
1673	0.161343
1674	0.161347
1675	0.161385
1676	0.161455
1677	0.161547
1678	0.161645
1679	0.161731
1680	0.161788
1681	0.161808
1682	0.161791
1683	0.161743
1684	0.161679
1685	0.161611
1686	0.161551
1687	0.161506
1688	0.161479
1689	0.161468
1690	0.161467
1691	0.161468
1692	0.161461
1693	0.161437
1694	0.161390
1695	0.161316
1696	0.161213
1697	0.161081
1698	0.160923
1699	0.160741
1700	0.160541
1701	0.160332
1702	0.160125
1703	0.159928
1704	0.159748
1705	0.159589
1706	0.159451
1707	0.159332
1708	0.159232
1709	0.159152
1710	0.159093
1711	0.159055
1712	0.159037
1713	0.159036
1714	0.159046
1715	0.159061
1716	0.159067
1717	0.159053
1718	0.159003
1719	0.158906
1720	0.158759
1721	0.158571
1722	0.158358
1723	0.158146
1724	0.157957
1725	0.157812
1726	0.157719
1727	0.157679
1728	0.157685
1729	0.157720
1730	0.157764
1731	0.157797
1732	0.157800
1733	0.157760
1734	0.157673
1735	0.157538
1736	0.157363
1737	0.157156
1738	0.156923
1739	0.156669
1740	0.156398
1741	0.156118
1742	0.155838
1743	0.155570
1744	0.155323
1745	0.155100
1746	0.154899
1747	0.154710
1748	0.154523
1749	0.154325
1750	0.154108
1751	0.153866
1752	0.153601
1753	0.153322
1754	0.153045
1755	0.152792
1756	0.152579
1757	0.152416
1758	0.152302
1759	0.152227
1760	0.152173
1761	0.152122
1762	0.152055
1763	0.151952
1764	0.151799
1765	0.151590
1766	0.151330
1767	0.151033
1768	0.150717
1769	0.150398
1770	0.150091
1771	0.149806
1772	0.149553
1773	0.149336
1774	0.149153
1775	0.148996
1776	0.148853
1777	0.148710
1778	0.148559
1779	0.148394
1780	0.148215
1781	0.148022
1782	0.147817
1783	0.147603
1784	0.147383
1785	0.147160
1786	0.146939
1787	0.146720
1788	0.146502
1789	0.146284
1790	0.146067
1791	0.145849
1792	0.145632
1793	0.145415
1794	0.145197
1795	0.144980
1796	0.144762
1797	0.144545
1798	0.144327
1799	0.144110
1800	0.143893
1801	0.143675
1802	0.143458
1803	0.143240
1804	0.143023
1805	0.142805
1806	0.142588
1807	0.142371
1808	0.142153
1809	0.141936
1810	0.141718
1811	0.141501
1812	0.141284
1813	0.141066
1814	0.140849
1815	0.140631
1816	0.140414
1817	0.140196
1818	0.139979
1819	0.139762
1820	0.139544
1821	0.139327
1822	0.139109
1823	0.138892
1824	0.138674
1825	0.138457
1826	0.138240
1827	0.138022
1828	0.137805
1829	0.137587
1830	0.137370
1831	0.137153
1832	0.136935
1833	0.136718
1834	0.136500
1835	0.136283
1836	0.136065
1837	0.135848
1838	0.135631
1839	0.135413
1840	0.135196
1841	0.134978
1842	0.134761
1843	0.134543
1844	0.134326
1845	0.134109
1846	0.133891
1847	0.133674
1848	0.133456
1849	0.133239
1850	0.133022
1851	0.132804
1852	0.132587
1853	0.132369
1854	0.132152
1855	0.131934
1856	0.131717
1857	0.131500
1858	0.131282
1859	0.131065
1860	0.130847
1861	0.130630
1862	0.130412
1863	0.130195
1864	0.129978
1865	0.129760
1866	0.129543
1867	0.129325
1868	0.129108
1869	0.128891
1870	0.128673
1871	0.128456
1872	0.128238
1873	0.128021
1874	0.127803
1875	0.127586
1876	0.127369
1877	0.127151
1878	0.126934
1879	0.126716
1880	0.126499
1881	0.126281
1882	0.126064
1883	0.125847
1884	0.125629
1885	0.125412
1886	0.125194
1887	0.124977
1888	0.124760
1889	0.124542
1890	0.124325
1891	0.124107
1892	0.123890
1893	0.123672
1894	0.123455
1895	0.123238
1896	0.123020
1897	0.122803
1898	0.122585
1899	0.122368
1900	0.122150
1901	0.121933
1902	0.121716
1903	0.121498
1904	0.121281
1905	0.121063
1906	0.120846
1907	0.120629
1908	0.120411
1909	0.120194
1910	0.119976
1911	0.119759
1912	0.119541
1913	0.119324
1914	0.119107
1915	0.118889
1916	0.118672
1917	0.118454
1918	0.118237
1919	0.118019
1920	0.117802
1921	0.117585
1922	0.117367
1923	0.117150
1924	0.116932
1925	0.116715
1926	0.116498
1927	0.116280
1928	0.116063
1929	0.115845
1930	0.115628
1931	0.115410
1932	0.115193
1933	0.114976
1934	0.114758
1935	0.114541
1936	0.114323
1937	0.114106
1938	0.113888
1939	0.113671
1940	0.113454
1941	0.113237
1942	0.113023
1943	0.112807
1944	0.112586
1945	0.112359
1946	0.112128
1947	0.111899
1948	0.111675
1949	0.111461
1950	0.111259
1951	0.111066
1952	0.110882
1953	0.110704
1954	0.110528
1955	0.110348
1956	0.110158
1957	0.109950
1958	0.109723
1959	0.109478
1960	0.109221
1961	0.108956
1962	0.108686
1963	0.108411
1964	0.108134
1965	0.107858
1966	0.107584
1967	0.107314
1968	0.107051
1969	0.106796
1970	0.106551
1971	0.106319
1972	0.106101
1973	0.105900
1974	0.105718
1975	0.105556
1976	0.105417
1977	0.105303
1978	0.105215
1979	0.105157
1980	0.105129
1981	0.105135
1982	0.105175
1983	0.105253
1984	0.105369
1985	0.105527
1986	0.105728
1987	0.105975
1988	0.106268
1989	0.106611
1990	0.107006
1991	0.107454
1992	0.107958
1993	0.108519
1994	0.109139
1995	0.109822
1996	0.110568
1997	0.111380
1998	0.112260
1999	0.113209
2000	0.114231
2001	0.115327
2002	0.116534
2003	0.117938
2004	0.119536
2005	0.121212
2006	0.122784
2007	0.124059
2008	0.124878
2009	0.125137
2010	0.124803
2011	0.123909
2012	0.122549
2013	0.120887
2014	0.119136
2015	0.117527
2016	0.116266
2017	0.115475
2018	0.115161
2019	0.115228
2020	0.115562
2021	0.116103
2022	0.116774
2023	0.117482
2024	0.118147
2025	0.118709
2026	0.119123
2027	0.119365
2028	0.119429
2029	0.119334
2030	0.119131
2031	0.118882
2032	0.118654
2033	0.118501
2034	0.118453
2035	0.118518
2036	0.118682
2037	0.118918
2038	0.119198
2039	0.119496
2040	0.119806
2041	0.120133
2042	0.120495
2043	0.120911
2044	0.121384
2045	0.121896
2046	0.122407
2047	0.122859
2048	0.123187
2049	0.123339
2050	0.123283
2051	0.123023
2052	0.122595
2053	0.122070
2054	0.121558
2055	0.121174
2056	0.121002
2057	0.121075
2058	0.121378
2059	0.121859
2060	0.122443
2061	0.123059
2062	0.123640
2063	0.124135
2064	0.124516
2065	0.124779
2066	0.124944
2067	0.125050
2068	0.125138
2069	0.125238
2070	0.125354
2071	0.125473
2072	0.125587
2073	0.125697
2074	0.125805
2075	0.125910
2076	0.126013
2077	0.126115
2078	0.126216
2079	0.126317
2080	0.126418
2081	0.126520
2082	0.126623
2083	0.126728
2084	0.126836
2085	0.126945
2086	0.127058
2087	0.127174
2088	0.127293
2089	0.127416
2090	0.127544
2091	0.127676
2092	0.127812
2093	0.127953
2094	0.128100
2095	0.128251
2096	0.128408
2097	0.128570
2098	0.128738
2099	0.128912
2100	0.129091
2101	0.129275
2102	0.129466
2103	0.129662
2104	0.129864
2105	0.130071
2106	0.130284
2107	0.130502
2108	0.130725
2109	0.130954
2110	0.131187
2111	0.131425
2112	0.131667
2113	0.131914
2114	0.132165
2115	0.132419
2116	0.132676
2117	0.132936
2118	0.133199
2119	0.133465
2120	0.133732
2121	0.134000
2122	0.134269
2123	0.134539
2124	0.134809
2125	0.135078
2126	0.135345
2127	0.135611
2128	0.135875
2129	0.136136
2130	0.136393
2131	0.136646
2132	0.136894
2133	0.137137
2134	0.137373
2135	0.137602
2136	0.137823
2137	0.138035
2138	0.138238
2139	0.138430
2140	0.138611
2141	0.138780
2142	0.138936
2143	0.139077
2144	0.139204
2145	0.139315
2146	0.139409
2147	0.139485
2148	0.139542
2149	0.139578
2150	0.139594
2151	0.139587
2152	0.139550
2153	0.139469
2154	0.139342
2155	0.139189
2156	0.139042
2157	0.138930
2158	0.138878
2159	0.138898
2160	0.138992
2161	0.139156
2162	0.139379
2163	0.139641
2164	0.139916
2165	0.140172
2166	0.140384
2167	0.140536
2168	0.140633
2169	0.140693
2170	0.140732
2171	0.140749
2172	0.140743
2173	0.140717
2174	0.140673
2175	0.140611
2176	0.140534
2177	0.140443
2178	0.140340
2179	0.140227
2180	0.140104
2181	0.139974
2182	0.139837
2183	0.139695
2184	0.139550
2185	0.139401
2186	0.139252
2187	0.139101
2188	0.138952
2189	0.138804
2190	0.138659
2191	0.138518
2192	0.138381
2193	0.138249
2194	0.138123
2195	0.138003
2196	0.137891
2197	0.137786
2198	0.137690
2199	0.137603
2200	0.137524
2201	0.137456
2202	0.137397
2203	0.137348
2204	0.137310
2205	0.137282
2206	0.137265
2207	0.137259
2208	0.137263
2209	0.137278
2210	0.137303
2211	0.137339
2212	0.137384
2213	0.137440
2214	0.137505
2215	0.137580
2216	0.137663
2217	0.137755
2218	0.137854
2219	0.137961
2220	0.138074
2221	0.138194
2222	0.138318
2223	0.138447
2224	0.138579
2225	0.138714
2226	0.138851
2227	0.138988
2228	0.139126
2229	0.139261
2230	0.139395
2231	0.139524
2232	0.139649
2233	0.139767
2234	0.139877
2235	0.139978
2236	0.140069
2237	0.140148
2238	0.140213
2239	0.140263
2240	0.140296
2241	0.140310
2242	0.140303
2243	0.140275
2244	0.140222
2245	0.140143
2246	0.140036
2247	0.139899
2248	0.139729
2249	0.139526
2250	0.139285
2251	0.139006
2252	0.138713
2253	0.138442
2254	0.138104
2255	0.137570
2256	0.136774
2257	0.135758
2258	0.134644
2259	0.133592
2260	0.132750
2261	0.132223
2262	0.132074
2263	0.132344
2264	0.133040
2265	0.134121
2266	0.135476
2267	0.136934
2268	0.138301
2269	0.139432
2270	0.140308
2271	0.141028
2272	0.141639
2273	0.142148
2274	0.142560
2275	0.142880
2276	0.143115
2277	0.143269
2278	0.143348
2279	0.143356
2280	0.143299
2281	0.143182
2282	0.143009
2283	0.142784
2284	0.142513
2285	0.142199
2286	0.141847
2287	0.141462
2288	0.141046
2289	0.140604
2290	0.140139
2291	0.139656
2292	0.139157
2293	0.138647
2294	0.138128
2295	0.137604
2296	0.137077
2297	0.136551
2298	0.136028
2299	0.135512
2300	0.135004
2301	0.134507
2302	0.134023
2303	0.133555
2304	0.133105
2305	0.132675
2306	0.132266
2307	0.131880
2308	0.131519
2309	0.131185
2310	0.130879
2311	0.130601
2312	0.130354
2313	0.130138
2314	0.129954
2315	0.129802
2316	0.129685
2317	0.129601
2318	0.129552
2319	0.129538
2320	0.129559
2321	0.129615
2322	0.129706
2323	0.129831
2324	0.129992
2325	0.130186
2326	0.130414
2327	0.130676
2328	0.130969
2329	0.131294
2330	0.131649
2331	0.132033
2332	0.132445
2333	0.132884
2334	0.133348
2335	0.133835
2336	0.134345
2337	0.134874
2338	0.135421
2339	0.135984
2340	0.136561
2341	0.137150
2342	0.137747
2343	0.138351
2344	0.138959
2345	0.139567
2346	0.140174
2347	0.140776
2348	0.141370
2349	0.141952
2350	0.142520
2351	0.143069
2352	0.143588
2353	0.144052
2354	0.144465
2355	0.144855
2356	0.145257
2357	0.145701
2358	0.146206
2359	0.146778
2360	0.147414
2361	0.148108
2362	0.148851
2363	0.149628
2364	0.150414
2365	0.151184
2366	0.151919
2367	0.152617
2368	0.153294
2369	0.153979
2370	0.154689
2371	0.155413
2372	0.156144
2373	0.156884
2374	0.157632
2375	0.158387
2376	0.159151
2377	0.159922
2378	0.160701
2379	0.161489
2380	0.162283
2381	0.163086
2382	0.163897
2383	0.164716
2384	0.165542
2385	0.166377
2386	0.167219
2387	0.168069
2388	0.168927
2389	0.169793
2390	0.170667
2391	0.171549
2392	0.172438
2393	0.173336
2394	0.174241
2395	0.175154
2396	0.176075
2397	0.177004
2398	0.177941
2399	0.178886
2400	0.179839
2401	0.180799
2402	0.181768
2403	0.182744
2404	0.183728
2405	0.184720
2406	0.185720
2407	0.186728
2408	0.187744
2409	0.188768
2410	0.189799
2411	0.190839
2412	0.191886
2413	0.192941
2414	0.194004
2415	0.195075
2416	0.196154
2417	0.197240
2418	0.198335
2419	0.199438
2420	0.200548
2421	0.201666
2422	0.202792
2423	0.203926
2424	0.205068
2425	0.206218
2426	0.207376
2427	0.208541
2428	0.209715
2429	0.210896
2430	0.212085
2431	0.213282
2432	0.214487
2433	0.215700
2434	0.216921
2435	0.218149
2436	0.219386
2437	0.220630
2438	0.221883
2439	0.223143
2440	0.224411
2441	0.225687
2442	0.226971
2443	0.228262
2444	0.229562
2445	0.230869
2446	0.232185
2447	0.233508
2448	0.234839
2449	0.236178
2450	0.237525
2451	0.238880
2452	0.240243
2453	0.241613
2454	0.242992
2455	0.244378
2456	0.245772
2457	0.247174
2458	0.248584
2459	0.250002
2460	0.251428
2461	0.252861
2462	0.254303
2463	0.255752
2464	0.257210
2465	0.258675
2466	0.260148
2467	0.261629
2468	0.263118
2469	0.264614
2470	0.266119
2471	0.267631
2472	0.269152
2473	0.270680
2474	0.272216
2475	0.273760
2476	0.275312
2477	0.276872
2478	0.278440
2479	0.280015
2480	0.281599
2481	0.283190
2482	0.284789
2483	0.286396
2484	0.288011
2485	0.289634
2486	0.291265
2487	0.292903
2488	0.294550
2489	0.296204
2490	0.297867
2491	0.299537
2492	0.301215
2493	0.302901
2494	0.304595
2495	0.306296
2496	0.308006
2497	0.309723
2498	0.311449
2499	0.313182
2500	0.314923
