350	0.021843
351	0.021918
352	0.021993
353	0.022066
354	0.022138
355	0.022210
356	0.022282
357	0.022353
358	0.022423
359	0.022492
360	0.022560
361	0.022634
362	0.022711
363	0.022788
364	0.022863
365	0.022936
366	0.023003
367	0.023065
368	0.023123
369	0.023182
370	0.023245
371	0.023318
372	0.023403
373	0.023502
374	0.023613
375	0.023736
376	0.023867
377	0.024004
378	0.024144
379	0.024284
380	0.024424
381	0.024565
382	0.024708
383	0.024853
384	0.025002
385	0.025154
386	0.025308
387	0.025463
388	0.025617
389	0.025771
390	0.025924
391	0.026077
392	0.026235
393	0.026400
394	0.026574
395	0.026758
396	0.026952
397	0.027152
398	0.027355
399	0.027556
400	0.027751
401	0.027939
402	0.028119
403	0.028294
404	0.028466
405	0.028643
406	0.028827
407	0.029024
408	0.029234
409	0.029458
410	0.029694
411	0.029940
412	0.030193
413	0.030448
414	0.030703
415	0.030955
416	0.031205
417	0.031452
418	0.031698
419	0.031943
420	0.032186
421	0.032426
422	0.032661
423	0.032889
424	0.033110
425	0.033325
426	0.033535
427	0.033742
428	0.033949
429	0.034159
430	0.034375
431	0.034596
432	0.034820
433	0.035044
434	0.035264
435	0.035476
436	0.035678
437	0.035870
438	0.036055
439	0.036235
440	0.036415
441	0.036597
442	0.036784
443	0.036974
444	0.037168
445	0.037362
446	0.037556
447	0.037746
448	0.037930
449	0.038107
450	0.038278
451	0.038443
452	0.038601
453	0.038753
454	0.038899
455	0.039037
456	0.039168
457	0.039290
458	0.039403
459	0.039507
460	0.039604
461	0.039694
462	0.039779
463	0.039860
464	0.039938
465	0.040014
466	0.040090
467	0.040166
468	0.040243
469	0.040322
470	0.040402
471	0.040484
472	0.040567
473	0.040653
474	0.040742
475	0.040831
476	0.040921
477	0.041010
478	0.041097
479	0.041182
480	0.041266
481	0.041351
482	0.041438
483	0.041531
484	0.041631
485	0.041740
486	0.041859
487	0.041991
488	0.042136
489	0.042291
490	0.042457
491	0.042632
492	0.042818
493	0.043014
494	0.043223
495	0.043445
496	0.043683
497	0.043937
498	0.044210
499	0.044502
500	0.044816
501	0.045153
502	0.045515
503	0.045903
504	0.046319
505	0.046765
506	0.047243
507	0.047754
508	0.048302
509	0.048889
510	0.049516
511	0.050187
512	0.050904
513	0.051669
514	0.052484
515	0.053348
516	0.054260
517	0.055215
518	0.056207
519	0.057229
520	0.058273
521	0.059331
522	0.060394
523	0.061456
524	0.062508
525	0.063545
526	0.064560
527	0.065549
528	0.066504
529	0.067420
530	0.068293
531	0.069117
532	0.069890
533	0.070609
534	0.071275
535	0.071890
536	0.072455
537	0.072978
538	0.073463
539	0.073918
540	0.074349
541	0.074764
542	0.075167
543	0.075563
544	0.075955
545	0.076343
546	0.076729
547	0.077110
548	0.077485
549	0.077848
550	0.078195
551	0.078519
552	0.078810
553	0.079059
554	0.079254
555	0.079384
556	0.079442
557	0.079420
558	0.079315
559	0.079131
560	0.078875
561	0.078556
562	0.078191
563	0.077795
564	0.077385
565	0.076974
566	0.076573
567	0.076191
568	0.075830
569	0.075491
570	0.075172
571	0.074869
572	0.074576
573	0.074288
574	0.074000
575	0.073709
576	0.073417
577	0.073123
578	0.072830
579	0.072542
580	0.072263
581	0.071997
582	0.071748
583	0.071521
584	0.071316
585	0.071134
586	0.070975
587	0.070838
588	0.070721
589	0.070626
590	0.070553
591	0.070501
592	0.070472
593	0.070465
594	0.070479
595	0.070512
596	0.070559
597	0.070615
598	0.070671
599	0.070717
600	0.070745
601	0.070746
602	0.070716
603	0.070650
604	0.070548
605	0.070411
606	0.070241
607	0.070045
608	0.069826
609	0.069592
610	0.069348
611	0.069100
612	0.068853
613	0.068612
614	0.068381
615	0.068163
616	0.067962
617	0.067781
618	0.067623
619	0.067488
620	0.067378
621	0.067294
622	0.067235
623	0.067202
624	0.067193
625	0.067203
626	0.067231
627	0.067269
628	0.067314
629	0.067358
630	0.067396
631	0.067421
632	0.067426
633	0.067407
634	0.067358
635	0.067277
636	0.067161
637	0.067009
638	0.066822
639	0.066603
640	0.066354
641	0.066082
642	0.065792
643	0.065494
644	0.065195
645	0.064904
646	0.064630
647	0.064379
648	0.064157
649	0.063963
650	0.063797
651	0.063653
652	0.063523
653	0.063400
654	0.063271
655	0.063129
656	0.062965
657	0.062775
658	0.062559
659	0.062320
660	0.062063
661	0.061795
662	0.061525
663	0.061261
664	0.061013
665	0.060788
666	0.060589
667	0.060421
668	0.060285
669	0.060181
670	0.060108
671	0.060064
672	0.060048
673	0.060056
674	0.060088
675	0.060144
676	0.060223
677	0.060331
678	0.060472
679	0.060654
680	0.060887
681	0.061183
682	0.061556
683	0.062018
684	0.062585
685	0.063271
686	0.064091
687	0.065062
688	0.066198
689	0.067516
690	0.069030
691	0.070753
692	0.072693
693	0.074856
694	0.077241
695	0.079842
696	0.082645
697	0.085634
698	0.088786
699	0.092077
700	0.095478
701	0.098966
702	0.102517
703	0.106111
704	0.109735
705	0.113379
706	0.117038
707	0.120711
708	0.124400
709	0.128111
710	0.131850
711	0.135626
712	0.139444
713	0.143310
714	0.147224
715	0.151185
716	0.155187
717	0.159221
718	0.163275
719	0.167331
720	0.171373
721	0.175383
722	0.179345
723	0.183247
724	0.187079
725	0.190830
726	0.194489
727	0.198048
728	0.201497
729	0.204830
730	0.208038
731	0.211117
732	0.214060
733	0.216867
734	0.219536
735	0.222070
736	0.224471
737	0.226743
738	0.228888
739	0.230907
740	0.232801
741	0.234573
742	0.236225
743	0.237760
744	0.239182
745	0.240496
746	0.241710
747	0.242834
748	0.243878
749	0.244849
750	0.245753
751	0.246595
752	0.247377
753	0.248100
754	0.248766
755	0.249375
756	0.249926
757	0.250422
758	0.250867
759	0.251271
760	0.251642
761	0.251990
762	0.252319
763	0.252633
764	0.252930
765	0.253211
766	0.253475
767	0.253721
768	0.253946
769	0.254153
770	0.254344
771	0.254523
772	0.254695
773	0.254867
774	0.255043
775	0.255223
776	0.255409
777	0.255599
778	0.255793
779	0.255989
780	0.256184
781	0.256377
782	0.256564
783	0.256747
784	0.256924
785	0.257095
786	0.257262
787	0.257427
788	0.257591
789	0.257757
790	0.257926
791	0.258099
792	0.258275
793	0.258453
794	0.258631
795	0.258807
796	0.258981
797	0.259151
798	0.259318
799	0.259482
800	0.259644
801	0.259807
802	0.259970
803	0.260135
804	0.260300
805	0.260461
806	0.260613
807	0.260751
808	0.260873
809	0.260980
810	0.261076
811	0.261166
812	0.261257
813	0.261354
814	0.261465
815	0.261595
816	0.261746
817	0.261916
818	0.262100
819	0.262289
820	0.262474
821	0.262650
822	0.262815
823	0.262968
824	0.263109
825	0.263239
826	0.263359
827	0.263473
828	0.263585
829	0.263700
830	0.263820
831	0.263944
832	0.264070
833	0.264197
834	0.264323
835	0.264448
836	0.264572
837	0.264694
838	0.264816
839	0.264938
840	0.265064
841	0.265195
842	0.265331
843	0.265470
844	0.265606
845	0.265736
846	0.265857
847	0.265966
848	0.266067
849	0.266162
850	0.266256
851	0.266354
852	0.266462
853	0.266586
854	0.266726
855	0.266881
856	0.267040
857	0.267196
858	0.267340
859	0.267467
860	0.267580
861	0.267680
862	0.267775
863	0.267869
864	0.267969
865	0.268082
866	0.268213
867	0.268361
868	0.268521
869	0.268684
870	0.268840
871	0.268981
872	0.269106
873	0.269217
874	0.269318
875	0.269413
876	0.269506
877	0.269599
878	0.269695
879	0.269794
880	0.269895
881	0.269996
882	0.270095
883	0.270189
884	0.270279
885	0.270365
886	0.270451
887	0.270534
888	0.270609
889	0.270668
890	0.270700
891	0.270700
892	0.270668
893	0.270614
894	0.270556
895	0.270514
896	0.270508
897	0.270554
898	0.270658
899	0.270816
900	0.271017
901	0.271239
902	0.271457
903	0.271645
904	0.271786
905	0.271870
906	0.271903
907	0.271898
908	0.271875
909	0.271852
910	0.271845
911	0.271861
912	0.271909
913	0.271991
914	0.272107
915	0.272249
916	0.272399
917	0.272539
918	0.272652
919	0.272727
920	0.272757
921	0.272740
922	0.272675
923	0.272566
924	0.272418
925	0.272241
926	0.272045
927	0.271840
928	0.271630
929	0.271414
930	0.271191
931	0.270959
932	0.270719
933	0.270472
934	0.270218
935	0.269959
936	0.269695
937	0.269427
938	0.269155
939	0.268880
940	0.268603
941	0.268325
942	0.268046
943	0.267767
944	0.267489
945	0.267212
946	0.266937
947	0.266665
948	0.266397
949	0.266133
950	0.265874
951	0.265620
952	0.265373
953	0.265133
954	0.264901
955	0.264677
956	0.264462
957	0.264258
958	0.264064
959	0.263881
960	0.263710
961	0.263552
962	0.263408
963	0.263278
964	0.263163
965	0.263063
966	0.262979
967	0.262913
968	0.262864
969	0.262834
970	0.262823
971	0.262832
972	0.262861
973	0.262912
974	0.262984
975	0.263079
976	0.263198
977	0.263341
978	0.263508
979	0.263701
980	0.263921
981	0.264167
982	0.264443
983	0.264753
984	0.265097
985	0.265471
986	0.265866
987	0.266275
988	0.266691
989	0.267111
990	0.267532
991	0.267953
992	0.268372
993	0.268792
994	0.269216
995	0.269649
996	0.270094
997	0.270552
998	0.271021
999	0.271495
1000	0.271969
1001	0.272445
1002	0.272923
1003	0.273403
1004	0.273883
1005	0.274364
1006	0.274844
1007	0.275324
1008	0.275802
1009	0.276278
1010	0.276751
1011	0.277222
1012	0.277689
1013	0.278152
1014	0.278611
1015	0.279065
1016	0.279514
1017	0.279958
1018	0.280396
1019	0.280827
1020	0.281252
1021	0.281670
1022	0.282081
1023	0.282485
1024	0.282881
1025	0.283269
1026	0.283650
1027	0.284022
1028	0.284385
1029	0.284740
1030	0.285087
1031	0.285424
1032	0.285752
1033	0.286071
1034	0.286382
1035	0.286686
1036	0.286982
1037	0.287270
1038	0.287548
1039	0.287815
1040	0.288070
1041	0.288314
1042	0.288547
1043	0.288769
1044	0.288981
1045	0.289184
1046	0.289381
1047	0.289573
1048	0.289761
1049	0.289946
1050	0.290125
1051	0.290300
1052	0.290469
1053	0.290633
1054	0.290791
1055	0.290944
1056	0.291090
1057	0.291231
1058	0.291365
1059	0.291494
1060	0.291616
1061	0.291731
1062	0.291840
1063	0.291942
1064	0.292038
1065	0.292126
1066	0.292208
1067	0.292282
1068	0.292349
1069	0.292409
1070	0.292461
1071	0.292505
1072	0.292542
1073	0.292570
1074	0.292591
1075	0.292604
1076	0.292608
1077	0.292604
1078	0.292591
1079	0.292570
1080	0.292540
1081	0.292501
1082	0.292453
1083	0.292396
1084	0.292330
1085	0.292254
1086	0.292169
1087	0.292075
1088	0.291970
1089	0.291856
1090	0.291732
1091	0.291598
1092	0.291452
1093	0.291293
1094	0.291120
1095	0.290934
1096	0.290741
1097	0.290548
1098	0.290363
1099	0.290191
1100	0.290036
1101	0.289899
1102	0.289778
1103	0.289669
1104	0.289563
1105	0.289448
1106	0.289307
1107	0.289124
1108	0.288886
1109	0.288586
1110	0.288229
1111	0.287825
1112	0.287394
1113	0.286959
1114	0.286543
1115	0.286168
1116	0.285850
1117	0.285596
1118	0.285402
1119	0.285259
1120	0.285152
1121	0.285068
1122	0.284999
1123	0.284943
1124	0.284897
1125	0.284859
1126	0.284816
1127	0.284749
1128	0.284627
1129	0.284415
1130	0.284074
1131	0.283572
1132	0.282891
1133	0.282032
1134	0.281012
1135	0.279861
1136	0.278614
1137	0.277306
1138	0.275963
1139	0.274607
1140	0.273249
1141	0.271898
1142	0.270558
1143	0.269235
1144	0.267938
1145	0.266685
1146	0.265497
1147	0.264397
1148	0.263405
1149	0.262531
1150	0.261778
1151	0.261136
1152	0.260591
1153	0.260125
1154	0.259719
1155	0.259356
1156	0.259022
1157	0.258711
1158	0.258419
1159	0.258150
1160	0.257910
1161	0.257706
1162	0.257545
1163	0.257427
1164	0.257346
1165	0.257296
1166	0.257265
1167	0.257247
1168	0.257233
1169	0.257221
1170	0.257209
1171	0.257196
1172	0.257181
1173	0.257166
1174	0.257151
1175	0.257133
1176	0.257112
1177	0.257084
1178	0.257050
1179	0.257009
1180	0.256967
1181	0.256927
1182	0.256893
1183	0.256867
1184	0.256848
1185	0.256830
1186	0.256809
1187	0.256782
1188	0.256746
1189	0.256703
1190	0.256656
1191	0.256613
1192	0.256578
1193	0.256557
1194	0.256555
1195	0.256573
1196	0.256610
1197	0.256664
1198	0.256733
1199	0.256817
1200	0.256916
1201	0.257032
1202	0.257166
1203	0.257317
1204	0.257485
1205	0.257664
1206	0.257849
1207	0.258032
1208	0.258208
1209	0.258370
1210	0.258518
1211	0.258653
1212	0.258781
1213	0.258910
1214	0.259050
1215	0.259208
1216	0.259391
1217	0.259599
1218	0.259831
1219	0.260083
1220	0.260345
1221	0.260608
1222	0.260862
1223	0.261101
1224	0.261321
1225	0.261524
1226	0.261715
1227	0.261900
1228	0.262086
1229	0.262278
1230	0.262478
1231	0.262687
1232	0.262903
1233	0.263124
1234	0.263346
1235	0.263566
1236	0.263780
1237	0.263989
1238	0.264193
1239	0.264394
1240	0.264592
1241	0.264789
1242	0.264984
1243	0.265178
1244	0.265369
1245	0.265556
1246	0.265737
1247	0.265910
1248	0.266074
1249	0.266230
1250	0.266378
1251	0.266518
1252	0.266649
1253	0.266769
1254	0.266877
1255	0.266969
1256	0.267045
1257	0.267105
1258	0.267149
1259	0.267182
1260	0.267207
1261	0.267235
1262	0.267272
1263	0.267327
1264	0.267405
1265	0.267508
1266	0.267633
1267	0.267775
1268	0.267927
1269	0.268078
1270	0.268221
1271	0.268348
1272	0.268452
1273	0.268532
1274	0.268589
1275	0.268627
1276	0.268652
1277	0.268666
1278	0.268671
1279	0.268663
1280	0.268639
1281	0.268589
1282	0.268503
1283	0.268373
1284	0.268193
1285	0.267962
1286	0.267685
1287	0.267369
1288	0.267024
1289	0.266659
1290	0.266279
1291	0.265886
1292	0.265479
1293	0.265052
1294	0.264602
1295	0.264126
1296	0.263622
1297	0.263092
1298	0.262540
1299	0.261970
1300	0.261383
1301	0.260779
1302	0.260156
1303	0.259511
1304	0.258844
1305	0.258160
1306	0.257455
1307	0.256722
1308	0.255961
1309	0.255174
1310	0.254371
1311	0.253561
1312	0.252752
1313	0.251948
1314	0.251152
1315	0.250362
1316	0.249581
1317	0.248808
1318	0.248040
1319	0.247269
1320	0.246483
1321	0.245673
1322	0.244835
1323	0.243975
1324	0.243097
1325	0.242201
1326	0.241287
1327	0.240355
1328	0.239406
1329	0.238440
1330	0.237457
1331	0.236457
1332	0.235442
1333	0.234410
1334	0.233362
1335	0.232299
1336	0.231221
1337	0.230129
1338	0.229021
1339	0.227899
1340	0.226764
1341	0.225614
1342	0.224451
1343	0.223275
1344	0.222085
1345	0.220883
1346	0.219669
1347	0.218443
1348	0.217204
1349	0.215955
1350	0.214693
1351	0.213421
1352	0.212139
1353	0.210845
1354	0.209542
1355	0.208228
1356	0.206905
1357	0.205573
1358	0.204232
1359	0.202881
1360	0.201522
1361	0.200155
1362	0.198780
1363	0.197398
1364	0.196008
1365	0.194608
1366	0.193193
1367	0.191766
1368	0.190337
1369	0.188920
1370	0.187522
1371	0.186147
1372	0.184795
1373	0.183463
1374	0.182147
1375	0.180841
1376	0.179540
1377	0.178235
1378	0.176919
1379	0.175586
1380	0.174238
1381	0.172881
1382	0.171524
1383	0.170174
1384	0.168826
1385	0.167478
1386	0.166129
1387	0.164781
1388	0.163433
1389	0.162085
1390	0.160737
1391	0.159378
1392	0.157994
1393	0.156607
1394	0.155259
1395	0.153981
1396	0.152776
1397	0.151622
1398	0.150482
1399	0.149319
1400	0.148103
1401	0.146815
1402	0.145438
1403	0.143959
1404	0.142377
1405	0.140713
1406	0.139006
1407	0.137313
1408	0.135679
1409	0.134119
1410	0.132606
1411	0.131129
1412	0.129688
1413	0.128283
1414	0.126915
1415	0.125583
1416	0.124289
1417	0.123031
1418	0.121812
1419	0.120630
1420	0.119487
1421	0.118382
1422	0.117315
1423	0.116288
1424	0.115301
1425	0.114353
1426	0.113445
1427	0.112577
1428	0.111750
1429	0.110964
1430	0.110218
1431	0.109515
1432	0.108853
1433	0.108233
1434	0.107655
1435	0.107120
1436	0.106628
1437	0.106179
1438	0.105773
1439	0.105412
1440	0.105094
1441	0.104821
1442	0.104592
1443	0.104409
1444	0.104270
1445	0.104177
1446	0.104130
1447	0.104129
1448	0.104175
1449	0.104267
1450	0.104406
1451	0.104593
1452	0.104842
1453	0.105188
1454	0.105613
1455	0.106060
1456	0.106457
1457	0.106753
1458	0.106925
1459	0.106976
1460	0.106928
1461	0.106815
1462	0.106674
1463	0.106550
1464	0.106495
1465	0.106550
1466	0.106735
1467	0.107034
1468	0.107394
1469	0.107751
1470	0.108070
1471	0.108366
1472	0.108655
1473	0.108942
1474	0.109236
1475	0.109546
1476	0.109879
1477	0.110239
1478	0.110624
1479	0.111032
1480	0.111457
1481	0.111896
1482	0.112343
1483	0.112796
1484	0.113248
1485	0.113692
1486	0.114120
1487	0.114528
1488	0.114917
1489	0.115295
1490	0.115676
1491	0.116075
1492	0.116501
1493	0.116965
1494	0.117467
1495	0.118004
1496	0.118569
1497	0.119150
1498	0.119735
1499	0.120312
1500	0.120875
1501	0.121424
1502	0.121967
1503	0.122511
1504	0.123066
1505	0.123639
1506	0.124231
1507	0.124840
1508	0.125462
1509	0.126088
1510	0.126711
1511	0.127325
1512	0.127924
1513	0.128510
1514	0.129084
1515	0.129651
1516	0.130216
1517	0.130784
1518	0.131359
1519	0.131940
1520	0.132529
1521	0.133123
1522	0.133720
1523	0.134321
1524	0.134926
1525	0.135534
1526	0.136147
1527	0.136764
1528	0.137386
1529	0.138010
1530	0.138636
1531	0.139262
1532	0.139882
1533	0.140494
1534	0.141092
1535	0.141673
1536	0.142238
1537	0.142790
1538	0.143332
1539	0.143871
1540	0.144415
1541	0.144968
1542	0.145537
1543	0.146124
1544	0.146732
1545	0.147357
1546	0.147995
1547	0.148640
1548	0.149287
1549	0.149931
1550	0.150567
1551	0.151192
1552	0.151802
1553	0.152394
1554	0.152965
1555	0.153512
1556	0.154038
1557	0.154547
1558	0.155045
1559	0.155539
1560	0.156039
1561	0.156550
1562	0.157073
1563	0.157608
1564	0.158147
1565	0.158684
1566	0.159213
1567	0.159730
1568	0.160235
1569	0.160730
1570	0.161221
1571	0.161715
1572	0.162216
1573	0.162729
1574	0.163251
1575	0.163778
1576	0.164304
1577	0.164823
1578	0.165331
1579	0.165829
1580	0.166319
1581	0.166804
1582	0.167286
1583	0.167764
1584	0.168239
1585	0.168708
1586	0.169168
1587	0.169616
1588	0.170052
1589	0.170475
1590	0.170888
1591	0.171294
1592	0.171698
1593	0.172103
1594	0.172513
1595	0.172928
1596	0.173351
1597	0.173780
1598	0.174216
1599	0.174657
1600	0.175100
1601	0.175543
1602	0.175982
1603	0.176413
1604	0.176833
1605	0.177240
1606	0.177635
1607	0.178024
1608	0.178411
1609	0.178801
1610	0.179197
1611	0.179598
1612	0.180000
1613	0.180398
1614	0.180783
1615	0.181147
1616	0.181483
1617	0.181789
1618	0.182066
1619	0.182322
1620	0.182570
1621	0.182825
1622	0.183099
1623	0.183403
1624	0.183742
1625	0.184114
1626	0.184515
1627	0.184931
1628	0.185347
1629	0.185746
1630	0.186113
1631	0.186436
1632	0.186715
1633	0.186955
1634	0.187168
1635	0.187366
1636	0.187564
1637	0.187772
1638	0.187998
1639	0.188245
1640	0.188514
1641	0.188800
1642	0.189097
1643	0.189401
1644	0.189707
1645	0.190016
1646	0.190330
1647	0.190649
1648	0.190974
1649	0.191302
1650	0.191626
1651	0.191938
1652	0.192231
1653	0.192498
1654	0.192733
1655	0.192931
1656	0.193091
1657	0.193214
1658	0.193301
1659	0.193358
1660	0.193393
1661	0.193411
1662	0.193421
1663	0.193429
1664	0.193442
1665	0.193466
1666	0.193504
1667	0.193559
1668	0.193630
1669	0.193710
1670	0.193792
1671	0.193871
1672	0.193941
1673	0.194003
1674	0.194060
1675	0.194115
1676	0.194175
1677	0.194239
1678	0.194308
1679	0.194375
1680	0.194431
1681	0.194468
1682	0.194477
1683	0.194452
1684	0.194395
1685	0.194313
1686	0.194216
1687	0.194118
1688	0.194027
1689	0.193947
1690	0.193878
1691	0.193812
1692	0.193738
1693	0.193646
1694	0.193533
1695	0.193397
1696	0.193245
1697	0.193087
1698	0.192936
1699	0.192800
1700	0.192685
1701	0.192592
1702	0.192515
1703	0.192445
1704	0.192368
1705	0.192275
1706	0.192157
1707	0.192012
1708	0.191844
1709	0.191662
1710	0.191477
1711	0.191299
1712	0.191132
1713	0.190974
1714	0.190815
1715	0.190642
1716	0.190442
1717	0.190205
1718	0.189927
1719	0.189609
1720	0.189263
1721	0.188905
1722	0.188557
1723	0.188240
1724	0.187967
1725	0.187742
1726	0.187555
1727	0.187387
1728	0.187217
1729	0.187022
1730	0.186792
1731	0.186520
1732	0.186213
1733	0.185880
1734	0.185537
1735	0.185201
1736	0.184889
1737	0.184608
1738	0.184359
1739	0.184134
1740	0.183915
1741	0.183686
1742	0.183431
1743	0.183144
1744	0.182820
1745	0.182461
1746	0.182071
1747	0.181660
1748	0.181239
1749	0.180823
1750	0.180428
1751	0.180061
1752	0.179726
1753	0.179420
1754	0.179138
1755	0.178870
1756	0.178604
1757	0.178326
1758	0.178024
1759	0.177689
1760	0.177319
1761	0.176921
1762	0.176508
1763	0.176093
1764	0.175690
1765	0.175306
1766	0.174944
1767	0.174607
1768	0.174295
1769	0.174003
1770	0.173728
1771	0.173467
1772	0.173220
1773	0.172992
1774	0.172787
1775	0.172604
1776	0.172432
1777	0.172258
1778	0.172064
1779	0.171838
1780	0.171569
1781	0.171254
1782	0.170894
1783	0.170493
1784	0.170061
1785	0.169610
1786	0.169153
1787	0.168700
1788	0.168254
1789	0.167814
1790	0.167375
1791	0.166935
1792	0.166496
1793	0.166057
1794	0.165618
1795	0.165178
1796	0.164739
1797	0.164300
1798	0.163861
1799	0.163422
1800	0.162982
1801	0.162543
1802	0.162104
1803	0.161665
1804	0.161225
1805	0.160786
1806	0.160347
1807	0.159908
1808	0.159468
1809	0.159029
1810	0.158590
1811	0.158151
1812	0.157711
1813	0.157272
1814	0.156833
1815	0.156394
1816	0.155954
1817	0.155515
1818	0.155076
1819	0.154637
1820	0.154198
1821	0.153758
1822	0.153319
1823	0.152880
1824	0.152441
1825	0.152001
1826	0.151562
1827	0.151123
1828	0.150684
1829	0.150244
1830	0.149805
1831	0.149366
1832	0.148927
1833	0.148487
1834	0.148048
1835	0.147609
1836	0.147170
1837	0.146731
1838	0.146291
1839	0.145852
1840	0.145413
1841	0.144974
1842	0.144534
1843	0.144095
1844	0.143656
1845	0.143217
1846	0.142777
1847	0.142338
1848	0.141899
1849	0.141460
1850	0.141020
1851	0.140581
1852	0.140142
1853	0.139703
1854	0.139263
1855	0.138824
1856	0.138385
1857	0.137946
1858	0.137507
1859	0.137067
1860	0.136628
1861	0.136189
1862	0.135750
1863	0.135310
1864	0.134871
1865	0.134432
1866	0.133993
1867	0.133553
1868	0.133114
1869	0.132675
1870	0.132236
1871	0.131796
1872	0.131357
1873	0.130918
1874	0.130479
1875	0.130040
1876	0.129600
1877	0.129161
1878	0.128722
1879	0.128283
1880	0.127843
1881	0.127404
1882	0.126965
1883	0.126526
1884	0.126086
1885	0.125647
1886	0.125208
1887	0.124769
1888	0.124329
1889	0.123890
1890	0.123451
1891	0.123012
1892	0.122572
1893	0.122133
1894	0.121694
1895	0.121255
1896	0.120816
1897	0.120376
1898	0.119937
1899	0.119498
1900	0.119059
1901	0.118619
1902	0.118180
1903	0.117741
1904	0.117302
1905	0.116862
1906	0.116423
1907	0.115984
1908	0.115545
1909	0.115105
1910	0.114666
1911	0.114227
1912	0.113788
1913	0.113349
1914	0.112909
1915	0.112470
1916	0.112031
1917	0.111592
1918	0.111152
1919	0.110713
1920	0.110274
1921	0.109835
1922	0.109395
1923	0.108956
1924	0.108517
1925	0.108078
1926	0.107638
1927	0.107199
1928	0.106760
1929	0.106321
1930	0.105881
1931	0.105442
1932	0.105003
1933	0.104564
1934	0.104125
1935	0.103685
1936	0.103246
1937	0.102807
1938	0.102368
1939	0.101928
1940	0.101489
1941	0.101046
1942	0.100592
1943	0.100139
1944	0.099703
1945	0.099295
1946	0.098914
1947	0.098549
1948	0.098182
1949	0.097798
1950	0.097386
1951	0.096940
1952	0.096456
1953	0.095931
1954	0.095369
1955	0.094783
1956	0.094193
1957	0.093623
1958	0.093092
1959	0.092604
1960	0.092148
1961	0.091718
1962	0.091313
1963	0.090933
1964	0.090578
1965	0.090247
1966	0.089941
1967	0.089658
1968	0.089399
1969	0.089163
1970	0.088950
1971	0.088759
1972	0.088591
1973	0.088445
1974	0.088320
1975	0.088217
1976	0.088135
1977	0.088073
1978	0.088032
1979	0.088011
1980	0.088010
1981	0.088028
1982	0.088066
1983	0.088122
1984	0.088197
1985	0.088290
1986	0.088401
1987	0.088530
1988	0.088676
1989	0.088839
1990	0.089018
1991	0.089214
1992	0.089426
1993	0.089654
1994	0.089897
1995	0.090156
1996	0.090429
1997	0.090717
1998	0.091019
1999	0.091334
2000	0.091664
2001	0.092006
2002	0.092359
2003	0.092717
2004	0.093079
2005	0.093454
2006	0.093858
2007	0.094305
2008	0.094808
2009	0.095371
2010	0.095987
2011	0.096638
2012	0.097297
2013	0.097932
2014	0.098513
2015	0.099008
2016	0.099400
2017	0.099683
2018	0.099871
2019	0.099999
2020	0.100109
2021	0.100240
2022	0.100425
2023	0.100686
2024	0.101030
2025	0.101449
2026	0.101923
2027	0.102422
2028	0.102911
2029	0.103353
2030	0.103713
2031	0.103968
2032	0.104105
2033	0.104128
2034	0.104054
2035	0.103914
2036	0.103753
2037	0.103616
2038	0.103547
2039	0.103572
2040	0.103701
2041	0.103923
2042	0.104211
2043	0.104530
2044	0.104840
2045	0.105110
2046	0.105317
2047	0.105461
2048	0.105561
2049	0.105652
2050	0.105774
2051	0.105960
2052	0.106225
2053	0.106566
2054	0.106962
2055	0.107385
2056	0.107806
2057	0.108208
2058	0.108582
2059	0.108928
2060	0.109254
2061	0.109573
2062	0.109901
2063	0.110248
2064	0.110621
2065	0.111016
2066	0.111422
2067	0.111828
2068	0.112222
2069	0.112599
2070	0.112960
2071	0.113308
2072	0.113649
2073	0.113981
2074	0.114307
2075	0.114625
2076	0.114937
2077	0.115244
2078	0.115546
2079	0.115844
2080	0.116138
2081	0.116428
2082	0.116715
2083	0.117000
2084	0.117283
2085	0.117564
2086	0.117844
2087	0.118123
2088	0.118402
2089	0.118680
2090	0.118959
2091	0.119238
2092	0.119517
2093	0.119798
2094	0.120080
2095	0.120363
2096	0.120648
2097	0.120934
2098	0.121222
2099	0.121513
2100	0.121805
2101	0.122100
2102	0.122397
2103	0.122697
2104	0.122999
2105	0.123303
2106	0.123610
2107	0.123919
2108	0.124230
2109	0.124544
2110	0.124860
2111	0.125178
2112	0.125498
2113	0.125819
2114	0.126143
2115	0.126467
2116	0.126794
2117	0.127121
2118	0.127448
2119	0.127777
2120	0.128105
2121	0.128433
2122	0.128761
2123	0.129089
2124	0.129415
2125	0.129739
2126	0.130062
2127	0.130382
2128	0.130699
2129	0.131013
2130	0.131324
2131	0.131630
2132	0.131931
2133	0.132227
2134	0.132517
2135	0.132800
2136	0.133077
2137	0.133345
2138	0.133606
2139	0.133857
2140	0.134098
2141	0.134329
2142	0.134549
2143	0.134757
2144	0.134952
2145	0.135134
2146	0.135302
2147	0.135454
2148	0.135590
2149	0.135710
2150	0.135812
2151	0.135895
2152	0.135949
2153	0.135953
2154	0.135919
2155	0.135887
2156	0.135895
2157	0.135967
2158	0.136106
2159	0.136301
2160	0.136533
2161	0.136781
2162	0.137028
2163	0.137249
2164	0.137418
2165	0.137514
2166	0.137528
2167	0.137473
2168	0.137382
2169	0.137294
2170	0.137227
2171	0.137165
2172	0.137100
2173	0.137033
2174	0.136964
2175	0.136893
2176	0.136823
2177	0.136752
2178	0.136682
2179	0.136613
2180	0.136546
2181	0.136481
2182	0.136418
2183	0.136359
2184	0.136303
2185	0.136251
2186	0.136203
2187	0.136159
2188	0.136120
2189	0.136087
2190	0.136058
2191	0.136035
2192	0.136018
2193	0.136006
2194	0.136001
2195	0.136002
2196	0.136008
2197	0.136022
2198	0.136041
2199	0.136067
2200	0.136098
2201	0.136137
2202	0.136181
2203	0.136231
2204	0.136288
2205	0.136350
2206	0.136418
2207	0.136491
2208	0.136569
2209	0.136653
2210	0.136741
2211	0.136833
2212	0.136930
2213	0.137030
2214	0.137133
2215	0.137240
2216	0.137348
2217	0.137459
2218	0.137572
2219	0.137685
2220	0.137799
2221	0.137912
2222	0.138025
2223	0.138137
2224	0.138247
2225	0.138354
2226	0.138458
2227	0.138558
2228	0.138653
2229	0.138743
2230	0.138826
2231	0.138902
2232	0.138970
2233	0.139029
2234	0.139078
2235	0.139117
2236	0.139144
2237	0.139158
2238	0.139159
2239	0.139145
2240	0.139115
2241	0.139068
2242	0.139004
2243	0.138920
2244	0.138816
2245	0.138691
2246	0.138542
2247	0.138371
2248	0.138173
2249	0.137950
2250	0.137699
2251	0.137418
2252	0.137111
2253	0.136779
2254	0.136397
2255	0.135942
2256	0.135411
2257	0.134834
2258	0.134255
2259	0.133725
2260	0.133283
2261	0.132957
2262	0.132756
2263	0.132681
2264	0.132720
2265	0.132845
2266	0.133012
2267	0.133170
2268	0.133268
2269	0.133280
2270	0.133209
2271	0.133084
2272	0.132919
2273	0.132717
2274	0.132482
2275	0.132218
2276	0.131928
2277	0.131615
2278	0.131283
2279	0.130934
2280	0.130572
2281	0.130199
2282	0.129817
2283	0.129431
2284	0.129042
2285	0.128652
2286	0.128263
2287	0.127879
2288	0.127501
2289	0.127130
2290	0.126770
2291	0.126420
2292	0.126084
2293	0.125762
2294	0.125457
2295	0.125168
2296	0.124897
2297	0.124646
2298	0.124415
2299	0.124205
2300	0.124017
2301	0.123852
2302	0.123709
2303	0.123589
2304	0.123492
2305	0.123420
2306	0.123370
2307	0.123345
2308	0.123342
2309	0.123363
2310	0.123406
2311	0.123471
2312	0.123557
2313	0.123664
2314	0.123791
2315	0.123936
2316	0.124099
2317	0.124279
2318	0.124473
2319	0.124681
2320	0.124902
2321	0.125132
2322	0.125372
2323	0.125618
2324	0.125869
2325	0.126123
2326	0.126377
2327	0.126629
2328	0.126877
2329	0.127118
2330	0.127349
2331	0.127568
2332	0.127772
2333	0.127958
2334	0.128122
2335	0.128261
2336	0.128373
2337	0.128453
2338	0.128498
2339	0.128504
2340	0.128468
2341	0.128386
2342	0.128253
2343	0.128066
2344	0.127819
2345	0.127510
2346	0.127133
2347	0.126684
2348	0.126158
2349	0.125550
2350	0.124855
2351	0.124069
2352	0.123172
2353	0.122128
2354	0.120943
2355	0.119662
2356	0.118341
2357	0.117029
2358	0.115753
2359	0.114521
2360	0.113330
2361	0.112168
2362	0.111022
2363	0.109865
2364	0.108659
2365	0.107363
2366	0.105949
2367	0.104412
2368	0.102782
2369	0.101102
2370	0.099399
2371	0.097657
2372	0.095865
2373	0.094023
2374	0.092131
2375	0.090190
2376	0.088199
2377	0.086158
2378	0.084067
2379	0.081927
2380	0.079737
2381	0.077497
2382	0.075207
2383	0.072868
2384	0.070479
2385	0.068040
2386	0.065551
2387	0.063013
2388	0.060425
2389	0.057787
2390	0.055099
2391	0.052362
2392	0.049575
2393	0.046738
2394	0.043851
2395	0.040915
2396	0.037929
2397	0.034893
2398	0.031807
2399	0.028672
2400	0.025487
2401	0.022252
2402	0.018967
2403	0.015633
2404	0.012249
2405	0.008815
2406	0.005331
2407	0.001798
2408	-0.001785
2409	-0.005418
2410	-0.009101
2411	-0.012833
2412	-0.016615
2413	-0.020447
2414	-0.024328
2415	-0.028260
2416	-0.032241
2417	-0.036272
2418	-0.040352
2419	-0.044483
2420	-0.048663
2421	-0.052893
2422	-0.057172
2423	-0.061502
2424	-0.065881
2425	-0.070310
2426	-0.074788
2427	-0.079317
2428	-0.083895
2429	-0.088523
2430	-0.093200
2431	-0.097928
2432	-0.102705
2433	-0.107531
2434	-0.112408
2435	-0.117334
2436	-0.122311
2437	-0.127336
2438	-0.132412
2439	-0.137537
2440	-0.142712
2441	-0.147937
2442	-0.153212
2443	-0.158536
2444	-0.163910
2445	-0.169334
2446	-0.174808
2447	-0.180331
2448	-0.185904
2449	-0.191527
2450	-0.197200
2451	-0.202922
2452	-0.208694
2453	-0.214516
2454	-0.220387
2455	-0.226309
2456	-0.232280
2457	-0.238301
2458	-0.244371
2459	-0.250492
2460	-0.256662
2461	-0.262882
2462	-0.269151
2463	-0.275470
2464	-0.281840
2465	-0.288258
2466	-0.294727
2467	-0.301245
2468	-0.307813
2469	-0.314431
2470	-0.321099
2471	-0.327816
2472	-0.334583
2473	-0.341400
2474	-0.348267
2475	-0.355183
2476	-0.362149
2477	-0.369165
2478	-0.376230
2479	-0.383346
2480	-0.390511
2481	-0.397726
2482	-0.404990
2483	-0.412305
2484	-0.419669
2485	-0.427082
2486	-0.434546
2487	-0.442059
2488	-0.449622
2489	-0.457235
2490	-0.464898
2491	-0.472610
2492	-0.480372
2493	-0.488184
2494	-0.496046
2495	-0.503957
2496	-0.511918
2497	-0.519929
2498	-0.527989
2499	-0.536100
2500	-0.544260
