350	0.022186
351	0.022271
352	0.022352
353	0.022432
354	0.022510
355	0.022586
356	0.022660
357	0.022731
358	0.022801
359	0.022869
360	0.022933
361	0.022997
362	0.023061
363	0.023126
364	0.023192
365	0.023260
366	0.023330
367	0.023403
368	0.023478
369	0.023557
370	0.023638
371	0.023724
372	0.023817
373	0.023917
374	0.024026
375	0.024143
376	0.024269
377	0.024400
378	0.024535
379	0.024671
380	0.024807
381	0.024943
382	0.025078
383	0.025212
384	0.025347
385	0.025483
386	0.025623
387	0.025766
388	0.025913
389	0.026062
390	0.026213
391	0.026363
392	0.026515
393	0.026670
394	0.026828
395	0.026988
396	0.027147
397	0.027302
398	0.027451
399	0.027592
400	0.027725
401	0.027851
402	0.027972
403	0.028091
404	0.028212
405	0.028339
406	0.028475
407	0.028620
408	0.028773
409	0.028932
410	0.029092
411	0.029251
412	0.029407
413	0.029559
414	0.029706
415	0.029852
416	0.029997
417	0.030143
418	0.030292
419	0.030447
420	0.030606
421	0.030770
422	0.030939
423	0.031110
424	0.031286
425	0.031464
426	0.031645
427	0.031829
428	0.032015
429	0.032202
430	0.032391
431	0.032578
432	0.032765
433	0.032949
434	0.033130
435	0.033308
436	0.033484
437	0.033658
438	0.033830
439	0.034002
440	0.034174
441	0.034344
442	0.034511
443	0.034676
444	0.034838
445	0.034998
446	0.035155
447	0.035312
448	0.035467
449	0.035621
450	0.035773
451	0.035923
452	0.036070
453	0.036212
454	0.036347
455	0.036476
456	0.036597
457	0.036711
458	0.036820
459	0.036925
460	0.037027
461	0.037126
462	0.037221
463	0.037314
464	0.037403
465	0.037489
466	0.037573
467	0.037654
468	0.037735
469	0.037814
470	0.037894
471	0.037976
472	0.038058
473	0.038141
474	0.038225
475	0.038309
476	0.038394
477	0.038481
478	0.038570
479	0.038663
480	0.038761
481	0.038863
482	0.038971
483	0.039084
484	0.039202
485	0.039323
486	0.039448
487	0.039577
488	0.039710
489	0.039847
490	0.039989
491	0.040136
492	0.040290
493	0.040450
494	0.040617
495	0.040792
496	0.040976
497	0.041167
498	0.041367
499	0.041576
500	0.041794
501	0.042020
502	0.042255
503	0.042499
504	0.042753
505	0.043017
506	0.043293
507	0.043582
508	0.043886
509	0.044207
510	0.044544
511	0.044899
512	0.045272
513	0.045663
514	0.046072
515	0.046497
516	0.046937
517	0.047391
518	0.047857
519	0.048333
520	0.048817
521	0.049305
522	0.049794
523	0.050282
524	0.050766
525	0.051243
526	0.051712
527	0.052171
528	0.052619
529	0.053054
530	0.053478
531	0.053889
532	0.054287
533	0.054672
534	0.055043
535	0.055398
536	0.055738
537	0.056063
538	0.056375
539	0.056674
540	0.056965
541	0.057250
542	0.057531
543	0.057811
544	0.058092
545	0.058374
546	0.058657
547	0.058940
548	0.059219
549	0.059495
550	0.059764
551	0.060025
552	0.060275
553	0.060512
554	0.060733
555	0.060936
556	0.061118
557	0.061277
558	0.061411
559	0.061521
560	0.061608
561	0.061672
562	0.061719
563	0.061750
564	0.061771
565	0.061784
566	0.061793
567	0.061799
568	0.061804
569	0.061810
570	0.061819
571	0.061832
572	0.061852
573	0.061877
574	0.061909
575	0.061946
576	0.061988
577	0.062030
578	0.062071
579	0.062107
580	0.062136
581	0.062156
582	0.062169
583	0.062178
584	0.062186
585	0.062196
586	0.062212
587	0.062238
588	0.062276
589	0.062330
590	0.062401
591	0.062489
592	0.062594
593	0.062713
594	0.062844
595	0.062981
596	0.063121
597	0.063257
598	0.063382
599	0.063493
600	0.063585
601	0.063659
602	0.063715
603	0.063756
604	0.063786
605	0.063807
606	0.063824
607	0.063837
608	0.063847
609	0.063854
610	0.063857
611	0.063853
612	0.063843
613	0.063827
614	0.063807
615	0.063786
616	0.063768
617	0.063757
618	0.063755
619	0.063764
620	0.063783
621	0.063814
622	0.063854
623	0.063902
624	0.063955
625	0.064013
626	0.064074
627	0.064137
628	0.064203
629	0.064269
630	0.064336
631	0.064401
632	0.064462
633	0.064517
634	0.064562
635	0.064596
636	0.064615
637	0.064617
638	0.064600
639	0.064564
640	0.064510
641	0.064442
642	0.064363
643	0.064278
644	0.064194
645	0.064115
646	0.064047
647	0.063993
648	0.063954
649	0.063930
650	0.063917
651	0.063912
652	0.063911
653	0.063909
654	0.063904
655	0.063893
656	0.063872
657	0.063843
658	0.063805
659	0.063760
660	0.063709
661	0.063653
662	0.063594
663	0.063535
664	0.063479
665	0.063428
666	0.063385
667	0.063352
668	0.063333
669	0.063327
670	0.063337
671	0.063363
672	0.063405
673	0.063460
674	0.063528
675	0.063608
676	0.063699
677	0.063802
678	0.063920
679	0.064057
680	0.064217
681	0.064405
682	0.064628
683	0.064890
684	0.065198
685	0.065556
686	0.065968
687	0.066441
688	0.066982
689	0.067600
690	0.068303
691	0.069099
692	0.069993
693	0.070991
694	0.072093
695	0.073297
696	0.074597
697	0.075985
698	0.077451
699	0.078984
700	0.080573
701	0.082210
702	0.083887
703	0.085599
704	0.087341
705	0.089110
706	0.090903
707	0.092715
708	0.094541
709	0.096378
710	0.098221
711	0.100070
712	0.101926
713	0.103794
714	0.105679
715	0.107589
716	0.109530
717	0.111510
718	0.113528
719	0.115579
720	0.117655
721	0.119742
722	0.121827
723	0.123899
724	0.125950
725	0.127975
726	0.129969
727	0.131933
728	0.133864
729	0.135762
730	0.137623
731	0.139442
732	0.141212
733	0.142923
734	0.144568
735	0.146141
736	0.147641
737	0.149066
738	0.150416
739	0.151692
740	0.152896
741	0.154027
742	0.155087
743	0.156076
744	0.156997
745	0.157849
746	0.158634
747	0.159356
748	0.160019
749	0.160629
750	0.161194
751	0.161722
752	0.162218
753	0.162685
754	0.163124
755	0.163531
756	0.163903
757	0.164235
758	0.164525
759	0.164772
760	0.164980
761	0.165159
762	0.165324
763	0.165489
764	0.165668
765	0.165870
766	0.166096
767	0.166343
768	0.166604
769	0.166869
770	0.167129
771	0.167377
772	0.167608
773	0.167820
774	0.168018
775	0.168204
776	0.168383
777	0.168557
778	0.168725
779	0.168885
780	0.169035
781	0.169173
782	0.169297
783	0.169408
784	0.169509
785	0.169604
786	0.169697
787	0.169793
788	0.169896
789	0.170007
790	0.170126
791	0.170250
792	0.170376
793	0.170500
794	0.170620
795	0.170734
796	0.170841
797	0.170944
798	0.171047
799	0.171155
800	0.171271
801	0.171398
802	0.171536
803	0.171680
804	0.171825
805	0.171959
806	0.172070
807	0.172150
808	0.172191
809	0.172193
810	0.172160
811	0.172104
812	0.172036
813	0.171971
814	0.171923
815	0.171904
816	0.171923
817	0.171983
818	0.172080
819	0.172208
820	0.172358
821	0.172522
822	0.172692
823	0.172862
824	0.173029
825	0.173188
826	0.173338
827	0.173479
828	0.173612
829	0.173740
830	0.173866
831	0.173993
832	0.174122
833	0.174257
834	0.174398
835	0.174548
836	0.174707
837	0.174873
838	0.175045
839	0.175219
840	0.175389
841	0.175552
842	0.175706
843	0.175849
844	0.175981
845	0.176101
846	0.176209
847	0.176308
848	0.176400
849	0.176489
850	0.176576
851	0.176664
852	0.176750
853	0.176837
854	0.176925
855	0.177016
856	0.177111
857	0.177210
858	0.177313
859	0.177418
860	0.177524
861	0.177627
862	0.177727
863	0.177821
864	0.177908
865	0.177988
866	0.178062
867	0.178132
868	0.178201
869	0.178271
870	0.178343
871	0.178417
872	0.178492
873	0.178566
874	0.178638
875	0.178706
876	0.178770
877	0.178832
878	0.178892
879	0.178953
880	0.179014
881	0.179076
882	0.179138
883	0.179201
884	0.179261
885	0.179317
886	0.179362
887	0.179389
888	0.179392
889	0.179363
890	0.179302
891	0.179209
892	0.179085
893	0.178936
894	0.178769
895	0.178597
896	0.178438
897	0.178307
898	0.178218
899	0.178174
900	0.178176
901	0.178215
902	0.178281
903	0.178364
904	0.178451
905	0.178530
906	0.178591
907	0.178624
908	0.178631
909	0.178617
910	0.178595
911	0.178578
912	0.178574
913	0.178607
914	0.178696
915	0.178845
916	0.179037
917	0.179239
918	0.179413
919	0.179523
920	0.179543
921	0.179459
922	0.179267
923	0.178975
924	0.178602
925	0.178178
926	0.177738
927	0.177314
928	0.176928
929	0.176580
930	0.176256
931	0.175947
932	0.175655
933	0.175378
934	0.175117
935	0.174872
936	0.174642
937	0.174428
938	0.174228
939	0.174043
940	0.173873
941	0.173717
942	0.173575
943	0.173448
944	0.173334
945	0.173234
946	0.173147
947	0.173074
948	0.173014
949	0.172967
950	0.172932
951	0.172910
952	0.172900
953	0.172903
954	0.172917
955	0.172944
956	0.172981
957	0.173031
958	0.173091
959	0.173162
960	0.173245
961	0.173338
962	0.173441
963	0.173555
964	0.173679
965	0.173812
966	0.173956
967	0.174109
968	0.174271
969	0.174442
970	0.174622
971	0.174812
972	0.175009
973	0.175215
974	0.175429
975	0.175652
976	0.175882
977	0.176119
978	0.176365
979	0.176617
980	0.176876
981	0.177143
982	0.177415
983	0.177692
984	0.177975
985	0.178265
986	0.178565
987	0.178877
988	0.179201
989	0.179535
990	0.179878
991	0.180227
992	0.180580
993	0.180936
994	0.181291
995	0.181642
996	0.181989
997	0.182332
998	0.182672
999	0.183011
1000	0.183351
1001	0.183689
1002	0.184025
1003	0.184358
1004	0.184689
1005	0.185016
1006	0.185340
1007	0.185660
1008	0.185976
1009	0.186287
1010	0.186594
1011	0.186896
1012	0.187193
1013	0.187485
1014	0.187771
1015	0.188052
1016	0.188326
1017	0.188595
1018	0.188858
1019	0.189114
1020	0.189364
1021	0.189608
1022	0.189845
1023	0.190076
1024	0.190300
1025	0.190517
1026	0.190727
1027	0.190931
1028	0.191128
1029	0.191319
1030	0.191502
1031	0.191678
1032	0.191845
1033	0.192005
1034	0.192164
1035	0.192324
1036	0.192487
1037	0.192648
1038	0.192803
1039	0.192947
1040	0.193078
1041	0.193193
1042	0.193293
1043	0.193377
1044	0.193446
1045	0.193504
1046	0.193557
1047	0.193613
1048	0.193676
1049	0.193748
1050	0.193826
1051	0.193906
1052	0.193989
1053	0.194075
1054	0.194163
1055	0.194253
1056	0.194344
1057	0.194437
1058	0.194531
1059	0.194626
1060	0.194721
1061	0.194817
1062	0.194912
1063	0.195007
1064	0.195102
1065	0.195196
1066	0.195288
1067	0.195379
1068	0.195468
1069	0.195555
1070	0.195640
1071	0.195723
1072	0.195802
1073	0.195878
1074	0.195951
1075	0.196020
1076	0.196085
1077	0.196146
1078	0.196202
1079	0.196254
1080	0.196300
1081	0.196340
1082	0.196375
1083	0.196405
1084	0.196427
1085	0.196444
1086	0.196453
1087	0.196455
1088	0.196450
1089	0.196437
1090	0.196416
1091	0.196387
1092	0.196352
1093	0.196317
1094	0.196281
1095	0.196231
1096	0.196155
1097	0.196038
1098	0.195872
1099	0.195655
1100	0.195392
1101	0.195095
1102	0.194777
1103	0.194456
1104	0.194148
1105	0.193864
1106	0.193606
1107	0.193364
1108	0.193114
1109	0.192825
1110	0.192466
1111	0.192021
1112	0.191481
1113	0.190849
1114	0.190138
1115	0.189371
1116	0.188574
1117	0.187772
1118	0.186991
1119	0.186257
1120	0.185594
1121	0.185025
1122	0.184569
1123	0.184237
1124	0.184032
1125	0.183953
1126	0.183996
1127	0.184147
1128	0.184384
1129	0.184676
1130	0.184982
1131	0.185264
1132	0.185489
1133	0.185633
1134	0.185682
1135	0.185623
1136	0.185446
1137	0.185146
1138	0.184724
1139	0.184197
1140	0.183588
1141	0.182925
1142	0.182234
1143	0.181541
1144	0.180869
1145	0.180241
1146	0.179681
1147	0.179202
1148	0.178808
1149	0.178490
1150	0.178239
1151	0.178046
1152	0.177910
1153	0.177836
1154	0.177827
1155	0.177887
1156	0.178010
1157	0.178192
1158	0.178421
1159	0.178687
1160	0.178972
1161	0.179257
1162	0.179525
1163	0.179760
1164	0.179957
1165	0.180120
1166	0.180259
1167	0.180386
1168	0.180511
1169	0.180638
1170	0.180768
1171	0.180897
1172	0.181018
1173	0.181122
1174	0.181198
1175	0.181237
1176	0.181233
1177	0.181188
1178	0.181111
1179	0.181015
1180	0.180915
1181	0.180827
1182	0.180762
1183	0.180730
1184	0.180739
1185	0.180791
1186	0.180881
1187	0.181000
1188	0.181136
1189	0.181272
1190	0.181395
1191	0.181494
1192	0.181565
1193	0.181606
1194	0.181624
1195	0.181626
1196	0.181623
1197	0.181628
1198	0.181648
1199	0.181689
1200	0.181751
1201	0.181832
1202	0.181926
1203	0.182030
1204	0.182140
1205	0.182254
1206	0.182373
1207	0.182496
1208	0.182625
1209	0.182760
1210	0.182901
1211	0.183049
1212	0.183202
1213	0.183362
1214	0.183528
1215	0.183703
1216	0.183891
1217	0.184094
1218	0.184313
1219	0.184548
1220	0.184795
1221	0.185051
1222	0.185312
1223	0.185572
1224	0.185829
1225	0.186079
1226	0.186321
1227	0.186554
1228	0.186778
1229	0.186993
1230	0.187198
1231	0.187392
1232	0.187575
1233	0.187747
1234	0.187908
1235	0.188060
1236	0.188203
1237	0.188341
1238	0.188477
1239	0.188612
1240	0.188748
1241	0.188883
1242	0.189015
1243	0.189142
1244	0.189261
1245	0.189371
1246	0.189471
1247	0.189560
1248	0.189641
1249	0.189717
1250	0.189794
1251	0.189876
1252	0.189968
1253	0.190072
1254	0.190187
1255	0.190309
1256	0.190430
1257	0.190542
1258	0.190638
1259	0.190711
1260	0.190758
1261	0.190781
1262	0.190785
1263	0.190779
1264	0.190773
1265	0.190778
1266	0.190801
1267	0.190847
1268	0.190915
1269	0.190999
1270	0.191090
1271	0.191181
1272	0.191263
1273	0.191332
1274	0.191385
1275	0.191422
1276	0.191448
1277	0.191468
1278	0.191489
1279	0.191515
1280	0.191548
1281	0.191585
1282	0.191620
1283	0.191643
1284	0.191647
1285	0.191622
1286	0.191560
1287	0.191459
1288	0.191319
1289	0.191148
1290	0.190955
1291	0.190750
1292	0.190544
1293	0.190345
1294	0.190156
1295	0.189976
1296	0.189802
1297	0.189627
1298	0.189443
1299	0.189241
1300	0.189017
1301	0.188770
1302	0.188498
1303	0.188206
1304	0.187898
1305	0.187577
1306	0.187247
1307	0.186910
1308	0.186569
1309	0.186223
1310	0.185873
1311	0.185516
1312	0.185152
1313	0.184777
1314	0.184391
1315	0.183991
1316	0.183577
1317	0.183148
1318	0.182702
1319	0.182241
1320	0.181764
1321	0.181272
1322	0.180767
1323	0.180249
1324	0.179718
1325	0.179174
1326	0.178618
1327	0.178051
1328	0.177472
1329	0.176883
1330	0.176283
1331	0.175672
1332	0.175053
1333	0.174424
1334	0.173786
1335	0.173139
1336	0.172485
1337	0.171823
1338	0.171154
1339	0.170478
1340	0.169795
1341	0.169107
1342	0.168413
1343	0.167713
1344	0.167009
1345	0.166301
1346	0.165589
1347	0.164873
1348	0.164153
1349	0.163431
1350	0.162707
1351	0.161981
1352	0.161253
1353	0.160524
1354	0.159795
1355	0.159065
1356	0.158335
1357	0.157605
1358	0.156877
1359	0.156150
1360	0.155424
1361	0.154701
1362	0.153980
1363	0.153262
1364	0.152547
1365	0.151837
1366	0.151135
1367	0.150439
1368	0.149747
1369	0.149055
1370	0.148360
1371	0.147658
1372	0.146950
1373	0.146236
1374	0.145516
1375	0.144791
1376	0.144063
1377	0.143335
1378	0.142609
1379	0.141887
1380	0.141171
1381	0.140458
1382	0.139745
1383	0.139030
1384	0.138314
1385	0.137599
1386	0.136883
1387	0.136168
1388	0.135452
1389	0.134736
1390	0.134021
1391	0.133295
1392	0.132545
1393	0.131792
1394	0.131078
1395	0.130432
1396	0.129855
1397	0.129324
1398	0.128803
1399	0.128257
1400	0.127657
1401	0.126986
1402	0.126228
1403	0.125374
1404	0.124424
1405	0.123399
1406	0.122339
1407	0.121299
1408	0.120323
1409	0.119422
1410	0.118570
1411	0.117755
1412	0.116977
1413	0.116233
1414	0.115524
1415	0.114850
1416	0.114209
1417	0.113602
1418	0.113027
1419	0.112484
1420	0.111973
1421	0.111492
1422	0.111042
1423	0.110621
1424	0.110230
1425	0.109867
1426	0.109532
1427	0.109225
1428	0.108944
1429	0.108690
1430	0.108462
1431	0.108258
1432	0.108080
1433	0.107925
1434	0.107794
1435	0.107686
1436	0.107600
1437	0.107536
1438	0.107493
1439	0.107471
1440	0.107469
1441	0.107487
1442	0.107523
1443	0.107578
1444	0.107650
1445	0.107740
1446	0.107846
1447	0.107969
1448	0.108107
1449	0.108260
1450	0.108427
1451	0.108609
1452	0.108812
1453	0.109058
1454	0.109336
1455	0.109611
1456	0.109843
1457	0.109998
1458	0.110058
1459	0.110015
1460	0.109870
1461	0.109630
1462	0.109305
1463	0.108919
1464	0.108508
1465	0.108117
1466	0.107789
1467	0.107552
1468	0.107415
1469	0.107375
1470	0.107434
1471	0.107610
1472	0.107901
1473	0.108282
1474	0.108720
1475	0.109176
1476	0.109619
1477	0.110026
1478	0.110390
1479	0.110716
1480	0.111017
1481	0.111315
1482	0.111628
1483	0.111972
1484	0.112353
1485	0.112771
1486	0.113214
1487	0.113672
1488	0.114132
1489	0.114590
1490	0.115049
1491	0.115515
1492	0.115995
1493	0.116496
1494	0.117016
1495	0.117549
1496	0.118083
1497	0.118604
1498	0.119099
1499	0.119556
1500	0.119969
1501	0.120339
1502	0.120672
1503	0.120980
1504	0.121279
1505	0.121581
1506	0.121900
1507	0.122241
1508	0.122608
1509	0.122998
1510	0.123408
1511	0.123831
1512	0.124262
1513	0.124695
1514	0.125125
1515	0.125551
1516	0.125970
1517	0.126384
1518	0.126792
1519	0.127194
1520	0.127587
1521	0.127969
1522	0.128338
1523	0.128691
1524	0.129032
1525	0.129364
1526	0.129692
1527	0.130024
1528	0.130363
1529	0.130714
1530	0.131076
1531	0.131445
1532	0.131814
1533	0.132174
1534	0.132514
1535	0.132829
1536	0.133115
1537	0.133375
1538	0.133616
1539	0.133849
1540	0.134084
1541	0.134333
1542	0.134604
1543	0.134904
1544	0.135235
1545	0.135592
1546	0.135970
1547	0.136360
1548	0.136753
1549	0.137142
1550	0.137521
1551	0.137888
1552	0.138243
1553	0.138585
1554	0.138917
1555	0.139241
1556	0.139556
1557	0.139862
1558	0.140158
1559	0.140442
1560	0.140714
1561	0.140973
1562	0.141222
1563	0.141462
1564	0.141697
1565	0.141930
1566	0.142163
1567	0.142399
1568	0.142638
1569	0.142880
1570	0.143125
1571	0.143371
1572	0.143621
1573	0.143875
1574	0.144134
1575	0.144399
1576	0.144670
1577	0.144947
1578	0.145227
1579	0.145508
1580	0.145789
1581	0.146067
1582	0.146342
1583	0.146612
1584	0.146881
1585	0.147153
1586	0.147432
1587	0.147724
1588	0.148029
1589	0.148347
1590	0.148672
1591	0.148992
1592	0.149299
1593	0.149582
1594	0.149833
1595	0.150050
1596	0.150236
1597	0.150397
1598	0.150544
1599	0.150689
1600	0.150841
1601	0.151006
1602	0.151182
1603	0.151365
1604	0.151547
1605	0.151724
1606	0.151893
1607	0.152055
1608	0.152215
1609	0.152377
1610	0.152550
1611	0.152737
1612	0.152942
1613	0.153164
1614	0.153398
1615	0.153636
1616	0.153873
1617	0.154104
1618	0.154331
1619	0.154556
1620	0.154782
1621	0.155011
1622	0.155245
1623	0.155485
1624	0.155727
1625	0.155965
1626	0.156191
1627	0.156396
1628	0.156573
1629	0.156719
1630	0.156833
1631	0.156923
1632	0.156996
1633	0.157064
1634	0.157138
1635	0.157229
1636	0.157344
1637	0.157487
1638	0.157658
1639	0.157851
1640	0.158061
1641	0.158281
1642	0.158503
1643	0.158721
1644	0.158930
1645	0.159126
1646	0.159304
1647	0.159461
1648	0.159594
1649	0.159702
1650	0.159787
1651	0.159852
1652	0.159901
1653	0.159943
1654	0.159984
1655	0.160030
1656	0.160085
1657	0.160148
1658	0.160215
1659	0.160283
1660	0.160345
1661	0.160399
1662	0.160443
1663	0.160478
1664	0.160507
1665	0.160531
1666	0.160553
1667	0.160575
1668	0.160593
1669	0.160607
1670	0.160611
1671	0.160602
1672	0.160580
1673	0.160546
1674	0.160508
1675	0.160472
1676	0.160447
1677	0.160439
1678	0.160452
1679	0.160486
1680	0.160534
1681	0.160591
1682	0.160646
1683	0.160692
1684	0.160719
1685	0.160723
1686	0.160700
1687	0.160654
1688	0.160586
1689	0.160505
1690	0.160414
1691	0.160318
1692	0.160215
1693	0.160104
1694	0.159980
1695	0.159840
1696	0.159682
1697	0.159510
1698	0.159328
1699	0.159147
1700	0.158978
1701	0.158834
1702	0.158725
1703	0.158654
1704	0.158616
1705	0.158599
1706	0.158587
1707	0.158561
1708	0.158504
1709	0.158409
1710	0.158273
1711	0.158106
1712	0.157924
1713	0.157748
1714	0.157596
1715	0.157479
1716	0.157398
1717	0.157345
1718	0.157306
1719	0.157265
1720	0.157205
1721	0.157115
1722	0.156992
1723	0.156840
1724	0.156672
1725	0.156508
1726	0.156364
1727	0.156253
1728	0.156182
1729	0.156147
1730	0.156137
1731	0.156140
1732	0.156145
1733	0.156140
1734	0.156119
1735	0.156077
1736	0.156011
1737	0.155923
1738	0.155809
1739	0.155670
1740	0.155502
1741	0.155302
1742	0.155069
1743	0.154810
1744	0.154540
1745	0.154276
1746	0.154043
1747	0.153858
1748	0.153731
1749	0.153662
1750	0.153635
1751	0.153624
1752	0.153596
1753	0.153518
1754	0.153366
1755	0.153127
1756	0.152810
1757	0.152436
1758	0.152037
1759	0.151646
1760	0.151292
1761	0.150993
1762	0.150756
1763	0.150576
1764	0.150438
1765	0.150319
1766	0.150196
1767	0.150047
1768	0.149861
1769	0.149634
1770	0.149369
1771	0.149074
1772	0.148759
1773	0.148432
1774	0.148102
1775	0.147777
1776	0.147464
1777	0.147170
1778	0.146895
1779	0.146637
1780	0.146394
1781	0.146164
1782	0.145943
1783	0.145729
1784	0.145520
1785	0.145313
1786	0.145106
1787	0.144897
1788	0.144686
1789	0.144475
1790	0.144264
1791	0.144053
1792	0.143842
1793	0.143631
1794	0.143420
1795	0.143209
1796	0.142998
1797	0.142787
1798	0.142576
1799	0.142365
1800	0.142154
1801	0.141943
1802	0.141732
1803	0.141521
1804	0.141309
1805	0.141098
1806	0.140887
1807	0.140676
1808	0.140465
1809	0.140254
1810	0.140043
1811	0.139832
1812	0.139621
1813	0.139410
1814	0.139199
1815	0.138988
1816	0.138777
1817	0.138566
1818	0.138355
1819	0.138144
1820	0.137932
1821	0.137721
1822	0.137510
1823	0.137299
1824	0.137088
1825	0.136877
1826	0.136666
1827	0.136455
1828	0.136244
1829	0.136033
1830	0.135822
1831	0.135611
1832	0.135400
1833	0.135189
1834	0.134978
1835	0.134767
1836	0.134555
1837	0.134344
1838	0.134133
1839	0.133922
1840	0.133711
1841	0.133500
1842	0.133289
1843	0.133078
1844	0.132867
1845	0.132656
1846	0.132445
1847	0.132234
1848	0.132023
1849	0.131812
1850	0.131601
1851	0.131390
1852	0.131178
1853	0.130967
1854	0.130756
1855	0.130545
1856	0.130334
1857	0.130123
1858	0.129912
1859	0.129701
1860	0.129490
1861	0.129279
1862	0.129068
1863	0.128857
1864	0.128646
1865	0.128435
1866	0.128224
1867	0.128013
1868	0.127801
1869	0.127590
1870	0.127379
1871	0.127168
1872	0.126957
1873	0.126746
1874	0.126535
1875	0.126324
1876	0.126113
1877	0.125902
1878	0.125691
1879	0.125480
1880	0.125269
1881	0.125058
1882	0.124847
1883	0.124635
1884	0.124424
1885	0.124213
1886	0.124002
1887	0.123791
1888	0.123580
1889	0.123369
1890	0.123158
1891	0.122947
1892	0.122736
1893	0.122525
1894	0.122314
1895	0.122103
1896	0.121892
1897	0.121681
1898	0.121470
1899	0.121258
1900	0.121047
1901	0.120836
1902	0.120625
1903	0.120414
1904	0.120203
1905	0.119992
1906	0.119781
1907	0.119570
1908	0.119359
1909	0.119148
1910	0.118937
1911	0.118726
1912	0.118515
1913	0.118304
1914	0.118093
1915	0.117881
1916	0.117670
1917	0.117459
1918	0.117248
1919	0.117037
1920	0.116826
1921	0.116615
1922	0.116404
1923	0.116193
1924	0.115982
1925	0.115771
1926	0.115560
1927	0.115349
1928	0.115138
1929	0.114927
1930	0.114716
1931	0.114504
1932	0.114293
1933	0.114082
1934	0.113871
1935	0.113660
1936	0.113449
1937	0.113238
1938	0.113027
1939	0.112816
1940	0.112605
1941	0.112393
1942	0.112177
1943	0.111961
1944	0.111749
1945	0.111545
1946	0.111351
1947	0.111164
1948	0.110981
1949	0.110798
1950	0.110611
1951	0.110416
1952	0.110210
1953	0.109991
1954	0.109758
1955	0.109511
1956	0.109254
1957	0.108994
1958	0.108737
1959	0.108485
1960	0.108238
1961	0.107995
1962	0.107757
1963	0.107525
1964	0.107300
1965	0.107083
1966	0.106874
1967	0.106676
1968	0.106489
1969	0.106313
1970	0.106151
1971	0.106002
1972	0.105868
1973	0.105750
1974	0.105649
1975	0.105565
1976	0.105501
1977	0.105456
1978	0.105432
1979	0.105429
1980	0.105450
1981	0.105494
1982	0.105563
1983	0.105657
1984	0.105778
1985	0.105927
1986	0.106104
1987	0.106311
1988	0.106549
1989	0.106818
1990	0.107120
1991	0.107455
1992	0.107825
1993	0.108230
1994	0.108672
1995	0.109151
1996	0.109669
1997	0.110226
1998	0.110824
1999	0.111463
2000	0.112145
2001	0.112870
2002	0.113658
2003	0.114554
2004	0.115552
2005	0.116585
2006	0.117562
2007	0.118390
2008	0.119002
2009	0.119357
2010	0.119450
2011	0.119301
2012	0.118952
2013	0.118470
2014	0.117941
2015	0.117458
2016	0.117099
2017	0.116905
2018	0.116866
2019	0.116924
2020	0.117026
2021	0.117156
2022	0.117293
2023	0.117411
2024	0.117501
2025	0.117566
2026	0.117620
2027	0.117680
2028	0.117764
2029	0.117887
2030	0.118060
2031	0.118281
2032	0.118531
2033	0.118778
2034	0.118987
2035	0.119124
2036	0.119172
2037	0.119133
2038	0.119026
2039	0.118882
2040	0.118738
2041	0.118627
2042	0.118578
2043	0.118605
2044	0.118719
2045	0.118923
2046	0.119219
2047	0.119611
2048	0.120093
2049	0.120655
2050	0.121273
2051	0.121914
2052	0.122539
2053	0.123110
2054	0.123587
2055	0.123945
2056	0.124171
2057	0.124276
2058	0.124286
2059	0.124238
2060	0.124171
2061	0.124118
2062	0.124100
2063	0.124128
2064	0.124202
2065	0.124315
2066	0.124457
2067	0.124616
2068	0.124782
2069	0.124949
2070	0.125119
2071	0.125293
2072	0.125473
2073	0.125658
2074	0.125849
2075	0.126045
2076	0.126245
2077	0.126450
2078	0.126658
2079	0.126871
2080	0.127086
2081	0.127305
2082	0.127527
2083	0.127750
2084	0.127977
2085	0.128205
2086	0.128434
2087	0.128665
2088	0.128897
2089	0.129130
2090	0.129363
2091	0.129597
2092	0.129831
2093	0.130064
2094	0.130297
2095	0.130530
2096	0.130761
2097	0.130992
2098	0.131221
2099	0.131448
2100	0.131674
2101	0.131898
2102	0.132119
2103	0.132339
2104	0.132555
2105	0.132769
2106	0.132980
2107	0.133188
2108	0.133393
2109	0.133595
2110	0.133792
2111	0.133986
2112	0.134176
2113	0.134363
2114	0.134545
2115	0.134722
2116	0.134895
2117	0.135064
2118	0.135228
2119	0.135387
2120	0.135541
2121	0.135691
2122	0.135835
2123	0.135974
2124	0.136108
2125	0.136236
2126	0.136359
2127	0.136476
2128	0.136588
2129	0.136694
2130	0.136794
2131	0.136888
2132	0.136977
2133	0.137060
2134	0.137137
2135	0.137207
2136	0.137272
2137	0.137331
2138	0.137384
2139	0.137430
2140	0.137471
2141	0.137506
2142	0.137534
2143	0.137556
2144	0.137573
2145	0.137583
2146	0.137587
2147	0.137585
2148	0.137577
2149	0.137564
2150	0.137544
2151	0.137518
2152	0.137479
2153	0.137411
2154	0.137323
2155	0.137243
2156	0.137206
2157	0.137236
2158	0.137344
2159	0.137525
2160	0.137767
2161	0.138052
2162	0.138364
2163	0.138677
2164	0.138963
2165	0.139196
2166	0.139358
2167	0.139452
2168	0.139495
2169	0.139516
2170	0.139532
2171	0.139535
2172	0.139521
2173	0.139491
2174	0.139446
2175	0.139387
2176	0.139317
2177	0.139235
2178	0.139143
2179	0.139043
2180	0.138935
2181	0.138821
2182	0.138701
2183	0.138577
2184	0.138449
2185	0.138319
2186	0.138187
2187	0.138054
2188	0.137921
2189	0.137789
2190	0.137658
2191	0.137530
2192	0.137405
2193	0.137283
2194	0.137166
2195	0.137053
2196	0.136945
2197	0.136844
2198	0.136748
2199	0.136660
2200	0.136578
2201	0.136504
2202	0.136438
2203	0.136380
2204	0.136330
2205	0.136288
2206	0.136256
2207	0.136232
2208	0.136218
2209	0.136212
2210	0.136216
2211	0.136229
2212	0.136251
2213	0.136282
2214	0.136322
2215	0.136371
2216	0.136428
2217	0.136494
2218	0.136568
2219	0.136651
2220	0.136741
2221	0.136838
2222	0.136942
2223	0.137052
2224	0.137169
2225	0.137291
2226	0.137418
2227	0.137550
2228	0.137686
2229	0.137825
2230	0.137966
2231	0.138110
2232	0.138254
2233	0.138399
2234	0.138544
2235	0.138687
2236	0.138829
2237	0.138967
2238	0.139101
2239	0.139231
2240	0.139354
2241	0.139471
2242	0.139579
2243	0.139678
2244	0.139767
2245	0.139844
2246	0.139908
2247	0.139958
2248	0.139993
2249	0.140011
2250	0.140011
2251	0.139992
2252	0.139944
2253	0.139850
2254	0.139721
2255	0.139586
2256	0.139473
2257	0.139397
2258	0.139356
2259	0.139342
2260	0.139342
2261	0.139347
2262	0.139348
2263	0.139338
2264	0.139304
2265	0.139237
2266	0.139139
2267	0.139024
2268	0.138920
2269	0.138856
2270	0.138840
2271	0.138853
2272	0.138885
2273	0.138934
2274	0.138998
2275	0.139074
2276	0.139159
2277	0.139253
2278	0.139353
2279	0.139457
2280	0.139563
2281	0.139671
2282	0.139777
2283	0.139881
2284	0.139982
2285	0.140077
2286	0.140167
2287	0.140248
2288	0.140322
2289	0.140386
2290	0.140440
2291	0.140483
2292	0.140514
2293	0.140533
2294	0.140539
2295	0.140532
2296	0.140511
2297	0.140476
2298	0.140428
2299	0.140366
2300	0.140290
2301	0.140200
2302	0.140096
2303	0.139979
2304	0.139849
2305	0.139707
2306	0.139553
2307	0.139388
2308	0.139212
2309	0.139027
2310	0.138834
2311	0.138632
2312	0.138424
2313	0.138211
2314	0.137994
2315	0.137775
2316	0.137554
2317	0.137334
2318	0.137115
2319	0.136901
2320	0.136692
2321	0.136491
2322	0.136300
2323	0.136120
2324	0.135954
2325	0.135804
2326	0.135673
2327	0.135563
2328	0.135477
2329	0.135417
2330	0.135385
2331	0.135386
2332	0.135421
2333	0.135494
2334	0.135608
2335	0.135766
2336	0.135971
2337	0.136227
2338	0.136537
2339	0.136904
2340	0.137333
2341	0.137827
2342	0.138389
2343	0.139024
2344	0.139736
2345	0.140529
2346	0.141407
2347	0.142374
2348	0.143434
2349	0.144593
2350	0.145854
2351	0.147222
2352	0.148715
2353	0.150367
2354	0.152172
2355	0.154088
2356	0.156062
2357	0.158047
2358	0.160019
2359	0.161969
2360	0.163903
2361	0.165830
2362	0.167763
2363	0.169728
2364	0.171760
2365	0.173898
2366	0.176168
2367	0.178574
2368	0.181089
2369	0.183671
2370	0.186296
2371	0.188979
2372	0.191730
2373	0.194548
2374	0.197434
2375	0.200388
2376	0.203409
2377	0.206498
2378	0.209655
2379	0.212879
2380	0.216171
2381	0.219531
2382	0.222959
2383	0.226454
2384	0.230017
2385	0.233647
2386	0.237345
2387	0.241111
2388	0.244945
2389	0.248846
2390	0.252815
2391	0.256851
2392	0.260955
2393	0.265127
2394	0.269367
2395	0.273674
2396	0.278049
2397	0.282492
2398	0.287002
2399	0.291580
2400	0.296226
2401	0.300939
2402	0.305720
2403	0.310569
2404	0.315485
2405	0.320469
2406	0.325521
2407	0.330640
2408	0.335827
2409	0.341082
2410	0.346405
2411	0.351795
2412	0.357252
2413	0.362778
2414	0.368371
2415	0.374032
2416	0.379760
2417	0.385557
2418	0.391421
2419	0.397352
2420	0.403351
2421	0.409418
2422	0.415553
2423	0.421755
2424	0.428025
2425	0.434363
2426	0.440768
2427	0.447241
2428	0.453782
2429	0.460390
2430	0.467066
2431	0.473810
2432	0.480621
2433	0.487500
2434	0.494447
2435	0.501461
2436	0.508543
2437	0.515693
2438	0.522911
2439	0.530196
2440	0.537549
2441	0.544969
2442	0.552457
2443	0.560013
2444	0.567637
2445	0.575328
2446	0.583087
2447	0.590913
2448	0.598807
2449	0.606769
2450	0.614799
2451	0.622896
2452	0.631061
2453	0.639294
2454	0.647594
2455	0.655962
2456	0.664398
2457	0.672901
2458	0.681472
2459	0.690111
2460	0.698817
2461	0.707591
2462	0.716433
2463	0.725342
2464	0.734320
2465	0.743364
2466	0.752477
2467	0.761657
2468	0.770905
2469	0.780220
2470	0.789603
2471	0.799054
2472	0.808573
2473	0.818159
2474	0.827813
2475	0.837534
2476	0.847324
2477	0.857181
2478	0.867105
2479	0.877097
2480	0.887157
2481	0.897285
2482	0.907480
2483	0.917743
2484	0.928074
2485	0.938472
2486	0.948938
2487	0.959472
2488	0.970074
2489	0.980743
2490	0.991479
2491	1.002284
2492	1.013156
2493	1.024096
2494	1.035103
2495	1.046178
2496	1.057321
2497	1.068532
2498	1.079810
2499	1.091156
2500	1.102569
