350	0.027684
351	0.027782
352	0.027886
353	0.027995
354	0.028110
355	0.028231
356	0.028356
357	0.028487
358	0.028624
359	0.028765
360	0.028913
361	0.029067
362	0.029226
363	0.029387
364	0.029551
365	0.029716
366	0.029882
367	0.030050
368	0.030219
369	0.030391
370	0.030567
371	0.030747
372	0.030930
373	0.031116
374	0.031303
375	0.031488
376	0.031672
377	0.031855
378	0.032038
379	0.032224
380	0.032415
381	0.032616
382	0.032829
383	0.033056
384	0.033294
385	0.033541
386	0.033790
387	0.034037
388	0.034280
389	0.034517
390	0.034751
391	0.034984
392	0.035223
393	0.035470
394	0.035729
395	0.036002
396	0.036284
397	0.036570
398	0.036852
399	0.037126
400	0.037388
401	0.037638
402	0.037880
403	0.038117
404	0.038355
405	0.038599
406	0.038853
407	0.039118
408	0.039395
409	0.039678
410	0.039965
411	0.040253
412	0.040538
413	0.040823
414	0.041107
415	0.041393
416	0.041683
417	0.041979
418	0.042281
419	0.042589
420	0.042900
421	0.043210
422	0.043516
423	0.043814
424	0.044105
425	0.044389
426	0.044668
427	0.044946
428	0.045226
429	0.045512
430	0.045805
431	0.046105
432	0.046412
433	0.046721
434	0.047029
435	0.047333
436	0.047631
437	0.047923
438	0.048210
439	0.048495
440	0.048778
441	0.049063
442	0.049351
443	0.049640
444	0.049931
445	0.050223
446	0.050513
447	0.050800
448	0.051081
449	0.051356
450	0.051623
451	0.051882
452	0.052133
453	0.052373
454	0.052605
455	0.052826
456	0.053037
457	0.053238
458	0.053429
459	0.053610
460	0.053783
461	0.053948
462	0.054106
463	0.054257
464	0.054404
465	0.054548
466	0.054691
467	0.054834
468	0.054978
469	0.055125
470	0.055273
471	0.055424
472	0.055576
473	0.055731
474	0.055889
475	0.056049
476	0.056212
477	0.056377
478	0.056544
479	0.056712
480	0.056881
481	0.057052
482	0.057224
483	0.057398
484	0.057578
485	0.057765
486	0.057962
487	0.058172
488	0.058396
489	0.058633
490	0.058881
491	0.059141
492	0.059410
493	0.059687
494	0.059973
495	0.060268
496	0.060572
497	0.060887
498	0.061215
499	0.061557
500	0.061916
501	0.062293
502	0.062688
503	0.063103
504	0.063540
505	0.063998
506	0.064480
507	0.064986
508	0.065516
509	0.066071
510	0.066651
511	0.067259
512	0.067894
513	0.068559
514	0.069256
515	0.069984
516	0.070745
517	0.071537
518	0.072356
519	0.073197
520	0.074057
521	0.074927
522	0.075803
523	0.076679
524	0.077548
525	0.078408
526	0.079253
527	0.080080
528	0.080886
529	0.081666
530	0.082417
531	0.083135
532	0.083819
533	0.084468
534	0.085083
535	0.085665
536	0.086217
537	0.086743
538	0.087247
539	0.087735
540	0.088211
541	0.088680
542	0.089146
543	0.089612
544	0.090080
545	0.090552
546	0.091029
547	0.091511
548	0.091996
549	0.092481
550	0.092961
551	0.093430
552	0.093878
553	0.094295
554	0.094668
555	0.094988
556	0.095243
557	0.095427
558	0.095538
559	0.095578
560	0.095556
561	0.095485
562	0.095381
563	0.095265
564	0.095153
565	0.095061
566	0.095000
567	0.094974
568	0.094983
569	0.095023
570	0.095084
571	0.095156
572	0.095228
573	0.095288
574	0.095329
575	0.095346
576	0.095340
577	0.095311
578	0.095265
579	0.095206
580	0.095143
581	0.095083
582	0.095033
583	0.095001
584	0.094988
585	0.094997
586	0.095026
587	0.095072
588	0.095134
589	0.095208
590	0.095295
591	0.095394
592	0.095509
593	0.095642
594	0.095794
595	0.095965
596	0.096152
597	0.096350
598	0.096549
599	0.096738
600	0.096909
601	0.097052
602	0.097162
603	0.097236
604	0.097276
605	0.097285
606	0.097267
607	0.097226
608	0.097167
609	0.097095
610	0.097012
611	0.096922
612	0.096830
613	0.096738
614	0.096652
615	0.096575
616	0.096511
617	0.096463
618	0.096434
619	0.096425
620	0.096436
621	0.096467
622	0.096518
623	0.096586
624	0.096671
625	0.096771
626	0.096883
627	0.097006
628	0.097134
629	0.097262
630	0.097387
631	0.097501
632	0.097598
633	0.097675
634	0.097728
635	0.097753
636	0.097750
637	0.097717
638	0.097658
639	0.097573
640	0.097467
641	0.097343
642	0.097206
643	0.097062
644	0.096917
645	0.096776
646	0.096647
647	0.096533
648	0.096438
649	0.096363
650	0.096307
651	0.096267
652	0.096235
653	0.096205
654	0.096168
655	0.096118
656	0.096050
657	0.095963
658	0.095856
659	0.095732
660	0.095594
661	0.095450
662	0.095305
663	0.095167
664	0.095041
665	0.094932
666	0.094844
667	0.094779
668	0.094739
669	0.094725
670	0.094736
671	0.094772
672	0.094829
673	0.094906
674	0.095002
675	0.095116
676	0.095249
677	0.095404
678	0.095584
679	0.095796
680	0.096048
681	0.096349
682	0.096713
683	0.097148
684	0.097669
685	0.098285
686	0.099009
687	0.099851
688	0.100822
689	0.101931
690	0.103185
691	0.104589
692	0.106146
693	0.107857
694	0.109719
695	0.111726
696	0.113869
697	0.116133
698	0.118503
699	0.120962
700	0.123493
701	0.126078
702	0.128701
703	0.131347
704	0.134005
705	0.136667
706	0.139327
707	0.141983
708	0.144633
709	0.147280
710	0.149926
711	0.152578
712	0.155239
713	0.157913
714	0.160602
715	0.163307
716	0.166025
717	0.168749
718	0.171472
719	0.174180
720	0.176861
721	0.179503
722	0.182096
723	0.184633
724	0.187108
725	0.189519
726	0.191862
727	0.194134
728	0.196332
729	0.198454
730	0.200496
731	0.202453
732	0.204320
733	0.206094
734	0.207775
735	0.209365
736	0.210867
737	0.212286
738	0.213624
739	0.214887
740	0.216078
741	0.217198
742	0.218250
743	0.219236
744	0.220155
745	0.221011
746	0.221807
747	0.222549
748	0.223244
749	0.223895
750	0.224504
751	0.225072
752	0.225598
753	0.226081
754	0.226521
755	0.226921
756	0.227283
757	0.227615
758	0.227923
759	0.228221
760	0.228520
761	0.228827
762	0.229143
763	0.229466
764	0.229786
765	0.230098
766	0.230393
767	0.230666
768	0.230913
769	0.231135
770	0.231335
771	0.231518
772	0.231693
773	0.231867
774	0.232046
775	0.232234
776	0.232432
777	0.232639
778	0.232853
779	0.233072
780	0.233294
781	0.233515
782	0.233733
783	0.233944
784	0.234150
785	0.234350
786	0.234543
787	0.234733
788	0.234920
789	0.235107
790	0.235296
791	0.235486
792	0.235678
793	0.235871
794	0.236062
795	0.236251
796	0.236437
797	0.236619
798	0.236798
799	0.236976
800	0.237153
801	0.237331
802	0.237512
803	0.237696
804	0.237881
805	0.238064
806	0.238239
807	0.238402
808	0.238551
809	0.238686
810	0.238810
811	0.238927
812	0.239044
813	0.239167
814	0.239301
815	0.239450
816	0.239618
817	0.239802
818	0.239998
819	0.240201
820	0.240404
821	0.240603
822	0.240796
823	0.240981
824	0.241158
825	0.241325
826	0.241482
827	0.241630
828	0.241772
829	0.241912
830	0.242053
831	0.242196
832	0.242341
833	0.242488
834	0.242637
835	0.242789
836	0.242943
837	0.243098
838	0.243253
839	0.243406
840	0.243558
841	0.243710
842	0.243862
843	0.244012
844	0.244160
845	0.244302
846	0.244437
847	0.244565
848	0.244688
849	0.244808
850	0.244928
851	0.245053
852	0.245185
853	0.245328
854	0.245483
855	0.245648
856	0.245817
857	0.245984
858	0.246144
859	0.246294
860	0.246433
861	0.246561
862	0.246682
863	0.246798
864	0.246914
865	0.247037
866	0.247169
867	0.247313
868	0.247469
869	0.247631
870	0.247794
871	0.247951
872	0.248098
873	0.248235
874	0.248360
875	0.248477
876	0.248588
877	0.248694
878	0.248798
879	0.248904
880	0.249013
881	0.249127
882	0.249244
883	0.249363
884	0.249482
885	0.249602
886	0.249722
887	0.249843
888	0.249960
889	0.250067
890	0.250157
891	0.250225
892	0.250271
893	0.250303
894	0.250328
895	0.250361
896	0.250412
897	0.250489
898	0.250598
899	0.250737
900	0.250898
901	0.251069
902	0.251233
903	0.251379
904	0.251497
905	0.251585
906	0.251650
907	0.251704
908	0.251758
909	0.251826
910	0.251917
911	0.252036
912	0.252185
913	0.252363
914	0.252563
915	0.252772
916	0.252975
917	0.253153
918	0.253294
919	0.253389
920	0.253435
921	0.253434
922	0.253390
923	0.253310
924	0.253205
925	0.253086
926	0.252962
927	0.252840
928	0.252724
929	0.252611
930	0.252499
931	0.252387
932	0.252275
933	0.252164
934	0.252054
935	0.251946
936	0.251839
937	0.251734
938	0.251632
939	0.251532
940	0.251435
941	0.251342
942	0.251252
943	0.251165
944	0.251083
945	0.251006
946	0.250933
947	0.250865
948	0.250803
949	0.250746
950	0.250695
951	0.250651
952	0.250614
953	0.250583
954	0.250559
955	0.250543
956	0.250535
957	0.250536
958	0.250544
959	0.250562
960	0.250588
961	0.250624
962	0.250670
963	0.250726
964	0.250792
965	0.250869
966	0.250956
967	0.251055
968	0.251166
969	0.251289
970	0.251423
971	0.251570
972	0.251731
973	0.251904
974	0.252090
975	0.252291
976	0.252505
977	0.252734
978	0.252977
979	0.253236
980	0.253510
981	0.253799
982	0.254104
983	0.254426
984	0.254766
985	0.255125
986	0.255501
987	0.255893
988	0.256300
989	0.256718
990	0.257145
991	0.257578
992	0.258014
993	0.258453
994	0.258893
995	0.259334
996	0.259776
997	0.260219
998	0.260665
999	0.261114
1000	0.261564
1001	0.262015
1002	0.262466
1003	0.262917
1004	0.263366
1005	0.263815
1006	0.264262
1007	0.264706
1008	0.265148
1009	0.265587
1010	0.266022
1011	0.266454
1012	0.266881
1013	0.267304
1014	0.267721
1015	0.268134
1016	0.268541
1017	0.268942
1018	0.269337
1019	0.269726
1020	0.270108
1021	0.270483
1022	0.270851
1023	0.271211
1024	0.271565
1025	0.271910
1026	0.272248
1027	0.272578
1028	0.272899
1029	0.273213
1030	0.273518
1031	0.273814
1032	0.274101
1033	0.274380
1034	0.274651
1035	0.274917
1036	0.275176
1037	0.275428
1038	0.275672
1039	0.275905
1040	0.276128
1041	0.276339
1042	0.276538
1043	0.276725
1044	0.276901
1045	0.277067
1046	0.277224
1047	0.277376
1048	0.277524
1049	0.277668
1050	0.277808
1051	0.277942
1052	0.278072
1053	0.278197
1054	0.278317
1055	0.278432
1056	0.278543
1057	0.278648
1058	0.278750
1059	0.278847
1060	0.278939
1061	0.279027
1062	0.279110
1063	0.279190
1064	0.279265
1065	0.279336
1066	0.279402
1067	0.279465
1068	0.279524
1069	0.279579
1070	0.279629
1071	0.279676
1072	0.279720
1073	0.279759
1074	0.279795
1075	0.279828
1076	0.279856
1077	0.279882
1078	0.279904
1079	0.279922
1080	0.279937
1081	0.279949
1082	0.279958
1083	0.279964
1084	0.279967
1085	0.279966
1086	0.279963
1087	0.279957
1088	0.279948
1089	0.279936
1090	0.279921
1091	0.279904
1092	0.279885
1093	0.279865
1094	0.279844
1095	0.279820
1096	0.279792
1097	0.279756
1098	0.279710
1099	0.279654
1100	0.279585
1101	0.279506
1102	0.279415
1103	0.279316
1104	0.279209
1105	0.279094
1106	0.278968
1107	0.278825
1108	0.278656
1109	0.278451
1110	0.278201
1111	0.277903
1112	0.277562
1113	0.277188
1114	0.276802
1115	0.276429
1116	0.276097
1117	0.275836
1118	0.275672
1119	0.275624
1120	0.275699
1121	0.275894
1122	0.276195
1123	0.276577
1124	0.277009
1125	0.277459
1126	0.277890
1127	0.278267
1128	0.278554
1129	0.278720
1130	0.278742
1131	0.278606
1132	0.278308
1133	0.277855
1134	0.277261
1135	0.276544
1136	0.275731
1137	0.274850
1138	0.273932
1139	0.273006
1140	0.272096
1141	0.271221
1142	0.270392
1143	0.269620
1144	0.268914
1145	0.268283
1146	0.267732
1147	0.267266
1148	0.266882
1149	0.266576
1150	0.266342
1151	0.266172
1152	0.266057
1153	0.265987
1154	0.265950
1155	0.265933
1156	0.265924
1157	0.265915
1158	0.265901
1159	0.265879
1160	0.265846
1161	0.265799
1162	0.265737
1163	0.265664
1164	0.265583
1165	0.265504
1166	0.265437
1167	0.265393
1168	0.265380
1169	0.265405
1170	0.265470
1171	0.265571
1172	0.265701
1173	0.265843
1174	0.265983
1175	0.266106
1176	0.266202
1177	0.266268
1178	0.266308
1179	0.266329
1180	0.266342
1181	0.266357
1182	0.266382
1183	0.266422
1184	0.266476
1185	0.266541
1186	0.266609
1187	0.266672
1188	0.266727
1189	0.266773
1190	0.266812
1191	0.266851
1192	0.266897
1193	0.266958
1194	0.267040
1195	0.267145
1196	0.267276
1197	0.267430
1198	0.267601
1199	0.267781
1200	0.267961
1201	0.268133
1202	0.268292
1203	0.268436
1204	0.268566
1205	0.268688
1206	0.268806
1207	0.268928
1208	0.269059
1209	0.269203
1210	0.269363
1211	0.269537
1212	0.269724
1213	0.269920
1214	0.270123
1215	0.270331
1216	0.270541
1217	0.270750
1218	0.270956
1219	0.271157
1220	0.271349
1221	0.271530
1222	0.271699
1223	0.271858
1224	0.272008
1225	0.272153
1226	0.272297
1227	0.272446
1228	0.272603
1229	0.272772
1230	0.272952
1231	0.273142
1232	0.273340
1233	0.273540
1234	0.273737
1235	0.273928
1236	0.274108
1237	0.274275
1238	0.274432
1239	0.274581
1240	0.274727
1241	0.274877
1242	0.275037
1243	0.275209
1244	0.275394
1245	0.275590
1246	0.275789
1247	0.275984
1248	0.276165
1249	0.276326
1250	0.276465
1251	0.276582
1252	0.276681
1253	0.276767
1254	0.276848
1255	0.276927
1256	0.277007
1257	0.277092
1258	0.277183
1259	0.277281
1260	0.277388
1261	0.277506
1262	0.277638
1263	0.277788
1264	0.277956
1265	0.278143
1266	0.278345
1267	0.278555
1268	0.278763
1269	0.278961
1270	0.279140
1271	0.279294
1272	0.279421
1273	0.279517
1274	0.279585
1275	0.279627
1276	0.279647
1277	0.279649
1278	0.279638
1279	0.279615
1280	0.279581
1281	0.279537
1282	0.279482
1283	0.279412
1284	0.279325
1285	0.279216
1286	0.279079
1287	0.278911
1288	0.278709
1289	0.278474
1290	0.278210
1291	0.277924
1292	0.277623
1293	0.277316
1294	0.277010
1295	0.276712
1296	0.276422
1297	0.276137
1298	0.275850
1299	0.275551
1300	0.275230
1301	0.274880
1302	0.274496
1303	0.274080
1304	0.273636
1305	0.273174
1306	0.272694
1307	0.272194
1308	0.271677
1309	0.271149
1310	0.270623
1311	0.270109
1312	0.269616
1313	0.269148
1314	0.268705
1315	0.268287
1316	0.267893
1317	0.267516
1318	0.267145
1319	0.266767
1320	0.266364
1321	0.265926
1322	0.265453
1323	0.264951
1324	0.264426
1325	0.263878
1326	0.263308
1327	0.262715
1328	0.262102
1329	0.261468
1330	0.260814
1331	0.260141
1332	0.259448
1333	0.258738
1334	0.258010
1335	0.257265
1336	0.256504
1337	0.255727
1338	0.254935
1339	0.254128
1340	0.253308
1341	0.252474
1342	0.251627
1343	0.250768
1344	0.249898
1345	0.249017
1346	0.248125
1347	0.247224
1348	0.246314
1349	0.245395
1350	0.244468
1351	0.243535
1352	0.242594
1353	0.241647
1354	0.240695
1355	0.239738
1356	0.238777
1357	0.237812
1358	0.236844
1359	0.235874
1360	0.234902
1361	0.233928
1362	0.232954
1363	0.231980
1364	0.231007
1365	0.230034
1366	0.229064
1367	0.228096
1368	0.227133
1369	0.226174
1370	0.225220
1371	0.224270
1372	0.223323
1373	0.222377
1374	0.221432
1375	0.220486
1376	0.219538
1377	0.218588
1378	0.217636
1379	0.216681
1380	0.215725
1381	0.214769
1382	0.213814
1383	0.212858
1384	0.211903
1385	0.210948
1386	0.209994
1387	0.209039
1388	0.208084
1389	0.207129
1390	0.206174
1391	0.205208
1392	0.204215
1393	0.203220
1394	0.202267
1395	0.201387
1396	0.200583
1397	0.199829
1398	0.199087
1399	0.198317
1400	0.197490
1401	0.196585
1402	0.195586
1403	0.194481
1404	0.193272
1405	0.191980
1406	0.190651
1407	0.189340
1408	0.188098
1409	0.186938
1410	0.185832
1411	0.184764
1412	0.183737
1413	0.182748
1414	0.181797
1415	0.180885
1416	0.180011
1417	0.179173
1418	0.178373
1419	0.177608
1420	0.176880
1421	0.176188
1422	0.175531
1423	0.174908
1424	0.174320
1425	0.173766
1426	0.173245
1427	0.172758
1428	0.172304
1429	0.171881
1430	0.171491
1431	0.171132
1432	0.170805
1433	0.170508
1434	0.170241
1435	0.170005
1436	0.169797
1437	0.169619
1438	0.169470
1439	0.169349
1440	0.169255
1441	0.169190
1442	0.169151
1443	0.169139
1444	0.169153
1445	0.169193
1446	0.169258
1447	0.169348
1448	0.169463
1449	0.169602
1450	0.169765
1451	0.169952
1452	0.170173
1453	0.170453
1454	0.170782
1455	0.171117
1456	0.171403
1457	0.171595
1458	0.171665
1459	0.171602
1460	0.171414
1461	0.171119
1462	0.170747
1463	0.170346
1464	0.169976
1465	0.169705
1466	0.169587
1467	0.169649
1468	0.169882
1469	0.170251
1470	0.170722
1471	0.171277
1472	0.171888
1473	0.172509
1474	0.173103
1475	0.173638
1476	0.174102
1477	0.174494
1478	0.174831
1479	0.175138
1480	0.175448
1481	0.175789
1482	0.176185
1483	0.176644
1484	0.177160
1485	0.177717
1486	0.178293
1487	0.178863
1488	0.179410
1489	0.179923
1490	0.180399
1491	0.180843
1492	0.181266
1493	0.181677
1494	0.182086
1495	0.182501
1496	0.182924
1497	0.183356
1498	0.183799
1499	0.184254
1500	0.184722
1501	0.185203
1502	0.185697
1503	0.186203
1504	0.186714
1505	0.187226
1506	0.187732
1507	0.188225
1508	0.188703
1509	0.189168
1510	0.189626
1511	0.190085
1512	0.190554
1513	0.191040
1514	0.191546
1515	0.192072
1516	0.192614
1517	0.193165
1518	0.193717
1519	0.194266
1520	0.194805
1521	0.195334
1522	0.195856
1523	0.196374
1524	0.196893
1525	0.197416
1526	0.197940
1527	0.198465
1528	0.198985
1529	0.199496
1530	0.199992
1531	0.200472
1532	0.200937
1533	0.201389
1534	0.201838
1535	0.202290
1536	0.202754
1537	0.203235
1538	0.203732
1539	0.204243
1540	0.204760
1541	0.205275
1542	0.205780
1543	0.206268
1544	0.206739
1545	0.207195
1546	0.207644
1547	0.208095
1548	0.208556
1549	0.209031
1550	0.209521
1551	0.210023
1552	0.210531
1553	0.211036
1554	0.211531
1555	0.212010
1556	0.212470
1557	0.212912
1558	0.213338
1559	0.213755
1560	0.214164
1561	0.214571
1562	0.214975
1563	0.215376
1564	0.215775
1565	0.216172
1566	0.216571
1567	0.216973
1568	0.217383
1569	0.217804
1570	0.218236
1571	0.218678
1572	0.219129
1573	0.219583
1574	0.220036
1575	0.220483
1576	0.220922
1577	0.221354
1578	0.221781
1579	0.222204
1580	0.222626
1581	0.223048
1582	0.223469
1583	0.223886
1584	0.224295
1585	0.224691
1586	0.225069
1587	0.225427
1588	0.225765
1589	0.226084
1590	0.226392
1591	0.226693
1592	0.226997
1593	0.227309
1594	0.227633
1595	0.227972
1596	0.228324
1597	0.228684
1598	0.229043
1599	0.229393
1600	0.229726
1601	0.230037
1602	0.230328
1603	0.230604
1604	0.230875
1605	0.231150
1606	0.231442
1607	0.231756
1608	0.232097
1609	0.232461
1610	0.232839
1611	0.233222
1612	0.233594
1613	0.233944
1614	0.234266
1615	0.234559
1616	0.234826
1617	0.235073
1618	0.235308
1619	0.235536
1620	0.235762
1621	0.235986
1622	0.236212
1623	0.236440
1624	0.236672
1625	0.236911
1626	0.237162
1627	0.237430
1628	0.237721
1629	0.238036
1630	0.238374
1631	0.238728
1632	0.239086
1633	0.239439
1634	0.239776
1635	0.240092
1636	0.240385
1637	0.240659
1638	0.240920
1639	0.241174
1640	0.241429
1641	0.241687
1642	0.241948
1643	0.242206
1644	0.242458
1645	0.242697
1646	0.242923
1647	0.243134
1648	0.243334
1649	0.243528
1650	0.243721
1651	0.243919
1652	0.244123
1653	0.244333
1654	0.244541
1655	0.244741
1656	0.244923
1657	0.245081
1658	0.245210
1659	0.245311
1660	0.245390
1661	0.245456
1662	0.245520
1663	0.245593
1664	0.245686
1665	0.245804
1666	0.245947
1667	0.246105
1668	0.246265
1669	0.246410
1670	0.246528
1671	0.246610
1672	0.246654
1673	0.246669
1674	0.246669
1675	0.246671
1676	0.246692
1677	0.246744
1678	0.246826
1679	0.246932
1680	0.247045
1681	0.247144
1682	0.247212
1683	0.247235
1684	0.247209
1685	0.247139
1686	0.247036
1687	0.246918
1688	0.246802
1689	0.246702
1690	0.246626
1691	0.246573
1692	0.246541
1693	0.246525
1694	0.246517
1695	0.246512
1696	0.246502
1697	0.246481
1698	0.246445
1699	0.246391
1700	0.246317
1701	0.246223
1702	0.246108
1703	0.245974
1704	0.245827
1705	0.245677
1706	0.245534
1707	0.245408
1708	0.245302
1709	0.245219
1710	0.245156
1711	0.245107
1712	0.245068
1713	0.245030
1714	0.244987
1715	0.244931
1716	0.244855
1717	0.244757
1718	0.244635
1719	0.244490
1720	0.244322
1721	0.244135
1722	0.243933
1723	0.243724
1724	0.243517
1725	0.243322
1726	0.243147
1727	0.242995
1728	0.242864
1729	0.242749
1730	0.242640
1731	0.242528
1732	0.242404
1733	0.242260
1734	0.242093
1735	0.241898
1736	0.241678
1737	0.241436
1738	0.241175
1739	0.240904
1740	0.240631
1741	0.240361
1742	0.240102
1743	0.239857
1744	0.239628
1745	0.239413
1746	0.239209
1747	0.239007
1748	0.238798
1749	0.238574
1750	0.238329
1751	0.238065
1752	0.237787
1753	0.237508
1754	0.237237
1755	0.236981
1756	0.236742
1757	0.236515
1758	0.236295
1759	0.236074
1760	0.235848
1761	0.235613
1762	0.235368
1763	0.235117
1764	0.234865
1765	0.234620
1766	0.234389
1767	0.234175
1768	0.233979
1769	0.233799
1770	0.233633
1771	0.233482
1772	0.233346
1773	0.233221
1774	0.233102
1775	0.232979
1776	0.232841
1777	0.232679
1778	0.232483
1779	0.232249
1780	0.231978
1781	0.231671
1782	0.231335
1783	0.230980
1784	0.230616
1785	0.230249
1786	0.229886
1787	0.229526
1788	0.229169
1789	0.228813
1790	0.228457
1791	0.228102
1792	0.227746
1793	0.227390
1794	0.227035
1795	0.226679
1796	0.226323
1797	0.225968
1798	0.225612
1799	0.225256
1800	0.224901
1801	0.224545
1802	0.224189
1803	0.223834
1804	0.223478
1805	0.223122
1806	0.222767
1807	0.222411
1808	0.222055
1809	0.221700
1810	0.221344
1811	0.220988
1812	0.220633
1813	0.220277
1814	0.219921
1815	0.219566
1816	0.219210
1817	0.218854
1818	0.218499
1819	0.218143
1820	0.217787
1821	0.217432
1822	0.217076
1823	0.216720
1824	0.216365
1825	0.216009
1826	0.215653
1827	0.215298
1828	0.214942
1829	0.214587
1830	0.214231
1831	0.213875
1832	0.213520
1833	0.213164
1834	0.212808
1835	0.212453
1836	0.212097
1837	0.211741
1838	0.211386
1839	0.211030
1840	0.210674
1841	0.210319
1842	0.209963
1843	0.209607
1844	0.209252
1845	0.208896
1846	0.208540
1847	0.208185
1848	0.207829
1849	0.207473
1850	0.207118
1851	0.206762
1852	0.206406
1853	0.206051
1854	0.205695
1855	0.205339
1856	0.204984
1857	0.204628
1858	0.204272
1859	0.203917
1860	0.203561
1861	0.203205
1862	0.202850
1863	0.202494
1864	0.202138
1865	0.201783
1866	0.201427
1867	0.201071
1868	0.200716
1869	0.200360
1870	0.200004
1871	0.199649
1872	0.199293
1873	0.198937
1874	0.198582
1875	0.198226
1876	0.197870
1877	0.197515
1878	0.197159
1879	0.196803
1880	0.196448
1881	0.196092
1882	0.195736
1883	0.195381
1884	0.195025
1885	0.194669
1886	0.194314
1887	0.193958
1888	0.193602
1889	0.193247
1890	0.192891
1891	0.192535
1892	0.192180
1893	0.191824
1894	0.191468
1895	0.191113
1896	0.190757
1897	0.190401
1898	0.190046
1899	0.189690
1900	0.189334
1901	0.188979
1902	0.188623
1903	0.188267
1904	0.187912
1905	0.187556
1906	0.187200
1907	0.186845
1908	0.186489
1909	0.186133
1910	0.185778
1911	0.185422
1912	0.185066
1913	0.184711
1914	0.184355
1915	0.183999
1916	0.183644
1917	0.183288
1918	0.182932
1919	0.182577
1920	0.182221
1921	0.181865
1922	0.181510
1923	0.181154
1924	0.180799
1925	0.180443
1926	0.180087
1927	0.179732
1928	0.179376
1929	0.179020
1930	0.178665
1931	0.178309
1932	0.177953
1933	0.177598
1934	0.177242
1935	0.176886
1936	0.176531
1937	0.176175
1938	0.175819
1939	0.175464
1940	0.175108
1941	0.174751
1942	0.174389
1943	0.174028
1944	0.173674
1945	0.173331
1946	0.172999
1947	0.172673
1948	0.172345
1949	0.172009
1950	0.171661
1951	0.171299
1952	0.170919
1953	0.170522
1954	0.170111
1955	0.169689
1956	0.169266
1957	0.168853
1958	0.168457
1959	0.168081
1960	0.167721
1961	0.167375
1962	0.167043
1963	0.166726
1964	0.166425
1965	0.166140
1966	0.165871
1967	0.165619
1968	0.165385
1969	0.165168
1970	0.164970
1971	0.164790
1972	0.164630
1973	0.164489
1974	0.164369
1975	0.164269
1976	0.164191
1977	0.164134
1978	0.164099
1979	0.164087
1980	0.164098
1981	0.164133
1982	0.164191
1983	0.164274
1984	0.164383
1985	0.164516
1986	0.164676
1987	0.164862
1988	0.165075
1989	0.165315
1990	0.165583
1991	0.165880
1992	0.166205
1993	0.166560
1994	0.166944
1995	0.167359
1996	0.167804
1997	0.168281
1998	0.168789
1999	0.169329
2000	0.169902
2001	0.170508
2002	0.171141
2003	0.171792
2004	0.172479
2005	0.173241
2006	0.174108
2007	0.175084
2008	0.176137
2009	0.177201
2010	0.178189
2011	0.179007
2012	0.179572
2013	0.179823
2014	0.179740
2015	0.179354
2016	0.178748
2017	0.178047
2018	0.177394
2019	0.176916
2020	0.176685
2021	0.176711
2022	0.176968
2023	0.177411
2024	0.177978
2025	0.178606
2026	0.179244
2027	0.179865
2028	0.180464
2029	0.181049
2030	0.181626
2031	0.182185
2032	0.182706
2033	0.183159
2034	0.183517
2035	0.183769
2036	0.183918
2037	0.183990
2038	0.184024
2039	0.184073
2040	0.184192
2041	0.184427
2042	0.184811
2043	0.185351
2044	0.186024
2045	0.186783
2046	0.187566
2047	0.188305
2048	0.188943
2049	0.189440
2050	0.189776
2051	0.189954
2052	0.189991
2053	0.189919
2054	0.189769
2055	0.189574
2056	0.189373
2057	0.189206
2058	0.189110
2059	0.189109
2060	0.189216
2061	0.189432
2062	0.189750
2063	0.190156
2064	0.190633
2065	0.191155
2066	0.191696
2067	0.192230
2068	0.192738
2069	0.193209
2070	0.193649
2071	0.194067
2072	0.194470
2073	0.194857
2074	0.195230
2075	0.195589
2076	0.195937
2077	0.196272
2078	0.196597
2079	0.196911
2080	0.197217
2081	0.197514
2082	0.197803
2083	0.198085
2084	0.198360
2085	0.198630
2086	0.198894
2087	0.199154
2088	0.199409
2089	0.199661
2090	0.199910
2091	0.200157
2092	0.200401
2093	0.200643
2094	0.200885
2095	0.201125
2096	0.201365
2097	0.201604
2098	0.201844
2099	0.202084
2100	0.202324
2101	0.202565
2102	0.202808
2103	0.203051
2104	0.203296
2105	0.203542
2106	0.203789
2107	0.204038
2108	0.204289
2109	0.204542
2110	0.204796
2111	0.205051
2112	0.205308
2113	0.205567
2114	0.205827
2115	0.206088
2116	0.206350
2117	0.206612
2118	0.206876
2119	0.207140
2120	0.207403
2121	0.207667
2122	0.207930
2123	0.208192
2124	0.208453
2125	0.208712
2126	0.208970
2127	0.209224
2128	0.209476
2129	0.209724
2130	0.209968
2131	0.210207
2132	0.210442
2133	0.210670
2134	0.210892
2135	0.211107
2136	0.211314
2137	0.211513
2138	0.211702
2139	0.211882
2140	0.212051
2141	0.212208
2142	0.212353
2143	0.212485
2144	0.212602
2145	0.212704
2146	0.212791
2147	0.212860
2148	0.212911
2149	0.212944
2150	0.212956
2151	0.212947
2152	0.212914
2153	0.212847
2154	0.212746
2155	0.212618
2156	0.212476
2157	0.212335
2158	0.212208
2159	0.212105
2160	0.212030
2161	0.211986
2162	0.211970
2163	0.211979
2164	0.212002
2165	0.212026
2166	0.212039
2167	0.212033
2168	0.212009
2169	0.211973
2170	0.211932
2171	0.211886
2172	0.211836
2173	0.211781
2174	0.211722
2175	0.211660
2176	0.211596
2177	0.211530
2178	0.211462
2179	0.211394
2180	0.211326
2181	0.211258
2182	0.211191
2183	0.211125
2184	0.211060
2185	0.210998
2186	0.210938
2187	0.210880
2188	0.210826
2189	0.210775
2190	0.210727
2191	0.210683
2192	0.210643
2193	0.210608
2194	0.210577
2195	0.210550
2196	0.210528
2197	0.210510
2198	0.210497
2199	0.210489
2200	0.210486
2201	0.210488
2202	0.210494
2203	0.210505
2204	0.210520
2205	0.210540
2206	0.210565
2207	0.210593
2208	0.210625
2209	0.210661
2210	0.210701
2211	0.210743
2212	0.210789
2213	0.210837
2214	0.210888
2215	0.210940
2216	0.210994
2217	0.211049
2218	0.211104
2219	0.211160
2220	0.211215
2221	0.211269
2222	0.211322
2223	0.211373
2224	0.211422
2225	0.211467
2226	0.211508
2227	0.211545
2228	0.211576
2229	0.211602
2230	0.211620
2231	0.211631
2232	0.211634
2233	0.211628
2234	0.211612
2235	0.211585
2236	0.211546
2237	0.211494
2238	0.211429
2239	0.211349
2240	0.211254
2241	0.211142
2242	0.211012
2243	0.210864
2244	0.210695
2245	0.210505
2246	0.210294
2247	0.210059
2248	0.209799
2249	0.209514
2250	0.209201
2251	0.208860
2252	0.208486
2253	0.208066
2254	0.207597
2255	0.207087
2256	0.206560
2257	0.206044
2258	0.205563
2259	0.205137
2260	0.204776
2261	0.204485
2262	0.204258
2263	0.204087
2264	0.203949
2265	0.203822
2266	0.203678
2267	0.203501
2268	0.203284
2269	0.203037
2270	0.202773
2271	0.202495
2272	0.202205
2273	0.201906
2274	0.201599
2275	0.201287
2276	0.200971
2277	0.200652
2278	0.200334
2279	0.200017
2280	0.199702
2281	0.199392
2282	0.199087
2283	0.198789
2284	0.198499
2285	0.198219
2286	0.197948
2287	0.197689
2288	0.197442
2289	0.197208
2290	0.196987
2291	0.196781
2292	0.196589
2293	0.196413
2294	0.196252
2295	0.196107
2296	0.195979
2297	0.195867
2298	0.195772
2299	0.195693
2300	0.195630
2301	0.195584
2302	0.195554
2303	0.195539
2304	0.195540
2305	0.195556
2306	0.195586
2307	0.195630
2308	0.195687
2309	0.195756
2310	0.195836
2311	0.195927
2312	0.196027
2313	0.196135
2314	0.196250
2315	0.196371
2316	0.196497
2317	0.196625
2318	0.196755
2319	0.196884
2320	0.197012
2321	0.197136
2322	0.197255
2323	0.197367
2324	0.197469
2325	0.197560
2326	0.197638
2327	0.197700
2328	0.197743
2329	0.197767
2330	0.197767
2331	0.197742
2332	0.197689
2333	0.197605
2334	0.197488
2335	0.197334
2336	0.197141
2337	0.196905
2338	0.196624
2339	0.196295
2340	0.195913
2341	0.195476
2342	0.194980
2343	0.194422
2344	0.193798
2345	0.193105
2346	0.192339
2347	0.191495
2348	0.190571
2349	0.189561
2350	0.188463
2351	0.187271
2352	0.185971
2353	0.184531
2354	0.182957
2355	0.181286
2356	0.179567
2357	0.177840
2358	0.176128
2359	0.174439
2360	0.172768
2361	0.171106
2362	0.169441
2363	0.167751
2364	0.166004
2365	0.164165
2366	0.162210
2367	0.160136
2368	0.157968
2369	0.155742
2370	0.153481
2371	0.151171
2372	0.148803
2373	0.146378
2374	0.143894
2375	0.141354
2376	0.138755
2377	0.136099
2378	0.133385
2379	0.130614
2380	0.127785
2381	0.124898
2382	0.121953
2383	0.118951
2384	0.115891
2385	0.112774
2386	0.109598
2387	0.106365
2388	0.103075
2389	0.099726
2390	0.096320
2391	0.092857
2392	0.089335
2393	0.085756
2394	0.082120
2395	0.078425
2396	0.074673
2397	0.070864
2398	0.066996
2399	0.063071
2400	0.059088
2401	0.055048
2402	0.050950
2403	0.046794
2404	0.042581
2405	0.038309
2406	0.033981
2407	0.029594
2408	0.025150
2409	0.020648
2410	0.016089
2411	0.011471
2412	0.006796
2413	0.002064
2414	-0.002726
2415	-0.007574
2416	-0.012480
2417	-0.017443
2418	-0.022464
2419	-0.027543
2420	-0.032679
2421	-0.037873
2422	-0.043125
2423	-0.048434
2424	-0.053801
2425	-0.059226
2426	-0.064709
2427	-0.070249
2428	-0.075846
2429	-0.081502
2430	-0.087215
2431	-0.092986
2432	-0.098814
2433	-0.104701
2434	-0.110644
2435	-0.116646
2436	-0.122705
2437	-0.128822
2438	-0.134997
2439	-0.141229
2440	-0.147519
2441	-0.153866
2442	-0.160272
2443	-0.166735
2444	-0.173255
2445	-0.179833
2446	-0.186469
2447	-0.193163
2448	-0.199915
2449	-0.206724
2450	-0.213590
2451	-0.220515
2452	-0.227497
2453	-0.234536
2454	-0.241634
2455	-0.248789
2456	-0.256002
2457	-0.263272
2458	-0.270600
2459	-0.277986
2460	-0.285430
2461	-0.292931
2462	-0.300490
2463	-0.308106
2464	-0.315781
2465	-0.323512
2466	-0.331302
2467	-0.339149
2468	-0.347054
2469	-0.355017
2470	-0.363037
2471	-0.371115
2472	-0.379251
2473	-0.387444
2474	-0.395695
2475	-0.404004
2476	-0.412370
2477	-0.420794
2478	-0.429276
2479	-0.437815
2480	-0.446412
2481	-0.455067
2482	-0.463780
2483	-0.472550
2484	-0.481378
2485	-0.490263
2486	-0.499206
2487	-0.508207
2488	-0.517266
2489	-0.526382
2490	-0.535556
2491	-0.544787
2492	-0.554076
2493	-0.563423
2494	-0.572828
2495	-0.582290
2496	-0.591810
2497	-0.601388
2498	-0.611023
2499	-0.620716
2500	-0.630467
