350	0.998569
351	0.998536
352	0.998510
353	0.998491
354	0.998478
355	0.998472
356	0.998472
357	0.998477
358	0.998490
359	0.998510
360	0.998540
361	0.998571
362	0.998599
363	0.998622
364	0.998637
365	0.998643
366	0.998640
367	0.998627
368	0.998606
369	0.998579
370	0.998546
371	0.998512
372	0.998478
373	0.998450
374	0.998431
375	0.998426
376	0.998434
377	0.998456
378	0.998489
379	0.998527
380	0.998566
381	0.998601
382	0.998629
383	0.998648
384	0.998657
385	0.998659
386	0.998656
387	0.998653
388	0.998654
389	0.998661
390	0.998674
391	0.998692
392	0.998713
393	0.998733
394	0.998749
395	0.998760
396	0.998762
397	0.998755
398	0.998740
399	0.998719
400	0.998697
401	0.998675
402	0.998659
403	0.998649
404	0.998649
405	0.998657
406	0.998674
407	0.998697
408	0.998721
409	0.998744
410	0.998763
411	0.998777
412	0.998785
413	0.998787
414	0.998784
415	0.998778
416	0.998769
417	0.998760
418	0.998753
419	0.998748
420	0.998747
421	0.998751
422	0.998758
423	0.998770
424	0.998783
425	0.998799
426	0.998814
427	0.998826
428	0.998833
429	0.998835
430	0.998830
431	0.998821
432	0.998809
433	0.998798
434	0.998788
435	0.998781
436	0.998778
437	0.998779
438	0.998784
439	0.998792
440	0.998802
441	0.998814
442	0.998825
443	0.998837
444	0.998849
445	0.998860
446	0.998870
447	0.998878
448	0.998884
449	0.998885
450	0.998883
451	0.998877
452	0.998869
453	0.998861
454	0.998855
455	0.998852
456	0.998854
457	0.998863
458	0.998876
459	0.998894
460	0.998915
461	0.998936
462	0.998956
463	0.998974
464	0.998987
465	0.998996
466	0.999001
467	0.999002
468	0.999000
469	0.998997
470	0.998993
471	0.998989
472	0.998984
473	0.998978
474	0.998973
475	0.998967
476	0.998962
477	0.998957
478	0.998954
479	0.998952
480	0.998952
481	0.998956
482	0.998963
483	0.998972
484	0.998984
485	0.998996
486	0.999007
487	0.999016
488	0.999023
489	0.999026
490	0.999028
491	0.999027
492	0.999024
493	0.999021
494	0.999018
495	0.999016
496	0.999013
497	0.999010
498	0.999005
499	0.998999
500	0.998991
501	0.998982
502	0.998973
503	0.998966
504	0.998963
505	0.998964
506	0.998971
507	0.998983
508	0.998999
509	0.999017
510	0.999034
511	0.999048
512	0.999058
513	0.999062
514	0.999061
515	0.999056
516	0.999051
517	0.999047
518	0.999047
519	0.999050
520	0.999057
521	0.999067
522	0.999079
523	0.999091
524	0.999101
525	0.999111
526	0.999119
527	0.999126
528	0.999133
529	0.999140
530	0.999148
531	0.999156
532	0.999164
533	0.999170
534	0.999175
535	0.999178
536	0.999178
537	0.999176
538	0.999173
539	0.999168
540	0.999162
541	0.999154
542	0.999144
543	0.999134
544	0.999125
545	0.999117
546	0.999113
547	0.999112
548	0.999115
549	0.999121
550	0.999131
551	0.999144
552	0.999157
553	0.999169
554	0.999181
555	0.999192
556	0.999201
557	0.999210
558	0.999218
559	0.999226
560	0.999231
561	0.999234
562	0.999235
563	0.999233
564	0.999227
565	0.999220
566	0.999211
567	0.999201
568	0.999193
569	0.999186
570	0.999183
571	0.999182
572	0.999183
573	0.999187
574	0.999192
575	0.999198
576	0.999207
577	0.999216
578	0.999226
579	0.999234
580	0.999240
581	0.999239
582	0.999231
583	0.999213
584	0.999186
585	0.999149
586	0.999103
587	0.999051
588	0.998998
589	0.998948
590	0.998906
591	0.998876
592	0.998861
593	0.998860
594	0.998874
595	0.998900
596	0.998936
597	0.998979
598	0.999023
599	0.999066
600	0.999103
601	0.999134
602	0.999158
603	0.999175
604	0.999186
605	0.999193
606	0.999198
607	0.999203
608	0.999210
609	0.999220
610	0.999235
611	0.999251
612	0.999270
613	0.999287
614	0.999302
615	0.999313
616	0.999320
617	0.999322
618	0.999319
619	0.999315
620	0.999308
621	0.999302
622	0.999295
623	0.999289
624	0.999283
625	0.999277
626	0.999269
627	0.999259
628	0.999248
629	0.999234
630	0.999220
631	0.999205
632	0.999192
633	0.999182
634	0.999177
635	0.999178
636	0.999183
637	0.999191
638	0.999199
639	0.999204
640	0.999202
641	0.999191
642	0.999170
643	0.999140
644	0.999102
645	0.999061
646	0.999023
647	0.998992
648	0.998974
649	0.998969
650	0.998977
651	0.998996
652	0.999024
653	0.999058
654	0.999094
655	0.999131
656	0.999164
657	0.999193
658	0.999217
659	0.999237
660	0.999253
661	0.999268
662	0.999280
663	0.999289
664	0.999297
665	0.999301
666	0.999304
667	0.999305
668	0.999306
669	0.999306
670	0.999306
671	0.999309
672	0.999314
673	0.999322
674	0.999333
675	0.999345
676	0.999355
677	0.999362
678	0.999362
679	0.999357
680	0.999348
681	0.999338
682	0.999329
683	0.999323
684	0.999319
685	0.999313
686	0.999302
687	0.999283
688	0.999253
689	0.999209
690	0.999151
691	0.999083
692	0.999011
693	0.998942
694	0.998884
695	0.998842
696	0.998816
697	0.998805
698	0.998805
699	0.998814
700	0.998828
701	0.998846
702	0.998868
703	0.998895
704	0.998930
705	0.998974
706	0.999027
707	0.999081
708	0.999126
709	0.999144
710	0.999124
711	0.999056
712	0.998937
713	0.998772
714	0.998572
715	0.998355
716	0.998140
717	0.997948
718	0.997794
719	0.997687
720	0.997621
721	0.997586
722	0.997570
723	0.997562
724	0.997559
725	0.997566
726	0.997587
727	0.997629
728	0.997699
729	0.997800
730	0.997933
731	0.998093
732	0.998267
733	0.998443
734	0.998606
735	0.998746
736	0.998859
737	0.998951
738	0.999026
739	0.999092
740	0.999151
741	0.999208
742	0.999264
743	0.999317
744	0.999368
745	0.999414
746	0.999452
747	0.999482
748	0.999503
749	0.999517
750	0.999525
751	0.999530
752	0.999532
753	0.999531
754	0.999528
755	0.999522
756	0.999516
757	0.999510
758	0.999506
759	0.999503
760	0.999502
761	0.999504
762	0.999507
763	0.999512
764	0.999518
765	0.999523
766	0.999526
767	0.999526
768	0.999524
769	0.999520
770	0.999515
771	0.999509
772	0.999504
773	0.999499
774	0.999494
775	0.999492
776	0.999492
777	0.999494
778	0.999498
779	0.999501
780	0.999499
781	0.999492
782	0.999475
783	0.999449
784	0.999414
785	0.999372
786	0.999327
787	0.999284
788	0.999246
789	0.999217
790	0.999200
791	0.999193
792	0.999192
793	0.999192
794	0.999189
795	0.999179
796	0.999163
797	0.999142
798	0.999121
799	0.999105
800	0.999100
801	0.999109
802	0.999133
803	0.999168
804	0.999204
805	0.999230
806	0.999230
807	0.999192
808	0.999108
809	0.998975
810	0.998798
811	0.998590
812	0.998367
813	0.998148
814	0.997955
815	0.997803
816	0.997704
817	0.997659
818	0.997666
819	0.997712
820	0.997783
821	0.997866
822	0.997948
823	0.998020
824	0.998077
825	0.998118
826	0.998146
827	0.998168
828	0.998191
829	0.998224
830	0.998273
831	0.998342
832	0.998432
833	0.998539
834	0.998661
835	0.998790
836	0.998920
837	0.999041
838	0.999148
839	0.999234
840	0.999296
841	0.999334
842	0.999349
843	0.999346
844	0.999331
845	0.999309
846	0.999287
847	0.999272
848	0.999268
849	0.999281
850	0.999311
851	0.999357
852	0.999417
853	0.999487
854	0.999558
855	0.999625
856	0.999679
857	0.999717
858	0.999735
859	0.999734
860	0.999717
861	0.999689
862	0.999655
863	0.999623
864	0.999599
865	0.999587
866	0.999588
867	0.999602
868	0.999624
869	0.999649
870	0.999674
871	0.999696
872	0.999712
873	0.999723
874	0.999729
875	0.999731
876	0.999733
877	0.999736
878	0.999740
879	0.999746
880	0.999751
881	0.999754
882	0.999752
883	0.999743
884	0.999726
885	0.999700
886	0.999661
887	0.999604
888	0.999523
889	0.999414
890	0.999273
891	0.999098
892	0.998893
893	0.998666
894	0.998429
895	0.998201
896	0.997999
897	0.997839
898	0.997729
899	0.997671
900	0.997657
901	0.997672
902	0.997696
903	0.997709
904	0.997695
905	0.997645
906	0.997557
907	0.997439
908	0.997304
909	0.997174
910	0.997071
911	0.997011
912	0.997004
913	0.997072
914	0.997229
915	0.997464
916	0.997738
917	0.997998
918	0.998190
919	0.998269
920	0.998208
921	0.997999
922	0.997646
923	0.997169
924	0.996600
925	0.995984
926	0.995368
927	0.994797
928	0.994296
929	0.993865
930	0.993481
931	0.993134
932	0.992823
933	0.992548
934	0.992306
935	0.992097
936	0.991920
937	0.991774
938	0.991658
939	0.991570
940	0.991509
941	0.991475
942	0.991465
943	0.991480
944	0.991518
945	0.991578
946	0.991659
947	0.991759
948	0.991879
949	0.992015
950	0.992168
951	0.992337
952	0.992519
953	0.992715
954	0.992923
955	0.993142
956	0.993370
957	0.993608
958	0.993853
959	0.994104
960	0.994361
961	0.994623
962	0.994888
963	0.995154
964	0.995422
965	0.995690
966	0.995957
967	0.996221
968	0.996483
969	0.996739
970	0.996991
971	0.997235
972	0.997472
973	0.997701
974	0.997919
975	0.998126
976	0.998321
977	0.998503
978	0.998671
979	0.998823
980	0.998959
981	0.999077
982	0.999174
983	0.999243
984	0.999284
985	0.999306
986	0.999318
987	0.999330
988	0.999348
989	0.999376
990	0.999415
991	0.999463
992	0.999520
993	0.999581
994	0.999641
995	0.999693
996	0.999730
997	0.999751
998	0.999762
999	0.999769
1000	0.999778
1001	0.999787
1002	0.999793
1003	0.999797
1004	0.999799
1005	0.999800
1006	0.999800
1007	0.999798
1008	0.999795
1009	0.999792
1010	0.999788
1011	0.999783
1012	0.999778
1013	0.999772
1014	0.999767
1015	0.999761
1016	0.999755
1017	0.999750
1018	0.999745
1019	0.999740
1020	0.999736
1021	0.999732
1022	0.999729
1023	0.999727
1024	0.999725
1025	0.999724
1026	0.999724
1027	0.999724
1028	0.999725
1029	0.999728
1030	0.999730
1031	0.999734
1032	0.999737
1033	0.999740
1034	0.999746
1035	0.999756
1036	0.999771
1037	0.999788
1038	0.999807
1039	0.999826
1040	0.999842
1041	0.999855
1042	0.999864
1043	0.999868
1044	0.999868
1045	0.999862
1046	0.999855
1047	0.999847
1048	0.999842
1049	0.999839
1050	0.999838
1051	0.999838
1052	0.999838
1053	0.999839
1054	0.999840
1055	0.999842
1056	0.999844
1057	0.999846
1058	0.999848
1059	0.999850
1060	0.999853
1061	0.999855
1062	0.999856
1063	0.999858
1064	0.999858
1065	0.999859
1066	0.999858
1067	0.999857
1068	0.999855
1069	0.999853
1070	0.999849
1071	0.999844
1072	0.999837
1073	0.999830
1074	0.999821
1075	0.999811
1076	0.999799
1077	0.999785
1078	0.999770
1079	0.999753
1080	0.999733
1081	0.999712
1082	0.999689
1083	0.999663
1084	0.999635
1085	0.999605
1086	0.999572
1087	0.999537
1088	0.999499
1089	0.999458
1090	0.999414
1091	0.999367
1092	0.999319
1093	0.999272
1094	0.999227
1095	0.999178
1096	0.999116
1097	0.999033
1098	0.998921
1099	0.998779
1100	0.998607
1101	0.998416
1102	0.998215
1103	0.998020
1104	0.997842
1105	0.997690
1106	0.997565
1107	0.997459
1108	0.997355
1109	0.997226
1110	0.997043
1111	0.996785
1112	0.996435
1113	0.995986
1114	0.995440
1115	0.994805
1116	0.994095
1117	0.993326
1118	0.992519
1119	0.991694
1120	0.990875
1121	0.990087
1122	0.989358
1123	0.988716
1124	0.988186
1125	0.987796
1126	0.987563
1127	0.987497
1128	0.987598
1129	0.987855
1130	0.988245
1131	0.988736
1132	0.989289
1133	0.989858
1134	0.990395
1135	0.990859
1136	0.991212
1137	0.991429
1138	0.991499
1139	0.991426
1140	0.991229
1141	0.990943
1142	0.990610
1143	0.990277
1144	0.989988
1145	0.989780
1146	0.989679
1147	0.989698
1148	0.989842
1149	0.990104
1150	0.990470
1151	0.990924
1152	0.991449
1153	0.992027
1154	0.992637
1155	0.993260
1156	0.993876
1157	0.994465
1158	0.995011
1159	0.995501
1160	0.995930
1161	0.996297
1162	0.996609
1163	0.996876
1164	0.997109
1165	0.997320
1166	0.997514
1167	0.997693
1168	0.997857
1169	0.998003
1170	0.998128
1171	0.998227
1172	0.998295
1173	0.998332
1174	0.998336
1175	0.998310
1176	0.998257
1177	0.998183
1178	0.998096
1179	0.998005
1180	0.997922
1181	0.997858
1182	0.997825
1183	0.997830
1184	0.997874
1185	0.997955
1186	0.998062
1187	0.998185
1188	0.998312
1189	0.998433
1190	0.998541
1191	0.998630
1192	0.998700
1193	0.998751
1194	0.998784
1195	0.998800
1196	0.998801
1197	0.998791
1198	0.998773
1199	0.998752
1200	0.998735
1201	0.998726
1202	0.998729
1203	0.998745
1204	0.998772
1205	0.998808
1206	0.998849
1207	0.998894
1208	0.998939
1209	0.998982
1210	0.999025
1211	0.999069
1212	0.999116
1213	0.999168
1214	0.999224
1215	0.999283
1216	0.999342
1217	0.999400
1218	0.999456
1219	0.999511
1220	0.999568
1221	0.999625
1222	0.999684
1223	0.999741
1224	0.999796
1225	0.999844
1226	0.999885
1227	0.999917
1228	0.999937
1229	0.999948
1230	0.999950
1231	0.999946
1232	0.999940
1233	0.999933
1234	0.999928
1235	0.999926
1236	0.999924
1237	0.999924
1238	0.999924
1239	0.999923
1240	0.999923
1241	0.999923
1242	0.999923
1243	0.999924
1244	0.999926
1245	0.999930
1246	0.999935
1247	0.999942
1248	0.999950
1249	0.999958
1250	0.999965
1251	0.999972
1252	0.999977
1253	0.999981
1254	0.999984
1255	0.999986
1256	0.999987
1257	0.999987
1258	0.999985
1259	0.999983
1260	0.999979
1261	0.999975
1262	0.999970
1263	0.999965
1264	0.999962
1265	0.999960
1266	0.999960
1267	0.999963
1268	0.999968
1269	0.999974
1270	0.999978
1271	0.999981
1272	0.999980
1273	0.999976
1274	0.999971
1275	0.999964
1276	0.999955
1277	0.999945
1278	0.999933
1279	0.999917
1280	0.999898
1281	0.999873
1282	0.999844
1283	0.999813
1284	0.999783
1285	0.999756
1286	0.999737
1287	0.999725
1288	0.999721
1289	0.999720
1290	0.999716
1291	0.999704
1292	0.999679
1293	0.999642
1294	0.999595
1295	0.999545
1296	0.999498
1297	0.999462
1298	0.999438
1299	0.999425
1300	0.999414
1301	0.999394
1302	0.999352
1303	0.999276
1304	0.999161
1305	0.999004
1306	0.998826
1307	0.998657
1308	0.998524
1309	0.998440
1310	0.998403
1311	0.998400
1312	0.998412
1313	0.998420
1314	0.998405
1315	0.998348
1316	0.998237
1317	0.998069
1318	0.997851
1319	0.997601
1320	0.997341
1321	0.997092
1322	0.996857
1323	0.996628
1324	0.996398
1325	0.996170
1326	0.995942
1327	0.995715
1328	0.995489
1329	0.995264
1330	0.995041
1331	0.994819
1332	0.994599
1333	0.994381
1334	0.994165
1335	0.993951
1336	0.993740
1337	0.993531
1338	0.993325
1339	0.993122
1340	0.992922
1341	0.992726
1342	0.992533
1343	0.992343
1344	0.992157
1345	0.991976
1346	0.991798
1347	0.991625
1348	0.991456
1349	0.991292
1350	0.991132
1351	0.990978
1352	0.990829
1353	0.990685
1354	0.990546
1355	0.990413
1356	0.990286
1357	0.990165
1358	0.990051
1359	0.989942
1360	0.989840
1361	0.989745
1362	0.989657
1363	0.989575
1364	0.989501
1365	0.989437
1366	0.989387
1367	0.989351
1368	0.989319
1369	0.989280
1370	0.989225
1371	0.989152
1372	0.989059
1373	0.988949
1374	0.988824
1375	0.988688
1376	0.988548
1377	0.988409
1378	0.988280
1379	0.988165
1380	0.988064
1381	0.987970
1382	0.987876
1383	0.987777
1384	0.987676
1385	0.987575
1386	0.987474
1387	0.987373
1388	0.987272
1389	0.987171
1390	0.987070
1391	0.986960
1392	0.986827
1393	0.986693
1394	0.986594
1395	0.986558
1396	0.986584
1397	0.986650
1398	0.986722
1399	0.986768
1400	0.986763
1401	0.986691
1402	0.986540
1403	0.986301
1404	0.985977
1405	0.985589
1406	0.985175
1407	0.984785
1408	0.984458
1409	0.984205
1410	0.983999
1411	0.983829
1412	0.983693
1413	0.983590
1414	0.983517
1415	0.983475
1416	0.983462
1417	0.983476
1418	0.983516
1419	0.983581
1420	0.983669
1421	0.983780
1422	0.983912
1423	0.984063
1424	0.984233
1425	0.984419
1426	0.984621
1427	0.984838
1428	0.985068
1429	0.985310
1430	0.985562
1431	0.985823
1432	0.986093
1433	0.986369
1434	0.986650
1435	0.986935
1436	0.987223
1437	0.987512
1438	0.987802
1439	0.988090
1440	0.988376
1441	0.988658
1442	0.988935
1443	0.989205
1444	0.989468
1445	0.989722
1446	0.989965
1447	0.990197
1448	0.990416
1449	0.990621
1450	0.990810
1451	0.990983
1452	0.991140
1453	0.991289
1454	0.991425
1455	0.991539
1456	0.991615
1457	0.991638
1458	0.991593
1459	0.991463
1460	0.991234
1461	0.990898
1462	0.990455
1463	0.989920
1464	0.989323
1465	0.988705
1466	0.988111
1467	0.987588
1468	0.987174
1469	0.986894
1470	0.986764
1471	0.986785
1472	0.986940
1473	0.987199
1474	0.987532
1475	0.987914
1476	0.988328
1477	0.988765
1478	0.989220
1479	0.989692
1480	0.990184
1481	0.990695
1482	0.991225
1483	0.991766
1484	0.992303
1485	0.992819
1486	0.993299
1487	0.993737
1488	0.994132
1489	0.994489
1490	0.994816
1491	0.995121
1492	0.995412
1493	0.995694
1494	0.995969
1495	0.996239
1496	0.996502
1497	0.996752
1498	0.996986
1499	0.997201
1500	0.997395
1501	0.997571
1502	0.997733
1503	0.997889
1504	0.998044
1505	0.998202
1506	0.998363
1507	0.998525
1508	0.998681
1509	0.998824
1510	0.998947
1511	0.999044
1512	0.999115
1513	0.999160
1514	0.999184
1515	0.999196
1516	0.999201
1517	0.999206
1518	0.999216
1519	0.999232
1520	0.999253
1521	0.999278
1522	0.999304
1523	0.999330
1524	0.999357
1525	0.999386
1526	0.999421
1527	0.999462
1528	0.999514
1529	0.999574
1530	0.999641
1531	0.999711
1532	0.999779
1533	0.999842
1534	0.999895
1535	0.999936
1536	0.999965
1537	0.999982
1538	0.999989
1539	0.999986
1540	0.999977
1541	0.999963
1542	0.999945
1543	0.999923
1544	0.999898
1545	0.999871
1546	0.999845
1547	0.999823
1548	0.999805
1549	0.999794
1550	0.999789
1551	0.999788
1552	0.999792
1553	0.999797
1554	0.999803
1555	0.999808
1556	0.999812
1557	0.999813
1558	0.999813
1559	0.999811
1560	0.999810
1561	0.999810
1562	0.999810
1563	0.999810
1564	0.999810
1565	0.999810
1566	0.999810
1567	0.999810
1568	0.999810
1569	0.999810
1570	0.999810
1571	0.999810
1572	0.999810
1573	0.999810
1574	0.999810
1575	0.999810
1576	0.999810
1577	0.999810
1578	0.999810
1579	0.999810
1580	0.999810
1581	0.999810
1582	0.999810
1583	0.999810
1584	0.999810
1585	0.999810
1586	0.999810
1587	0.999810
1588	0.999810
1589	0.999810
1590	0.999810
1591	0.999810
1592	0.999810
1593	0.999810
1594	0.999810
1595	0.999810
1596	0.999810
1597	0.999810
1598	0.999810
1599	0.999810
1600	0.999810
1601	0.999810
1602	0.999810
1603	0.999810
1604	0.999810
1605	0.999810
1606	0.999810
1607	0.999810
1608	0.999810
1609	0.999810
1610	0.999810
1611	0.999810
1612	0.999810
1613	0.999810
1614	0.999810
1615	0.999812
1616	0.999814
1617	0.999817
1618	0.999818
1619	0.999818
1620	0.999815
1621	0.999808
1622	0.999796
1623	0.999779
1624	0.999759
1625	0.999735
1626	0.999710
1627	0.999686
1628	0.999665
1629	0.999649
1630	0.999637
1631	0.999630
1632	0.999627
1633	0.999627
1634	0.999628
1635	0.999631
1636	0.999633
1637	0.999635
1638	0.999635
1639	0.999635
1640	0.999635
1641	0.999635
1642	0.999635
1643	0.999635
1644	0.999635
1645	0.999635
1646	0.999635
1647	0.999635
1648	0.999635
1649	0.999635
1650	0.999635
1651	0.999635
1652	0.999635
1653	0.999635
1654	0.999635
1655	0.999635
1656	0.999635
1657	0.999635
1658	0.999635
1659	0.999635
1660	0.999635
1661	0.999635
1662	0.999635
1663	0.999635
1664	0.999635
1665	0.999635
1666	0.999635
1667	0.999635
1668	0.999635
1669	0.999635
1670	0.999635
1671	0.999635
1672	0.999635
1673	0.999635
1674	0.999635
1675	0.999635
1676	0.999635
1677	0.999635
1678	0.999635
1679	0.999635
1680	0.999635
1681	0.999635
1682	0.999635
1683	0.999635
1684	0.999635
1685	0.999635
1686	0.999635
1687	0.999635
1688	0.999635
1689	0.999635
1690	0.999635
1691	0.999635
1692	0.999635
1693	0.999635
1694	0.999634
1695	0.999633
1696	0.999632
1697	0.999631
1698	0.999632
1699	0.999633
1700	0.999636
1701	0.999641
1702	0.999647
1703	0.999654
1704	0.999663
1705	0.999672
1706	0.999684
1707	0.999699
1708	0.999720
1709	0.999746
1710	0.999776
1711	0.999805
1712	0.999826
1713	0.999832
1714	0.999817
1715	0.999776
1716	0.999708
1717	0.999617
1718	0.999512
1719	0.999406
1720	0.999309
1721	0.999232
1722	0.999182
1723	0.999162
1724	0.999175
1725	0.999216
1726	0.999277
1727	0.999345
1728	0.999404
1729	0.999444
1730	0.999457
1731	0.999442
1732	0.999399
1733	0.999335
1734	0.999256
1735	0.999177
1736	0.999114
1737	0.999080
1738	0.999082
1739	0.999116
1740	0.999169
1741	0.999227
1742	0.999275
1743	0.999305
1744	0.999313
1745	0.999297
1746	0.999258
1747	0.999199
1748	0.999126
1749	0.999041
1750	0.998946
1751	0.998836
1752	0.998707
1753	0.998560
1754	0.998400
1755	0.998240
1756	0.998092
1757	0.997965
1758	0.997863
1759	0.997784
1760	0.997725
1761	0.997679
1762	0.997633
1763	0.997575
1764	0.997488
1765	0.997364
1766	0.997204
1767	0.997014
1768	0.996807
1769	0.996590
1770	0.996365
1771	0.996135
1772	0.995901
1773	0.995664
1774	0.995426
1775	0.995193
1776	0.994970
1777	0.994762
1778	0.994576
1779	0.994421
1780	0.994302
1781	0.994222
1782	0.994179
1783	0.994167
1784	0.994177
1785	0.994198
1786	0.994222
1787	0.994242
1788	0.994258
1789	0.994270
1790	0.994282
1791	0.994293
1792	0.994304
1793	0.994315
1794	0.994326
1795	0.994337
1796	0.994348
1797	0.994360
1798	0.994371
1799	0.994382
1800	0.994393
1801	0.994404
1802	0.994415
1803	0.994427
1804	0.994438
1805	0.994449
1806	0.994460
1807	0.994471
1808	0.994482
1809	0.994493
1810	0.994505
1811	0.994516
1812	0.994527
1813	0.994538
1814	0.994549
1815	0.994560
1816	0.994571
1817	0.994583
1818	0.994594
1819	0.994605
1820	0.994616
1821	0.994627
1822	0.994638
1823	0.994650
1824	0.994661
1825	0.994672
1826	0.994683
1827	0.994694
1828	0.994705
1829	0.994716
1830	0.994728
1831	0.994739
1832	0.994750
1833	0.994761
1834	0.994772
1835	0.994783
1836	0.994795
1837	0.994806
1838	0.994817
1839	0.994828
1840	0.994839
1841	0.994850
1842	0.994861
1843	0.994873
1844	0.994884
1845	0.994895
1846	0.994906
1847	0.994917
1848	0.994928
1849	0.994940
1850	0.994951
1851	0.994962
1852	0.994973
1853	0.994984
1854	0.994995
1855	0.995006
1856	0.995018
1857	0.995029
1858	0.995040
1859	0.995051
1860	0.995062
1861	0.995073
1862	0.995085
1863	0.995096
1864	0.995107
1865	0.995118
1866	0.995129
1867	0.995140
1868	0.995151
1869	0.995163
1870	0.995174
1871	0.995185
1872	0.995196
1873	0.995207
1874	0.995218
1875	0.995229
1876	0.995241
1877	0.995252
1878	0.995263
1879	0.995274
1880	0.995285
1881	0.995296
1882	0.995308
1883	0.995319
1884	0.995330
1885	0.995341
1886	0.995352
1887	0.995363
1888	0.995374
1889	0.995386
1890	0.995397
1891	0.995408
1892	0.995419
1893	0.995430
1894	0.995441
1895	0.995453
1896	0.995464
1897	0.995475
1898	0.995486
1899	0.995497
1900	0.995508
1901	0.995519
1902	0.995531
1903	0.995542
1904	0.995553
1905	0.995564
1906	0.995575
1907	0.995586
1908	0.995598
1909	0.995609
1910	0.995620
1911	0.995631
1912	0.995642
1913	0.995653
1914	0.995664
1915	0.995676
1916	0.995687
1917	0.995698
1918	0.995709
1919	0.995720
1920	0.995731
1921	0.995743
1922	0.995754
1923	0.995765
1924	0.995776
1925	0.995787
1926	0.995798
1927	0.995809
1928	0.995821
1929	0.995832
1930	0.995843
1931	0.995854
1932	0.995865
1933	0.995876
1934	0.995888
1935	0.995899
1936	0.995910
1937	0.995921
1938	0.995932
1939	0.995943
1940	0.995954
1941	0.995964
1942	0.995972
1943	0.995980
1944	0.995993
1945	0.996013
1946	0.996040
1947	0.996070
1948	0.996097
1949	0.996118
1950	0.996129
1951	0.996129
1952	0.996119
1953	0.996098
1954	0.996070
1955	0.996039
1956	0.996010
1957	0.995991
1958	0.995987
1959	0.995998
1960	0.996020
1961	0.996050
1962	0.996088
1963	0.996132
1964	0.996183
1965	0.996239
1966	0.996300
1967	0.996365
1968	0.996434
1969	0.996505
1970	0.996579
1971	0.996654
1972	0.996730
1973	0.996805
1974	0.996880
1975	0.996954
1976	0.997026
1977	0.997095
1978	0.997161
1979	0.997222
1980	0.997279
1981	0.997330
1982	0.997375
1983	0.997413
1984	0.997444
1985	0.997467
1986	0.997480
1987	0.997484
1988	0.997478
1989	0.997461
1990	0.997432
1991	0.997391
1992	0.997336
1993	0.997268
1994	0.997186
1995	0.997089
1996	0.996975
1997	0.996846
1998	0.996699
1999	0.996534
2000	0.996351
2001	0.996148
2002	0.995911
2003	0.995606
2004	0.995239
2005	0.994862
2006	0.994552
2007	0.994384
2008	0.994410
2009	0.994648
2010	0.995076
2011	0.995638
2012	0.996251
2013	0.996810
2014	0.997206
2015	0.997352
2016	0.997199
2017	0.996763
2018	0.996127
2019	0.995424
2020	0.994787
2021	0.994297
2022	0.994011
2023	0.993950
2024	0.994096
2025	0.994398
2026	0.994797
2027	0.995233
2028	0.995668
2029	0.996079
2030	0.996464
2031	0.996831
2032	0.997193
2033	0.997562
2034	0.997941
2035	0.998323
2036	0.998689
2037	0.999018
2038	0.999283
2039	0.999469
2040	0.999567
2041	0.999580
2042	0.999521
2043	0.999410
2044	0.999268
2045	0.999118
2046	0.998973
2047	0.998843
2048	0.998728
2049	0.998622
2050	0.998517
2051	0.998404
2052	0.998274
2053	0.998126
2054	0.997972
2055	0.997835
2056	0.997738
2057	0.997696
2058	0.997714
2059	0.997790
2060	0.997913
2061	0.998068
2062	0.998235
2063	0.998395
2064	0.998530
2065	0.998630
2066	0.998694
2067	0.998732
2068	0.998758
2069	0.998785
2070	0.998817
2071	0.998850
2072	0.998879
2073	0.998906
2074	0.998930
2075	0.998953
2076	0.998973
2077	0.998992
2078	0.999008
2079	0.999024
2080	0.999038
2081	0.999050
2082	0.999061
2083	0.999072
2084	0.999081
2085	0.999090
2086	0.999097
2087	0.999105
2088	0.999111
2089	0.999117
2090	0.999123
2091	0.999128
2092	0.999134
2093	0.999138
2094	0.999143
2095	0.999148
2096	0.999152
2097	0.999156
2098	0.999161
2099	0.999165
2100	0.999169
2101	0.999173
2102	0.999177
2103	0.999180
2104	0.999184
2105	0.999188
2106	0.999191
2107	0.999194
2108	0.999197
2109	0.999200
2110	0.999202
2111	0.999203
2112	0.999205
2113	0.999205
2114	0.999205
2115	0.999204
2116	0.999202
2117	0.999199
2118	0.999194
2119	0.999189
2120	0.999182
2121	0.999174
2122	0.999164
2123	0.999152
2124	0.999138
2125	0.999122
2126	0.999103
2127	0.999082
2128	0.999059
2129	0.999032
2130	0.999003
2131	0.998970
2132	0.998933
2133	0.998893
2134	0.998849
2135	0.998801
2136	0.998748
2137	0.998691
2138	0.998629
2139	0.998561
2140	0.998488
2141	0.998410
2142	0.998325
2143	0.998234
2144	0.998137
2145	0.998033
2146	0.997921
2147	0.997802
2148	0.997676
2149	0.997541
2150	0.997397
2151	0.997245
2152	0.997080
2153	0.996894
2154	0.996682
2155	0.996456
2156	0.996235
2157	0.996045
2158	0.995909
2159	0.995843
2160	0.995855
2161	0.995946
2162	0.996111
2163	0.996338
2164	0.996606
2165	0.996890
2166	0.997166
2167	0.997414
2168	0.997630
2169	0.997819
2170	0.997992
2171	0.998150
2172	0.998295
2173	0.998427
2174	0.998547
2175	0.998654
2176	0.998751
2177	0.998837
2178	0.998913
2179	0.998979
2180	0.999036
2181	0.999085
2182	0.999126
2183	0.999159
2184	0.999185
2185	0.999205
2186	0.999219
2187	0.999227
2188	0.999230
2189	0.999228
2190	0.999222
2191	0.999212
2192	0.999198
2193	0.999181
2194	0.999161
2195	0.999139
2196	0.999114
2197	0.999088
2198	0.999059
2199	0.999030
2200	0.998999
2201	0.998967
2202	0.998935
2203	0.998902
2204	0.998869
2205	0.998836
2206	0.998803
2207	0.998771
2208	0.998739
2209	0.998708
2210	0.998677
2211	0.998648
2212	0.998619
2213	0.998592
2214	0.998565
2215	0.998540
2216	0.998516
2217	0.998494
2218	0.998473
2219	0.998453
2220	0.998434
2221	0.998416
2222	0.998400
2223	0.998385
2224	0.998372
2225	0.998359
2226	0.998347
2227	0.998336
2228	0.998326
2229	0.998316
2230	0.998307
2231	0.998299
2232	0.998290
2233	0.998281
2234	0.998272
2235	0.998263
2236	0.998253
2237	0.998242
2238	0.998230
2239	0.998216
2240	0.998201
2241	0.998184
2242	0.998164
2243	0.998142
2244	0.998117
2245	0.998088
2246	0.998056
2247	0.998019
2248	0.997978
2249	0.997933
2250	0.997882
2251	0.997825
2252	0.997762
2253	0.997692
2254	0.997611
2255	0.997516
2256	0.997408
2257	0.997294
2258	0.997183
2259	0.997085
2260	0.997009
2261	0.996963
2262	0.996951
2263	0.996976
2264	0.997037
2265	0.997129
2266	0.997246
2267	0.997379
2268	0.997519
2269	0.997659
2270	0.997800
2271	0.997943
2272	0.998086
2273	0.998228
2274	0.998369
2275	0.998506
2276	0.998639
2277	0.998767
2278	0.998888
2279	0.999001
2280	0.999105
2281	0.999200
2282	0.999284
2283	0.999357
2284	0.999418
2285	0.999466
2286	0.999501
2287	0.999521
2288	0.999527
2289	0.999518
2290	0.999493
2291	0.999453
2292	0.999396
2293	0.999323
2294	0.999233
2295	0.999126
2296	0.999003
2297	0.998863
2298	0.998706
2299	0.998532
2300	0.998342
2301	0.998135
2302	0.997912
2303	0.997673
2304	0.997419
2305	0.997150
2306	0.996866
2307	0.996569
2308	0.996258
2309	0.995934
2310	0.995599
2311	0.995252
2312	0.994895
2313	0.994528
2314	0.994153
2315	0.993770
2316	0.993381
2317	0.992986
2318	0.992588
2319	0.992186
2320	0.991783
2321	0.991379
2322	0.990976
2323	0.990576
2324	0.990180
2325	0.989790
2326	0.989407
2327	0.989032
2328	0.988669
2329	0.988318
2330	0.987981
2331	0.987661
2332	0.987359
2333	0.987077
2334	0.986817
2335	0.986582
2336	0.986374
2337	0.986194
2338	0.986046
2339	0.985932
2340	0.985853
2341	0.985813
2342	0.985815
2343	0.985859
2344	0.985951
2345	0.986091
2346	0.986283
2347	0.986530
2348	0.986834
2349	0.987199
2350	0.987627
2351	0.988122
2352	0.988695
2353	0.989369
2354	0.990140
2355	0.990980
2356	0.991853
2357	0.992729
2358	0.993591
2359	0.994435
2360	0.995262
2361	0.996080
2362	0.996898
2363	0.997732
2364	0.998606
2365	0.999546
2366	1.000569
2367	1.001677
2368	1.002853
2369	1.004069
2370	1.005309
2371	1.006582
2372	1.007896
2373	1.009250
2374	1.010645
2375	1.012079
2376	1.013554
2377	1.015069
2378	1.016625
2379	1.018220
2380	1.019856
2381	1.021532
2382	1.023249
2383	1.025005
2384	1.026802
2385	1.028639
2386	1.030517
2387	1.032434
2388	1.034392
2389	1.036390
2390	1.038429
2391	1.040508
2392	1.042626
2393	1.044786
2394	1.046985
2395	1.049225
2396	1.051505
2397	1.053825
2398	1.056185
2399	1.058586
2400	1.061027
2401	1.063508
2402	1.066029
2403	1.068591
2404	1.071193
2405	1.073835
2406	1.076518
2407	1.079240
2408	1.082003
2409	1.084806
2410	1.087650
2411	1.090534
2412	1.093457
2413	1.096422
2414	1.099426
2415	1.102471
2416	1.105556
2417	1.108681
2418	1.111846
2419	1.115052
2420	1.118298
2421	1.121584
2422	1.124911
2423	1.128278
2424	1.131685
2425	1.135132
2426	1.138619
2427	1.142147
2428	1.145715
2429	1.149323
2430	1.152972
2431	1.156660
2432	1.160389
2433	1.164159
2434	1.167968
2435	1.171818
2436	1.175708
2437	1.179638
2438	1.183609
2439	1.187619
2440	1.191671
2441	1.195762
2442	1.199893
2443	1.204065
2444	1.208277
2445	1.212529
2446	1.216822
2447	1.221155
2448	1.225528
2449	1.229941
2450	1.234395
2451	1.238888
2452	1.243422
2453	1.247997
2454	1.252611
2455	1.257266
2456	1.261961
2457	1.266696
2458	1.271472
2459	1.276288
2460	1.281144
2461	1.286040
2462	1.290977
2463	1.295954
2464	1.300971
2465	1.306028
2466	1.311126
2467	1.316263
2468	1.321441
2469	1.326660
2470	1.331918
2471	1.337217
2472	1.342556
2473	1.347936
2474	1.353355
2475	1.358815
2476	1.364315
2477	1.369856
2478	1.375436
2479	1.381057
2480	1.386718
2481	1.392419
2482	1.398161
2483	1.403943
2484	1.409765
2485	1.415627
2486	1.421530
2487	1.427473
2488	1.433456
2489	1.439479
2490	1.445543
2491	1.451647
2492	1.457791
2493	1.463975
2494	1.470200
2495	1.476465
2496	1.482770
2497	1.489116
2498	1.495501
2499	1.501927
2500	1.508393
