350	0.039356
351	0.039501
352	0.039650
353	0.039802
354	0.039957
355	0.040115
356	0.040275
357	0.040437
358	0.040603
359	0.040773
360	0.040948
361	0.041114
362	0.041270
363	0.041417
364	0.041558
365	0.041698
366	0.041847
367	0.042014
368	0.042203
369	0.042419
370	0.042661
371	0.042925
372	0.043206
373	0.043499
374	0.043799
375	0.044103
376	0.044411
377	0.044727
378	0.045057
379	0.045403
380	0.045768
381	0.046150
382	0.046542
383	0.046938
384	0.047332
385	0.047719
386	0.048098
387	0.048473
388	0.048846
389	0.049225
390	0.049612
391	0.050010
392	0.050413
393	0.050816
394	0.051207
395	0.051576
396	0.051915
397	0.052222
398	0.052498
399	0.052753
400	0.052998
401	0.053245
402	0.053506
403	0.053789
404	0.054096
405	0.054426
406	0.054775
407	0.055135
408	0.055500
409	0.055864
410	0.056223
411	0.056577
412	0.056929
413	0.057281
414	0.057637
415	0.057999
416	0.058367
417	0.058741
418	0.059120
419	0.059502
420	0.059887
421	0.060275
422	0.060669
423	0.061071
424	0.061485
425	0.061911
426	0.062350
427	0.062800
428	0.063257
429	0.063716
430	0.064173
431	0.064622
432	0.065063
433	0.065495
434	0.065919
435	0.066338
436	0.066756
437	0.067174
438	0.067593
439	0.068012
440	0.068430
441	0.068845
442	0.069256
443	0.069661
444	0.070060
445	0.070453
446	0.070840
447	0.071224
448	0.071605
449	0.071986
450	0.072366
451	0.072746
452	0.073125
453	0.073500
454	0.073869
455	0.074230
456	0.074582
457	0.074922
458	0.075251
459	0.075566
460	0.075871
461	0.076167
462	0.076456
463	0.076741
464	0.077024
465	0.077306
466	0.077587
467	0.077867
468	0.078146
469	0.078422
470	0.078696
471	0.078967
472	0.079237
473	0.079504
474	0.079770
475	0.080036
476	0.080305
477	0.080578
478	0.080859
479	0.081150
480	0.081451
481	0.081766
482	0.082093
483	0.082435
484	0.082788
485	0.083152
486	0.083522
487	0.083896
488	0.084272
489	0.084650
490	0.085030
491	0.085414
492	0.085802
493	0.086195
494	0.086596
495	0.087007
496	0.087428
497	0.087862
498	0.088306
499	0.088761
500	0.089226
501	0.089699
502	0.090179
503	0.090667
504	0.091160
505	0.091659
506	0.092164
507	0.092678
508	0.093203
509	0.093742
510	0.094296
511	0.094868
512	0.095458
513	0.096064
514	0.096685
515	0.097317
516	0.097956
517	0.098600
518	0.099246
519	0.099893
520	0.100540
521	0.101188
522	0.101838
523	0.102490
524	0.103143
525	0.103798
526	0.104452
527	0.105101
528	0.105744
529	0.106379
530	0.107004
531	0.107622
532	0.108234
533	0.108842
534	0.109448
535	0.110056
536	0.110668
537	0.111285
538	0.111906
539	0.112530
540	0.113154
541	0.113775
542	0.114390
543	0.114999
544	0.115600
545	0.116191
546	0.116770
547	0.117335
548	0.117882
549	0.118409
550	0.118912
551	0.119392
552	0.119851
553	0.120295
554	0.120733
555	0.121176
556	0.121636
557	0.122118
558	0.122627
559	0.123158
560	0.123701
561	0.124242
562	0.124762
563	0.125246
564	0.125683
565	0.126069
566	0.126408
567	0.126709
568	0.126986
569	0.127253
570	0.127522
571	0.127805
572	0.128106
573	0.128429
574	0.128769
575	0.129124
576	0.129488
577	0.129859
578	0.130234
579	0.130616
580	0.131003
581	0.131399
582	0.131803
583	0.132218
584	0.132642
585	0.133075
586	0.133513
587	0.133948
588	0.134371
589	0.134774
590	0.135148
591	0.135486
592	0.135785
593	0.136046
594	0.136276
595	0.136485
596	0.136687
597	0.136898
598	0.137133
599	0.137401
600	0.137708
601	0.138050
602	0.138422
603	0.138810
604	0.139200
605	0.139577
606	0.139929
607	0.140248
608	0.140532
609	0.140783
610	0.141007
611	0.141213
612	0.141409
613	0.141603
614	0.141801
615	0.142005
616	0.142217
617	0.142437
618	0.142663
619	0.142893
620	0.143127
621	0.143365
622	0.143607
623	0.143853
624	0.144104
625	0.144360
626	0.144620
627	0.144883
628	0.145149
629	0.145417
630	0.145684
631	0.145950
632	0.146210
633	0.146462
634	0.146705
635	0.146935
636	0.147149
637	0.147346
638	0.147523
639	0.147680
640	0.147817
641	0.147937
642	0.148042
643	0.148137
644	0.148225
645	0.148310
646	0.148400
647	0.148499
648	0.148611
649	0.148742
650	0.148891
651	0.149058
652	0.149240
653	0.149435
654	0.149636
655	0.149837
656	0.150034
657	0.150219
658	0.150389
659	0.150543
660	0.150681
661	0.150808
662	0.150927
663	0.151043
664	0.151161
665	0.151285
666	0.151419
667	0.151565
668	0.151725
669	0.151900
670	0.152090
671	0.152295
672	0.152514
673	0.152747
674	0.152993
675	0.153249
676	0.153515
677	0.153788
678	0.154073
679	0.154375
680	0.154699
681	0.155056
682	0.155451
683	0.155892
684	0.156383
685	0.156927
686	0.157525
687	0.158177
688	0.158879
689	0.159632
690	0.160436
691	0.161297
692	0.162221
693	0.163216
694	0.164286
695	0.165435
696	0.166659
697	0.167955
698	0.169313
699	0.170725
700	0.172178
701	0.173661
702	0.175164
703	0.176679
704	0.178202
705	0.179729
706	0.181256
707	0.182775
708	0.184277
709	0.185751
710	0.187188
711	0.188583
712	0.189939
713	0.191259
714	0.192555
715	0.193840
716	0.195133
717	0.196450
718	0.197801
719	0.199187
720	0.200602
721	0.202031
722	0.203459
723	0.204875
724	0.206273
725	0.207651
726	0.209012
727	0.210357
728	0.211691
729	0.213018
730	0.214337
731	0.215644
732	0.216927
733	0.218174
734	0.219374
735	0.220517
736	0.221599
737	0.222620
738	0.223583
739	0.224490
740	0.225346
741	0.226152
742	0.226913
743	0.227632
744	0.228313
745	0.228962
746	0.229581
747	0.230174
748	0.230739
749	0.231274
750	0.231774
751	0.232239
752	0.232673
753	0.233080
754	0.233472
755	0.233863
756	0.234266
757	0.234697
758	0.235166
759	0.235672
760	0.236207
761	0.236749
762	0.237276
763	0.237764
764	0.238197
765	0.238568
766	0.238879
767	0.239139
768	0.239364
769	0.239570
770	0.239777
771	0.239998
772	0.240242
773	0.240511
774	0.240801
775	0.241105
776	0.241416
777	0.241728
778	0.242037
779	0.242337
780	0.242624
781	0.242897
782	0.243153
783	0.243396
784	0.243629
785	0.243858
786	0.244087
787	0.244323
788	0.244571
789	0.244834
790	0.245112
791	0.245402
792	0.245700
793	0.245998
794	0.246290
795	0.246572
796	0.246843
797	0.247105
798	0.247362
799	0.247620
800	0.247885
801	0.248159
802	0.248442
803	0.248730
804	0.249010
805	0.249267
806	0.249483
807	0.249642
808	0.249737
809	0.249770
810	0.249751
811	0.249699
812	0.249639
813	0.249598
814	0.249601
815	0.249667
816	0.249806
817	0.250016
818	0.250286
819	0.250596
820	0.250927
821	0.251261
822	0.251584
823	0.251891
824	0.252179
825	0.252449
826	0.252709
827	0.252965
828	0.253225
829	0.253495
830	0.253778
831	0.254075
832	0.254383
833	0.254697
834	0.255014
835	0.255331
836	0.255645
837	0.255953
838	0.256252
839	0.256542
840	0.256819
841	0.257083
842	0.257333
843	0.257569
844	0.257790
845	0.257996
846	0.258187
847	0.258367
848	0.258539
849	0.258708
850	0.258878
851	0.259052
852	0.259232
853	0.259419
854	0.259611
855	0.259808
856	0.260005
857	0.260201
858	0.260391
859	0.260576
860	0.260756
861	0.260933
862	0.261108
863	0.261282
864	0.261455
865	0.261628
866	0.261801
867	0.261976
868	0.262150
869	0.262322
870	0.262493
871	0.262663
872	0.262830
873	0.262996
874	0.263161
875	0.263324
876	0.263485
877	0.263645
878	0.263802
879	0.263957
880	0.264112
881	0.264268
882	0.264423
883	0.264578
884	0.264728
885	0.264867
886	0.264988
887	0.265081
888	0.265136
889	0.265145
890	0.265102
891	0.265010
892	0.264874
893	0.264711
894	0.264543
895	0.264396
896	0.264292
897	0.264251
898	0.264282
899	0.264383
900	0.264542
901	0.264740
902	0.264952
903	0.265152
904	0.265318
905	0.265436
906	0.265500
907	0.265516
908	0.265498
909	0.265469
910	0.265456
911	0.265480
912	0.265556
913	0.265724
914	0.266017
915	0.266432
916	0.266926
917	0.267425
918	0.267854
919	0.268146
920	0.268255
921	0.268161
922	0.267863
923	0.267381
924	0.266756
925	0.266047
926	0.265326
927	0.264657
928	0.264083
929	0.263602
930	0.263183
931	0.262811
932	0.262486
933	0.262205
934	0.261967
935	0.261771
936	0.261616
937	0.261501
938	0.261424
939	0.261383
940	0.261378
941	0.261408
942	0.261470
943	0.261564
944	0.261689
945	0.261842
946	0.262024
947	0.262232
948	0.262465
949	0.262722
950	0.263002
951	0.263303
952	0.263624
953	0.263963
954	0.264320
955	0.264694
956	0.265082
957	0.265484
958	0.265898
959	0.266323
960	0.266757
961	0.267200
962	0.267650
963	0.268106
964	0.268567
965	0.269030
966	0.269495
967	0.269961
968	0.270427
969	0.270890
970	0.271350
971	0.271805
972	0.272255
973	0.272697
974	0.273131
975	0.273555
976	0.273968
977	0.274369
978	0.274756
979	0.275128
980	0.275484
981	0.275823
982	0.276141
983	0.276434
984	0.276700
985	0.276944
986	0.277170
987	0.277385
988	0.277593
989	0.277800
990	0.278008
991	0.278218
992	0.278432
993	0.278650
994	0.278868
995	0.279082
996	0.279290
997	0.279488
998	0.279679
999	0.279866
1000	0.280052
1001	0.280236
1002	0.280419
1003	0.280600
1004	0.280779
1005	0.280958
1006	0.281135
1007	0.281312
1008	0.281488
1009	0.281664
1010	0.281840
1011	0.282017
1012	0.282193
1013	0.282370
1014	0.282548
1015	0.282726
1016	0.282905
1017	0.283085
1018	0.283267
1019	0.283449
1020	0.283633
1021	0.283818
1022	0.284004
1023	0.284191
1024	0.284380
1025	0.284571
1026	0.284762
1027	0.284955
1028	0.285150
1029	0.285345
1030	0.285542
1031	0.285740
1032	0.285938
1033	0.286136
1034	0.286337
1035	0.286540
1036	0.286746
1037	0.286955
1038	0.287165
1039	0.287374
1040	0.287583
1041	0.287788
1042	0.287991
1043	0.288190
1044	0.288384
1045	0.288573
1046	0.288759
1047	0.288943
1048	0.289125
1049	0.289306
1050	0.289486
1051	0.289663
1052	0.289838
1053	0.290010
1054	0.290180
1055	0.290346
1056	0.290510
1057	0.290670
1058	0.290826
1059	0.290979
1060	0.291128
1061	0.291274
1062	0.291415
1063	0.291551
1064	0.291683
1065	0.291811
1066	0.291934
1067	0.292051
1068	0.292164
1069	0.292271
1070	0.292373
1071	0.292469
1072	0.292559
1073	0.292643
1074	0.292721
1075	0.292793
1076	0.292858
1077	0.292917
1078	0.292968
1079	0.293013
1080	0.293050
1081	0.293080
1082	0.293103
1083	0.293117
1084	0.293124
1085	0.293123
1086	0.293114
1087	0.293096
1088	0.293070
1089	0.293034
1090	0.292991
1091	0.292937
1092	0.292876
1093	0.292809
1094	0.292735
1095	0.292648
1096	0.292543
1097	0.292417
1098	0.292267
1099	0.292095
1100	0.291906
1101	0.291706
1102	0.291503
1103	0.291306
1104	0.291117
1105	0.290938
1106	0.290758
1107	0.290562
1108	0.290324
1109	0.290017
1110	0.289618
1111	0.289110
1112	0.288485
1113	0.287740
1114	0.286883
1115	0.285931
1116	0.284910
1117	0.283850
1118	0.282784
1119	0.281746
1120	0.280771
1121	0.279891
1122	0.279134
1123	0.278525
1124	0.278082
1125	0.277814
1126	0.277721
1127	0.277792
1128	0.278007
1129	0.278339
1130	0.278757
1131	0.279228
1132	0.279721
1133	0.280205
1134	0.280651
1135	0.281035
1136	0.281339
1137	0.281552
1138	0.281670
1139	0.281694
1140	0.281630
1141	0.281490
1142	0.281289
1143	0.281049
1144	0.280792
1145	0.280543
1146	0.280326
1147	0.280162
1148	0.280070
1149	0.280065
1150	0.280156
1151	0.280351
1152	0.280648
1153	0.281042
1154	0.281520
1155	0.282068
1156	0.282664
1157	0.283288
1158	0.283919
1159	0.284540
1160	0.285136
1161	0.285701
1162	0.286230
1163	0.286724
1164	0.287184
1165	0.287615
1166	0.288018
1167	0.288398
1168	0.288758
1169	0.289099
1170	0.289421
1171	0.289722
1172	0.289999
1173	0.290252
1174	0.290480
1175	0.290679
1176	0.290848
1177	0.290985
1178	0.291086
1179	0.291156
1180	0.291199
1181	0.291226
1182	0.291247
1183	0.291274
1184	0.291316
1185	0.291383
1186	0.291479
1187	0.291606
1188	0.291763
1189	0.291944
1190	0.292142
1191	0.292349
1192	0.292556
1193	0.292758
1194	0.292951
1195	0.293132
1196	0.293302
1197	0.293460
1198	0.293610
1199	0.293756
1200	0.293904
1201	0.294058
1202	0.294222
1203	0.294399
1204	0.294586
1205	0.294780
1206	0.294975
1207	0.295166
1208	0.295350
1209	0.295526
1210	0.295699
1211	0.295874
1212	0.296058
1213	0.296259
1214	0.296482
1215	0.296726
1216	0.296987
1217	0.297257
1218	0.297526
1219	0.297785
1220	0.298030
1221	0.298259
1222	0.298478
1223	0.298694
1224	0.298916
1225	0.299152
1226	0.299407
1227	0.299682
1228	0.299973
1229	0.300274
1230	0.300574
1231	0.300867
1232	0.301146
1233	0.301409
1234	0.301653
1235	0.301879
1236	0.302090
1237	0.302286
1238	0.302473
1239	0.302653
1240	0.302831
1241	0.303008
1242	0.303187
1243	0.303369
1244	0.303556
1245	0.303750
1246	0.303949
1247	0.304153
1248	0.304357
1249	0.304558
1250	0.304753
1251	0.304940
1252	0.305118
1253	0.305285
1254	0.305440
1255	0.305583
1256	0.305712
1257	0.305830
1258	0.305936
1259	0.306034
1260	0.306123
1261	0.306207
1262	0.306287
1263	0.306364
1264	0.306441
1265	0.306517
1266	0.306591
1267	0.306662
1268	0.306731
1269	0.306796
1270	0.306859
1271	0.306922
1272	0.306987
1273	0.307055
1274	0.307129
1275	0.307208
1276	0.307289
1277	0.307371
1278	0.307451
1279	0.307526
1280	0.307595
1281	0.307658
1282	0.307714
1283	0.307763
1284	0.307806
1285	0.307840
1286	0.307864
1287	0.307875
1288	0.307870
1289	0.307848
1290	0.307811
1291	0.307761
1292	0.307702
1293	0.307638
1294	0.307570
1295	0.307497
1296	0.307414
1297	0.307315
1298	0.307193
1299	0.307043
1300	0.306866
1301	0.306664
1302	0.306445
1303	0.306218
1304	0.305992
1305	0.305777
1306	0.305572
1307	0.305371
1308	0.305165
1309	0.304949
1310	0.304716
1311	0.304465
1312	0.304195
1313	0.303908
1314	0.303609
1315	0.303300
1316	0.302985
1317	0.302668
1318	0.302345
1319	0.302013
1320	0.301666
1321	0.301300
1322	0.300913
1323	0.300508
1324	0.300088
1325	0.299652
1326	0.299202
1327	0.298738
1328	0.298260
1329	0.297769
1330	0.297265
1331	0.296748
1332	0.296219
1333	0.295679
1334	0.295128
1335	0.294566
1336	0.293994
1337	0.293412
1338	0.292821
1339	0.292221
1340	0.291613
1341	0.290997
1342	0.290373
1343	0.289743
1344	0.289105
1345	0.288462
1346	0.287813
1347	0.287158
1348	0.286499
1349	0.285836
1350	0.285168
1351	0.284497
1352	0.283824
1353	0.283147
1354	0.282469
1355	0.281789
1356	0.281108
1357	0.280426
1358	0.279743
1359	0.279061
1360	0.278380
1361	0.277699
1362	0.277020
1363	0.276344
1364	0.275669
1365	0.274998
1366	0.274332
1367	0.273672
1368	0.273016
1369	0.272361
1370	0.271705
1371	0.271047
1372	0.270385
1373	0.269719
1374	0.269050
1375	0.268377
1376	0.267701
1377	0.267025
1378	0.266349
1379	0.265676
1380	0.265006
1381	0.264338
1382	0.263670
1383	0.263001
1384	0.262331
1385	0.261662
1386	0.260992
1387	0.260323
1388	0.259653
1389	0.258984
1390	0.258314
1391	0.257625
1392	0.256883
1393	0.256137
1394	0.255473
1395	0.254950
1396	0.254569
1397	0.254280
1398	0.254009
1399	0.253680
1400	0.253236
1401	0.252642
1402	0.251868
1403	0.250893
1404	0.249724
1405	0.248405
1406	0.247023
1407	0.245690
1408	0.244497
1409	0.243468
1410	0.242545
1411	0.241702
1412	0.240935
1413	0.240241
1414	0.239620
1415	0.239068
1416	0.238583
1417	0.238162
1418	0.237804
1419	0.237506
1420	0.237265
1421	0.237080
1422	0.236947
1423	0.236866
1424	0.236832
1425	0.236845
1426	0.236901
1427	0.236999
1428	0.237135
1429	0.237308
1430	0.237515
1431	0.237754
1432	0.238023
1433	0.238319
1434	0.238640
1435	0.238983
1436	0.239347
1437	0.239729
1438	0.240126
1439	0.240536
1440	0.240957
1441	0.241387
1442	0.241823
1443	0.242262
1444	0.242704
1445	0.243144
1446	0.243581
1447	0.244013
1448	0.244437
1449	0.244851
1450	0.245252
1451	0.245638
1452	0.246018
1453	0.246411
1454	0.246805
1455	0.247155
1456	0.247411
1457	0.247535
1458	0.247503
1459	0.247309
1460	0.246964
1461	0.246488
1462	0.245915
1463	0.245295
1464	0.244692
1465	0.244173
1466	0.243799
1467	0.243609
1468	0.243610
1469	0.243788
1470	0.244128
1471	0.244628
1472	0.245267
1473	0.246003
1474	0.246791
1475	0.247589
1476	0.248354
1477	0.249057
1478	0.249682
1479	0.250230
1480	0.250718
1481	0.251175
1482	0.251638
1483	0.252138
1484	0.252706
1485	0.253356
1486	0.254096
1487	0.254917
1488	0.255802
1489	0.256725
1490	0.257658
1491	0.258576
1492	0.259455
1493	0.260281
1494	0.261044
1495	0.261740
1496	0.262375
1497	0.262959
1498	0.263505
1499	0.264023
1500	0.264525
1501	0.265020
1502	0.265513
1503	0.266008
1504	0.266506
1505	0.267003
1506	0.267494
1507	0.267972
1508	0.268432
1509	0.268873
1510	0.269299
1511	0.269719
1512	0.270139
1513	0.270568
1514	0.271010
1515	0.271467
1516	0.271936
1517	0.272417
1518	0.272903
1519	0.273387
1520	0.273864
1521	0.274328
1522	0.274774
1523	0.275202
1524	0.275610
1525	0.276000
1526	0.276375
1527	0.276736
1528	0.277087
1529	0.277432
1530	0.277774
1531	0.278118
1532	0.278464
1533	0.278814
1534	0.279167
1535	0.279521
1536	0.279873
1537	0.280221
1538	0.280560
1539	0.280888
1540	0.281203
1541	0.281504
1542	0.281792
1543	0.282066
1544	0.282330
1545	0.282586
1546	0.282841
1547	0.283102
1548	0.283376
1549	0.283669
1550	0.283983
1551	0.284319
1552	0.284672
1553	0.285040
1554	0.285417
1555	0.285798
1556	0.286178
1557	0.286553
1558	0.286921
1559	0.287280
1560	0.287625
1561	0.287954
1562	0.288260
1563	0.288537
1564	0.288779
1565	0.288985
1566	0.289158
1567	0.289304
1568	0.289437
1569	0.289569
1570	0.289716
1571	0.289891
1572	0.290102
1573	0.290354
1574	0.290643
1575	0.290963
1576	0.291303
1577	0.291651
1578	0.291993
1579	0.292322
1580	0.292628
1581	0.292908
1582	0.293160
1583	0.293386
1584	0.293589
1585	0.293775
1586	0.293951
1587	0.294126
1588	0.294307
1589	0.294500
1590	0.294709
1591	0.294933
1592	0.295170
1593	0.295417
1594	0.295668
1595	0.295917
1596	0.296156
1597	0.296379
1598	0.296585
1599	0.296773
1600	0.296950
1601	0.297124
1602	0.297303
1603	0.297496
1604	0.297705
1605	0.297934
1606	0.298181
1607	0.298439
1608	0.298702
1609	0.298959
1610	0.299200
1611	0.299419
1612	0.299614
1613	0.299790
1614	0.299957
1615	0.300128
1616	0.300315
1617	0.300527
1618	0.300769
1619	0.301038
1620	0.301328
1621	0.301624
1622	0.301910
1623	0.302169
1624	0.302388
1625	0.302560
1626	0.302683
1627	0.302764
1628	0.302816
1629	0.302852
1630	0.302886
1631	0.302931
1632	0.302995
1633	0.303083
1634	0.303195
1635	0.303330
1636	0.303483
1637	0.303653
1638	0.303835
1639	0.304028
1640	0.304228
1641	0.304430
1642	0.304626
1643	0.304810
1644	0.304974
1645	0.305113
1646	0.305225
1647	0.305311
1648	0.305376
1649	0.305427
1650	0.305473
1651	0.305522
1652	0.305582
1653	0.305656
1654	0.305744
1655	0.305843
1656	0.305949
1657	0.306057
1658	0.306164
1659	0.306265
1660	0.306360
1661	0.306443
1662	0.306513
1663	0.306567
1664	0.306603
1665	0.306625
1666	0.306636
1667	0.306643
1668	0.306651
1669	0.306663
1670	0.306682
1671	0.306708
1672	0.306740
1673	0.306779
1674	0.306820
1675	0.306860
1676	0.306894
1677	0.306921
1678	0.306940
1679	0.306952
1680	0.306957
1681	0.306953
1682	0.306938
1683	0.306908
1684	0.306867
1685	0.306820
1686	0.306775
1687	0.306739
1688	0.306719
1689	0.306714
1690	0.306725
1691	0.306748
1692	0.306779
1693	0.306811
1694	0.306836
1695	0.306848
1696	0.306841
1697	0.306814
1698	0.306769
1699	0.306709
1700	0.306636
1701	0.306549
1702	0.306449
1703	0.306335
1704	0.306212
1705	0.306086
1706	0.305961
1707	0.305844
1708	0.305736
1709	0.305636
1710	0.305544
1711	0.305458
1712	0.305375
1713	0.305289
1714	0.305193
1715	0.305083
1716	0.304953
1717	0.304804
1718	0.304639
1719	0.304460
1720	0.304272
1721	0.304079
1722	0.303885
1723	0.303695
1724	0.303517
1725	0.303355
1726	0.303212
1727	0.303085
1728	0.302968
1729	0.302853
1730	0.302730
1731	0.302592
1732	0.302433
1733	0.302250
1734	0.302051
1735	0.301848
1736	0.301661
1737	0.301510
1738	0.301410
1739	0.301368
1740	0.301380
1741	0.301433
1742	0.301501
1743	0.301553
1744	0.301554
1745	0.301478
1746	0.301306
1747	0.301043
1748	0.300703
1749	0.300316
1750	0.299915
1751	0.299532
1752	0.299195
1753	0.298924
1754	0.298726
1755	0.298601
1756	0.298532
1757	0.298497
1758	0.298472
1759	0.298433
1760	0.298361
1761	0.298245
1762	0.298078
1763	0.297860
1764	0.297591
1765	0.297275
1766	0.296914
1767	0.296511
1768	0.296067
1769	0.295591
1770	0.295090
1771	0.294579
1772	0.294073
1773	0.293595
1774	0.293164
1775	0.292794
1776	0.292490
1777	0.292246
1778	0.292049
1779	0.291880
1780	0.291721
1781	0.291553
1782	0.291366
1783	0.291154
1784	0.290917
1785	0.290663
1786	0.290400
1787	0.290137
1788	0.289878
1789	0.289623
1790	0.289369
1791	0.289115
1792	0.288861
1793	0.288607
1794	0.288353
1795	0.288099
1796	0.287845
1797	0.287591
1798	0.287337
1799	0.287083
1800	0.286829
1801	0.286575
1802	0.286321
1803	0.286067
1804	0.285813
1805	0.285559
1806	0.285306
1807	0.285052
1808	0.284798
1809	0.284544
1810	0.284290
1811	0.284036
1812	0.283782
1813	0.283528
1814	0.283274
1815	0.283020
1816	0.282766
1817	0.282512
1818	0.282258
1819	0.282004
1820	0.281750
1821	0.281496
1822	0.281242
1823	0.280988
1824	0.280735
1825	0.280481
1826	0.280227
1827	0.279973
1828	0.279719
1829	0.279465
1830	0.279211
1831	0.278957
1832	0.278703
1833	0.278449
1834	0.278195
1835	0.277941
1836	0.277687
1837	0.277433
1838	0.277179
1839	0.276925
1840	0.276671
1841	0.276418
1842	0.276164
1843	0.275910
1844	0.275656
1845	0.275402
1846	0.275148
1847	0.274894
1848	0.274640
1849	0.274386
1850	0.274132
1851	0.273878
1852	0.273624
1853	0.273370
1854	0.273116
1855	0.272862
1856	0.272608
1857	0.272354
1858	0.272101
1859	0.271847
1860	0.271593
1861	0.271339
1862	0.271085
1863	0.270831
1864	0.270577
1865	0.270323
1866	0.270069
1867	0.269815
1868	0.269561
1869	0.269307
1870	0.269053
1871	0.268799
1872	0.268545
1873	0.268291
1874	0.268037
1875	0.267784
1876	0.267530
1877	0.267276
1878	0.267022
1879	0.266768
1880	0.266514
1881	0.266260
1882	0.266006
1883	0.265752
1884	0.265498
1885	0.265244
1886	0.264990
1887	0.264736
1888	0.264482
1889	0.264228
1890	0.263974
1891	0.263720
1892	0.263466
1893	0.263213
1894	0.262959
1895	0.262705
1896	0.262451
1897	0.262197
1898	0.261943
1899	0.261689
1900	0.261435
1901	0.261181
1902	0.260927
1903	0.260673
1904	0.260419
1905	0.260165
1906	0.259911
1907	0.259657
1908	0.259403
1909	0.259149
1910	0.258896
1911	0.258642
1912	0.258388
1913	0.258134
1914	0.257880
1915	0.257626
1916	0.257372
1917	0.257118
1918	0.256864
1919	0.256610
1920	0.256356
1921	0.256102
1922	0.255848
1923	0.255594
1924	0.255340
1925	0.255086
1926	0.254832
1927	0.254579
1928	0.254325
1929	0.254071
1930	0.253817
1931	0.253563
1932	0.253309
1933	0.253055
1934	0.252801
1935	0.252547
1936	0.252293
1937	0.252039
1938	0.251785
1939	0.251531
1940	0.251277
1941	0.251016
1942	0.250737
1943	0.250458
1944	0.250210
1945	0.250012
1946	0.249862
1947	0.249738
1948	0.249611
1949	0.249454
1950	0.249248
1951	0.248981
1952	0.248646
1953	0.248241
1954	0.247774
1955	0.247265
1956	0.246749
1957	0.246270
1958	0.245862
1959	0.245530
1960	0.245252
1961	0.245018
1962	0.244826
1963	0.244675
1964	0.244563
1965	0.244489
1966	0.244452
1967	0.244450
1968	0.244483
1969	0.244548
1970	0.244645
1971	0.244772
1972	0.244928
1973	0.245111
1974	0.245321
1975	0.245556
1976	0.245814
1977	0.246094
1978	0.246396
1979	0.246717
1980	0.247057
1981	0.247414
1982	0.247786
1983	0.248173
1984	0.248573
1985	0.248985
1986	0.249407
1987	0.249839
1988	0.250278
1989	0.250724
1990	0.251175
1991	0.251630
1992	0.252088
1993	0.252547
1994	0.253006
1995	0.253464
1996	0.253919
1997	0.254370
1998	0.254816
1999	0.255255
2000	0.255687
2001	0.256109
2002	0.256519
2003	0.256909
2004	0.257281
2005	0.257641
2006	0.257998
2007	0.258360
2008	0.258728
2009	0.259100
2010	0.259472
2011	0.259843
2012	0.260215
2013	0.260597
2014	0.261001
2015	0.261443
2016	0.261937
2017	0.262495
2018	0.263122
2019	0.263812
2020	0.264542
2021	0.265275
2022	0.265976
2023	0.266618
2024	0.267188
2025	0.267684
2026	0.268112
2027	0.268486
2028	0.268818
2029	0.269115
2030	0.269377
2031	0.269595
2032	0.269757
2033	0.269850
2034	0.269870
2035	0.269823
2036	0.269728
2037	0.269614
2038	0.269512
2039	0.269449
2040	0.269443
2041	0.269501
2042	0.269619
2043	0.269785
2044	0.269983
2045	0.270193
2046	0.270397
2047	0.270581
2048	0.270737
2049	0.270861
2050	0.270957
2051	0.271031
2052	0.271092
2053	0.271147
2054	0.271197
2055	0.271239
2056	0.271277
2057	0.271323
2058	0.271391
2059	0.271498
2060	0.271652
2061	0.271859
2062	0.272117
2063	0.272419
2064	0.272759
2065	0.273122
2066	0.273493
2067	0.273853
2068	0.274189
2069	0.274493
2070	0.274767
2071	0.275020
2072	0.275258
2073	0.275481
2074	0.275690
2075	0.275888
2076	0.276074
2077	0.276251
2078	0.276420
2079	0.276581
2080	0.276736
2081	0.276886
2082	0.277031
2083	0.277173
2084	0.277313
2085	0.277451
2086	0.277588
2087	0.277725
2088	0.277863
2089	0.278002
2090	0.278143
2091	0.278287
2092	0.278434
2093	0.278585
2094	0.278739
2095	0.278899
2096	0.279063
2097	0.279233
2098	0.279408
2099	0.279589
2100	0.279776
2101	0.279970
2102	0.280169
2103	0.280376
2104	0.280589
2105	0.280808
2106	0.281034
2107	0.281266
2108	0.281505
2109	0.281749
2110	0.282000
2111	0.282256
2112	0.282518
2113	0.282785
2114	0.283056
2115	0.283332
2116	0.283611
2117	0.283894
2118	0.284180
2119	0.284467
2120	0.284757
2121	0.285047
2122	0.285337
2123	0.285627
2124	0.285915
2125	0.286201
2126	0.286484
2127	0.286763
2128	0.287036
2129	0.287304
2130	0.287565
2131	0.287817
2132	0.288060
2133	0.288293
2134	0.288514
2135	0.288722
2136	0.288915
2137	0.289093
2138	0.289254
2139	0.289396
2140	0.289519
2141	0.289620
2142	0.289698
2143	0.289751
2144	0.289778
2145	0.289777
2146	0.289747
2147	0.289685
2148	0.289589
2149	0.289459
2150	0.289291
2151	0.289085
2152	0.288830
2153	0.288511
2154	0.288126
2155	0.287695
2156	0.287250
2157	0.286821
2158	0.286433
2159	0.286101
2160	0.285830
2161	0.285620
2162	0.285464
2163	0.285350
2164	0.285254
2165	0.285149
2166	0.285013
2167	0.284834
2168	0.284618
2169	0.284382
2170	0.284143
2171	0.283898
2172	0.283644
2173	0.283383
2174	0.283116
2175	0.282843
2176	0.282566
2177	0.282286
2178	0.282003
2179	0.281719
2180	0.281434
2181	0.281149
2182	0.280865
2183	0.280583
2184	0.280303
2185	0.280026
2186	0.279753
2187	0.279484
2188	0.279220
2189	0.278961
2190	0.278708
2191	0.278461
2192	0.278221
2193	0.277988
2194	0.277762
2195	0.277544
2196	0.277334
2197	0.277131
2198	0.276937
2199	0.276752
2200	0.276575
2201	0.276407
2202	0.276247
2203	0.276096
2204	0.275953
2205	0.275819
2206	0.275694
2207	0.275576
2208	0.275467
2209	0.275365
2210	0.275271
2211	0.275185
2212	0.275105
2213	0.275032
2214	0.274964
2215	0.274903
2216	0.274846
2217	0.274795
2218	0.274747
2219	0.274703
2220	0.274661
2221	0.274622
2222	0.274585
2223	0.274547
2224	0.274510
2225	0.274472
2226	0.274432
2227	0.274390
2228	0.274344
2229	0.274293
2230	0.274237
2231	0.274174
2232	0.274103
2233	0.274023
2234	0.273934
2235	0.273833
2236	0.273719
2237	0.273592
2238	0.273450
2239	0.273292
2240	0.273115
2241	0.272920
2242	0.272704
2243	0.272465
2244	0.272203
2245	0.271916
2246	0.271602
2247	0.271260
2248	0.270887
2249	0.270482
2250	0.270044
2251	0.269570
2252	0.269077
2253	0.268582
2254	0.268012
2255	0.267277
2256	0.266352
2257	0.265300
2258	0.264245
2259	0.263328
2260	0.262670
2261	0.262346
2262	0.262389
2263	0.262807
2264	0.263576
2265	0.264624
2266	0.265831
2267	0.267040
2268	0.268092
2269	0.268885
2270	0.269422
2271	0.269792
2272	0.270038
2273	0.270169
2274	0.270196
2275	0.270128
2276	0.269972
2277	0.269739
2278	0.269435
2279	0.269070
2280	0.268650
2281	0.268184
2282	0.267678
2283	0.267140
2284	0.266576
2285	0.265992
2286	0.265395
2287	0.264791
2288	0.264185
2289	0.263581
2290	0.262987
2291	0.262405
2292	0.261841
2293	0.261298
2294	0.260782
2295	0.260294
2296	0.259839
2297	0.259420
2298	0.259040
2299	0.258700
2300	0.258405
2301	0.258154
2302	0.257951
2303	0.257796
2304	0.257691
2305	0.257636
2306	0.257633
2307	0.257682
2308	0.257782
2309	0.257934
2310	0.258137
2311	0.258390
2312	0.258692
2313	0.259043
2314	0.259440
2315	0.259882
2316	0.260366
2317	0.260890
2318	0.261452
2319	0.262049
2320	0.262677
2321	0.263333
2322	0.264012
2323	0.264712
2324	0.265428
2325	0.266155
2326	0.266889
2327	0.267623
2328	0.268354
2329	0.269075
2330	0.269780
2331	0.270463
2332	0.271118
2333	0.271737
2334	0.272314
2335	0.272842
2336	0.273312
2337	0.273718
2338	0.274050
2339	0.274301
2340	0.274461
2341	0.274523
2342	0.274475
2343	0.274310
2344	0.274018
2345	0.273587
2346	0.273008
2347	0.272271
2348	0.271364
2349	0.270277
2350	0.268997
2351	0.267514
2352	0.265782
2353	0.263719
2354	0.261338
2355	0.258741
2356	0.256060
2357	0.253406
2358	0.250841
2359	0.248386
2360	0.246031
2361	0.243751
2362	0.241514
2363	0.239260
2364	0.236900
2365	0.234341
2366	0.231516
2367	0.228418
2368	0.225111
2369	0.221697
2370	0.218236
2371	0.214692
2372	0.211041
2373	0.207282
2374	0.203416
2375	0.199442
2376	0.195361
2377	0.191173
2378	0.186877
2379	0.182474
2380	0.177964
2381	0.173346
2382	0.168621
2383	0.163788
2384	0.158848
2385	0.153801
2386	0.148646
2387	0.143384
2388	0.138015
2389	0.132538
2390	0.126954
2391	0.121263
2392	0.115464
2393	0.109557
2394	0.103544
2395	0.097423
2396	0.091194
2397	0.084859
2398	0.078415
2399	0.071865
2400	0.065207
2401	0.058442
2402	0.051569
2403	0.044589
2404	0.037502
2405	0.030307
2406	0.023005
2407	0.015596
2408	0.008079
2409	0.000454
2410	-0.007277
2411	-0.015116
2412	-0.023062
2413	-0.031116
2414	-0.039277
2415	-0.047546
2416	-0.055922
2417	-0.064405
2418	-0.072995
2419	-0.081693
2420	-0.090499
2421	-0.099411
2422	-0.108431
2423	-0.117559
2424	-0.126794
2425	-0.136136
2426	-0.145585
2427	-0.155142
2428	-0.164807
2429	-0.174578
2430	-0.184457
2431	-0.194444
2432	-0.204538
2433	-0.214739
2434	-0.225047
2435	-0.235463
2436	-0.245987
2437	-0.256617
2438	-0.267355
2439	-0.278201
2440	-0.289153
2441	-0.300214
2442	-0.311381
2443	-0.322656
2444	-0.334038
2445	-0.345528
2446	-0.357125
2447	-0.368829
2448	-0.380641
2449	-0.392560
2450	-0.404587
2451	-0.416721
2452	-0.428962
2453	-0.441310
2454	-0.453766
2455	-0.466330
2456	-0.479001
2457	-0.491779
2458	-0.504664
2459	-0.517657
2460	-0.530757
2461	-0.543965
2462	-0.557280
2463	-0.570702
2464	-0.584232
2465	-0.597869
2466	-0.611614
2467	-0.625465
2468	-0.639425
2469	-0.653491
2470	-0.667665
2471	-0.681946
2472	-0.696335
2473	-0.710831
2474	-0.725435
2475	-0.740146
2476	-0.754964
2477	-0.769889
2478	-0.784922
2479	-0.800063
2480	-0.815310
2481	-0.830665
2482	-0.846128
2483	-0.861698
2484	-0.877375
2485	-0.893159
2486	-0.909051
2487	-0.925051
2488	-0.941157
2489	-0.957371
2490	-0.973693
2491	-0.990121
2492	-1.006658
2493	-1.023301
2494	-1.040052
2495	-1.056910
2496	-1.073876
2497	-1.090949
2498	-1.108129
2499	-1.125417
2500	-1.142812
