350	0.781581
351	0.780753
352	0.780081
353	0.779565
354	0.779207
355	0.779009
356	0.778972
357	0.779093
358	0.779373
359	0.779809
360	0.780417
361	0.781362
362	0.782491
363	0.783716
364	0.784929
365	0.786010
366	0.786847
367	0.787363
368	0.787539
369	0.787421
370	0.787113
371	0.786741
372	0.786424
373	0.786238
374	0.786201
375	0.786271
376	0.786362
377	0.786372
378	0.786214
379	0.785847
380	0.785284
381	0.784603
382	0.783917
383	0.783352
384	0.782996
385	0.782876
386	0.782939
387	0.783073
388	0.783136
389	0.783005
390	0.782613
391	0.781973
392	0.781182
393	0.780401
394	0.779814
395	0.779577
396	0.779784
397	0.780429
398	0.781413
399	0.782564
400	0.783680
401	0.784581
402	0.785140
403	0.785312
404	0.785132
405	0.784699
406	0.784149
407	0.783614
408	0.783198
409	0.782959
410	0.782900
411	0.782986
412	0.783159
413	0.783359
414	0.783544
415	0.783697
416	0.783824
417	0.783946
418	0.784089
419	0.784263
420	0.784459
421	0.784647
422	0.784785
423	0.784832
424	0.784762
425	0.784575
426	0.784302
427	0.783996
428	0.783730
429	0.783570
430	0.783568
431	0.783745
432	0.784090
433	0.784557
434	0.785084
435	0.785601
436	0.786056
437	0.786418
438	0.786684
439	0.786875
440	0.787024
441	0.787166
442	0.787329
443	0.787527
444	0.787763
445	0.788028
446	0.788307
447	0.788577
448	0.788816
449	0.789006
450	0.789137
451	0.789212
452	0.789244
453	0.789252
454	0.789254
455	0.789265
456	0.789291
457	0.789335
458	0.789394
459	0.789463
460	0.789529
461	0.789578
462	0.789596
463	0.789577
464	0.789523
465	0.789447
466	0.789363
467	0.789287
468	0.789224
469	0.789176
470	0.789141
471	0.789120
472	0.789115
473	0.789135
474	0.789184
475	0.789261
476	0.789360
477	0.789465
478	0.789560
479	0.789625
480	0.789645
481	0.789605
482	0.789501
483	0.789338
484	0.789139
485	0.788938
486	0.788775
487	0.788677
488	0.788658
489	0.788710
490	0.788813
491	0.788940
492	0.789068
493	0.789174
494	0.789242
495	0.789261
496	0.789228
497	0.789154
498	0.789054
499	0.788949
500	0.788857
501	0.788788
502	0.788746
503	0.788733
504	0.788749
505	0.788793
506	0.788859
507	0.788936
508	0.789008
509	0.789061
510	0.789081
511	0.789061
512	0.789000
513	0.788906
514	0.788796
515	0.788687
516	0.788600
517	0.788548
518	0.788541
519	0.788578
520	0.788650
521	0.788741
522	0.788836
523	0.788918
524	0.788979
525	0.789015
526	0.789034
527	0.789049
528	0.789070
529	0.789102
530	0.789141
531	0.789179
532	0.789208
533	0.789218
534	0.789202
535	0.789156
536	0.789079
537	0.788978
538	0.788865
539	0.788758
540	0.788674
541	0.788624
542	0.788613
543	0.788640
544	0.788700
545	0.788793
546	0.788919
547	0.789076
548	0.789261
549	0.789464
550	0.789674
551	0.789874
552	0.790047
553	0.790172
554	0.790228
555	0.790201
556	0.790088
557	0.789903
558	0.789673
559	0.789436
560	0.789229
561	0.789082
562	0.789016
563	0.789037
564	0.789140
565	0.789312
566	0.789534
567	0.789786
568	0.790054
569	0.790333
570	0.790628
571	0.790948
572	0.791299
573	0.791679
574	0.792076
575	0.792476
576	0.792859
577	0.793211
578	0.793520
579	0.793782
580	0.793997
581	0.794170
582	0.794306
583	0.794406
584	0.794466
585	0.794469
586	0.794397
587	0.794233
588	0.793971
589	0.793621
590	0.793210
591	0.792778
592	0.792376
593	0.792058
594	0.791872
595	0.791851
596	0.792005
597	0.792320
598	0.792760
599	0.793278
600	0.793821
601	0.794340
602	0.794795
603	0.795154
604	0.795396
605	0.795513
606	0.795506
607	0.795385
608	0.795167
609	0.794875
610	0.794538
611	0.794182
612	0.793837
613	0.793529
614	0.793277
615	0.793094
616	0.792981
617	0.792930
618	0.792927
619	0.792956
620	0.792999
621	0.793043
622	0.793081
623	0.793109
624	0.793129
625	0.793142
626	0.793152
627	0.793160
628	0.793167
629	0.793174
630	0.793183
631	0.793193
632	0.793204
633	0.793217
634	0.793231
635	0.793246
636	0.793262
637	0.793279
638	0.793295
639	0.793308
640	0.793313
641	0.793310
642	0.793296
643	0.793274
644	0.793245
645	0.793213
646	0.793180
647	0.793146
648	0.793114
649	0.793084
650	0.793057
651	0.793031
652	0.793005
653	0.792976
654	0.792945
655	0.792912
656	0.792881
657	0.792856
658	0.792837
659	0.792827
660	0.792824
661	0.792826
662	0.792832
663	0.792841
664	0.792850
665	0.792858
666	0.792861
667	0.792858
668	0.792849
669	0.792835
670	0.792817
671	0.792796
672	0.792773
673	0.792751
674	0.792734
675	0.792726
676	0.792730
677	0.792747
678	0.792773
679	0.792806
680	0.792837
681	0.792863
682	0.792877
683	0.792875
684	0.792858
685	0.792827
686	0.792791
687	0.792760
688	0.792745
689	0.792754
690	0.792791
691	0.792855
692	0.792940
693	0.793042
694	0.793152
695	0.793264
696	0.793374
697	0.793479
698	0.793579
699	0.793679
700	0.793784
701	0.793902
702	0.794035
703	0.794183
704	0.794346
705	0.794524
706	0.794714
707	0.794913
708	0.795115
709	0.795311
710	0.795494
711	0.795660
712	0.795807
713	0.795939
714	0.796060
715	0.796178
716	0.796300
717	0.796439
718	0.796604
719	0.796802
720	0.797031
721	0.797282
722	0.797543
723	0.797806
724	0.798069
725	0.798331
726	0.798598
727	0.798871
728	0.799156
729	0.799457
730	0.799777
731	0.800117
732	0.800472
733	0.800833
734	0.801187
735	0.801527
736	0.801849
737	0.802152
738	0.802441
739	0.802718
740	0.802984
741	0.803241
742	0.803489
743	0.803727
744	0.803949
745	0.804154
746	0.804353
747	0.804563
748	0.804802
749	0.805078
750	0.805381
751	0.805685
752	0.805954
753	0.806148
754	0.806233
755	0.806184
756	0.805996
757	0.805688
758	0.805309
759	0.804939
760	0.804669
761	0.804576
762	0.804697
763	0.805024
764	0.805514
765	0.806100
766	0.806713
767	0.807284
768	0.807760
769	0.808108
770	0.808323
771	0.808422
772	0.808444
773	0.808429
774	0.808413
775	0.808415
776	0.808440
777	0.808484
778	0.808543
779	0.808614
780	0.808692
781	0.808774
782	0.808857
783	0.808940
784	0.809021
785	0.809098
786	0.809170
787	0.809237
788	0.809300
789	0.809362
790	0.809429
791	0.809502
792	0.809582
793	0.809668
794	0.809758
795	0.809848
796	0.809936
797	0.810018
798	0.810095
799	0.810166
800	0.810237
801	0.810312
802	0.810400
803	0.810500
804	0.810611
805	0.810719
806	0.810809
807	0.810866
808	0.810879
809	0.810851
810	0.810788
811	0.810701
812	0.810604
813	0.810516
814	0.810457
815	0.810447
816	0.810497
817	0.810607
818	0.810762
819	0.810942
820	0.811126
821	0.811302
822	0.811465
823	0.811610
824	0.811729
825	0.811817
826	0.811871
827	0.811901
828	0.811924
829	0.811954
830	0.812002
831	0.812070
832	0.812156
833	0.812258
834	0.812375
835	0.812501
836	0.812631
837	0.812752
838	0.812856
839	0.812939
840	0.813007
841	0.813066
842	0.813123
843	0.813174
844	0.813211
845	0.813229
846	0.813222
847	0.813194
848	0.813152
849	0.813108
850	0.813072
851	0.813061
852	0.813092
853	0.813178
854	0.813322
855	0.813509
856	0.813711
857	0.813893
858	0.814029
859	0.814105
860	0.814127
861	0.814106
862	0.814064
863	0.814023
864	0.814011
865	0.814048
866	0.814148
867	0.814308
868	0.814505
869	0.814709
870	0.814891
871	0.815033
872	0.815134
873	0.815202
874	0.815249
875	0.815290
876	0.815334
877	0.815388
878	0.815457
879	0.815545
880	0.815651
881	0.815773
882	0.815911
883	0.816069
884	0.816250
885	0.816458
886	0.816685
887	0.816906
888	0.817083
889	0.817172
890	0.817135
891	0.816956
892	0.816650
893	0.816266
894	0.815876
895	0.815567
896	0.815416
897	0.815479
898	0.815770
899	0.816261
900	0.816886
901	0.817547
902	0.818144
903	0.818586
904	0.818818
905	0.818826
906	0.818642
907	0.818333
908	0.817984
909	0.817678
910	0.817481
911	0.817430
912	0.817535
913	0.817817
914	0.818283
915	0.818900
916	0.819597
917	0.820284
918	0.820876
919	0.821308
920	0.821545
921	0.821578
922	0.821412
923	0.821069
924	0.820589
925	0.820029
926	0.819462
927	0.818953
928	0.818542
929	0.818228
930	0.817978
931	0.817777
932	0.817622
933	0.817513
934	0.817447
935	0.817422
936	0.817436
937	0.817488
938	0.817575
939	0.817696
940	0.817848
941	0.818030
942	0.818240
943	0.818475
944	0.818735
945	0.819016
946	0.819318
947	0.819637
948	0.819974
949	0.820324
950	0.820687
951	0.821060
952	0.821442
953	0.821831
954	0.822225
955	0.822621
956	0.823019
957	0.823415
958	0.823809
959	0.824198
960	0.824580
961	0.824953
962	0.825316
963	0.825667
964	0.826003
965	0.826323
966	0.826624
967	0.826906
968	0.827165
969	0.827401
970	0.827611
971	0.827793
972	0.827945
973	0.828066
974	0.828153
975	0.828205
976	0.828219
977	0.828194
978	0.828128
979	0.828019
980	0.827865
981	0.827664
982	0.827412
983	0.827103
984	0.826733
985	0.826304
986	0.825823
987	0.825301
988	0.824752
989	0.824186
990	0.823614
991	0.823044
992	0.822486
993	0.821941
994	0.821411
995	0.820893
996	0.820380
997	0.819870
998	0.819361
999	0.818858
1000	0.818365
1001	0.817884
1002	0.817416
1003	0.816963
1004	0.816525
1005	0.816105
1006	0.815702
1007	0.815319
1008	0.814956
1009	0.814613
1010	0.814293
1011	0.813995
1012	0.813720
1013	0.813468
1014	0.813241
1015	0.813038
1016	0.812860
1017	0.812706
1018	0.812578
1019	0.812475
1020	0.812396
1021	0.812343
1022	0.812314
1023	0.812309
1024	0.812328
1025	0.812371
1026	0.812436
1027	0.812524
1028	0.812633
1029	0.812762
1030	0.812911
1031	0.813083
1032	0.813281
1033	0.813495
1034	0.813705
1035	0.813903
1036	0.814091
1037	0.814282
1038	0.814491
1039	0.814730
1040	0.815007
1041	0.815322
1042	0.815673
1043	0.816056
1044	0.816459
1045	0.816867
1046	0.817256
1047	0.817600
1048	0.817882
1049	0.818100
1050	0.818269
1051	0.818397
1052	0.818485
1053	0.818535
1054	0.818549
1055	0.818528
1056	0.818475
1057	0.818389
1058	0.818275
1059	0.818132
1060	0.817963
1061	0.817769
1062	0.817552
1063	0.817314
1064	0.817056
1065	0.816781
1066	0.816489
1067	0.816182
1068	0.815863
1069	0.815532
1070	0.815192
1071	0.814844
1072	0.814489
1073	0.814130
1074	0.813768
1075	0.813405
1076	0.813043
1077	0.812682
1078	0.812325
1079	0.811974
1080	0.811629
1081	0.811294
1082	0.810969
1083	0.810656
1084	0.810357
1085	0.810074
1086	0.809807
1087	0.809560
1088	0.809333
1089	0.809128
1090	0.808947
1091	0.808791
1092	0.808667
1093	0.808583
1094	0.808541
1095	0.808530
1096	0.808531
1097	0.808529
1098	0.808512
1099	0.808478
1100	0.808430
1101	0.808371
1102	0.808307
1103	0.808245
1104	0.808188
1105	0.808138
1106	0.808085
1107	0.808007
1108	0.807871
1109	0.807645
1110	0.807311
1111	0.806878
1112	0.806375
1113	0.805843
1114	0.805336
1115	0.804915
1116	0.804642
1117	0.804568
1118	0.804729
1119	0.805138
1120	0.805778
1121	0.806612
1122	0.807578
1123	0.808602
1124	0.809608
1125	0.810526
1126	0.811303
1127	0.811913
1128	0.812355
1129	0.812654
1130	0.812847
1131	0.812979
1132	0.813084
1133	0.813182
1134	0.813270
1135	0.813322
1136	0.813304
1137	0.813181
1138	0.812938
1139	0.812589
1140	0.812179
1141	0.811778
1142	0.811467
1143	0.811327
1144	0.811414
1145	0.811754
1146	0.812333
1147	0.813099
1148	0.813972
1149	0.814867
1150	0.815707
1151	0.816438
1152	0.817036
1153	0.817500
1154	0.817850
1155	0.818113
1156	0.818316
1157	0.818478
1158	0.818604
1159	0.818688
1160	0.818718
1161	0.818687
1162	0.818600
1163	0.818473
1164	0.818337
1165	0.818221
1166	0.818151
1167	0.818144
1168	0.818201
1169	0.818314
1170	0.818463
1171	0.818624
1172	0.818773
1173	0.818894
1174	0.818981
1175	0.819039
1176	0.819083
1177	0.819129
1178	0.819191
1179	0.819280
1180	0.819398
1181	0.819541
1182	0.819703
1183	0.819872
1184	0.820034
1185	0.820175
1186	0.820283
1187	0.820348
1188	0.820364
1189	0.820331
1190	0.820254
1191	0.820145
1192	0.820018
1193	0.819894
1194	0.819794
1195	0.819734
1196	0.819724
1197	0.819764
1198	0.819843
1199	0.819943
1200	0.820040
1201	0.820114
1202	0.820146
1203	0.820130
1204	0.820067
1205	0.819969
1206	0.819851
1207	0.819735
1208	0.819635
1209	0.819561
1210	0.819517
1211	0.819498
1212	0.819495
1213	0.819498
1214	0.819496
1215	0.819482
1216	0.819453
1217	0.819410
1218	0.819353
1219	0.819283
1220	0.819199
1221	0.819100
1222	0.818985
1223	0.818856
1224	0.818718
1225	0.818581
1226	0.818455
1227	0.818352
1228	0.818279
1229	0.818239
1230	0.818230
1231	0.818242
1232	0.818263
1233	0.818281
1234	0.818288
1235	0.818280
1236	0.818259
1237	0.818232
1238	0.818208
1239	0.818194
1240	0.818197
1241	0.818220
1242	0.818258
1243	0.818307
1244	0.818360
1245	0.818411
1246	0.818456
1247	0.818492
1248	0.818521
1249	0.818544
1250	0.818563
1251	0.818585
1252	0.818611
1253	0.818644
1254	0.818684
1255	0.818727
1256	0.818766
1257	0.818795
1258	0.818806
1259	0.818796
1260	0.818765
1261	0.818724
1262	0.818687
1263	0.818680
1264	0.818728
1265	0.818857
1266	0.819083
1267	0.819411
1268	0.819832
1269	0.820322
1270	0.820848
1271	0.821374
1272	0.821863
1273	0.822287
1274	0.822626
1275	0.822874
1276	0.823036
1277	0.823124
1278	0.823154
1279	0.823141
1280	0.823095
1281	0.823019
1282	0.822910
1283	0.822765
1284	0.822574
1285	0.822332
1286	0.822033
1287	0.821672
1288	0.821249
1289	0.820770
1290	0.820243
1291	0.819681
1292	0.819103
1293	0.818525
1294	0.817969
1295	0.817450
1296	0.816984
1297	0.816576
1298	0.816226
1299	0.815923
1300	0.815652
1301	0.815393
1302	0.815127
1303	0.814840
1304	0.814525
1305	0.814184
1306	0.813814
1307	0.813417
1308	0.812997
1309	0.812571
1310	0.812156
1311	0.811772
1312	0.811433
1313	0.811147
1314	0.810920
1315	0.810753
1316	0.810645
1317	0.810592
1318	0.810585
1319	0.810611
1320	0.810653
1321	0.810701
1322	0.810750
1323	0.810808
1324	0.810877
1325	0.810957
1326	0.811047
1327	0.811147
1328	0.811257
1329	0.811375
1330	0.811502
1331	0.811637
1332	0.811779
1333	0.811929
1334	0.812085
1335	0.812247
1336	0.812414
1337	0.812587
1338	0.812764
1339	0.812945
1340	0.813131
1341	0.813319
1342	0.813510
1343	0.813703
1344	0.813898
1345	0.814094
1346	0.814291
1347	0.814489
1348	0.814686
1349	0.814882
1350	0.815078
1351	0.815272
1352	0.815463
1353	0.815652
1354	0.815839
1355	0.816021
1356	0.816200
1357	0.816374
1358	0.816544
1359	0.816707
1360	0.816865
1361	0.817017
1362	0.817162
1363	0.817299
1364	0.817429
1365	0.817547
1366	0.817649
1367	0.817736
1368	0.817817
1369	0.817903
1370	0.818002
1371	0.818119
1372	0.818256
1373	0.818409
1374	0.818577
1375	0.818757
1376	0.818943
1377	0.819128
1378	0.819305
1379	0.819468
1380	0.819617
1381	0.819758
1382	0.819900
1383	0.820046
1384	0.820195
1385	0.820343
1386	0.820492
1387	0.820640
1388	0.820789
1389	0.820937
1390	0.821086
1391	0.821236
1392	0.821390
1393	0.821545
1394	0.821693
1395	0.821829
1396	0.821953
1397	0.822069
1398	0.822185
1399	0.822306
1400	0.822438
1401	0.822583
1402	0.822743
1403	0.822921
1404	0.823115
1405	0.823322
1406	0.823533
1407	0.823738
1408	0.823931
1409	0.824109
1410	0.824276
1411	0.824436
1412	0.824588
1413	0.824733
1414	0.824870
1415	0.825001
1416	0.825125
1417	0.825241
1418	0.825352
1419	0.825456
1420	0.825554
1421	0.825645
1422	0.825731
1423	0.825811
1424	0.825886
1425	0.825955
1426	0.826019
1427	0.826078
1428	0.826133
1429	0.826182
1430	0.826227
1431	0.826268
1432	0.826305
1433	0.826337
1434	0.826366
1435	0.826391
1436	0.826413
1437	0.826431
1438	0.826446
1439	0.826459
1440	0.826468
1441	0.826475
1442	0.826479
1443	0.826481
1444	0.826481
1445	0.826479
1446	0.826475
1447	0.826470
1448	0.826463
1449	0.826455
1450	0.826446
1451	0.826436
1452	0.826424
1453	0.826407
1454	0.826387
1455	0.826368
1456	0.826360
1457	0.826375
1458	0.826417
1459	0.826485
1460	0.826564
1461	0.826626
1462	0.826641
1463	0.826573
1464	0.826395
1465	0.826090
1466	0.825659
1467	0.825124
1468	0.824527
1469	0.823924
1470	0.823377
1471	0.822931
1472	0.822616
1473	0.822433
1474	0.822365
1475	0.822382
1476	0.822453
1477	0.822555
1478	0.822676
1479	0.822815
1480	0.822983
1481	0.823191
1482	0.823452
1483	0.823768
1484	0.824130
1485	0.824514
1486	0.824888
1487	0.825218
1488	0.825480
1489	0.825663
1490	0.825776
1491	0.825842
1492	0.825895
1493	0.825969
1494	0.826095
1495	0.826287
1496	0.826546
1497	0.826856
1498	0.827188
1499	0.827513
1500	0.827800
1501	0.828028
1502	0.828186
1503	0.828279
1504	0.828323
1505	0.828342
1506	0.828359
1507	0.828395
1508	0.828459
1509	0.828548
1510	0.828654
1511	0.828763
1512	0.828866
1513	0.828958
1514	0.829040
1515	0.829119
1516	0.829205
1517	0.829312
1518	0.829450
1519	0.829627
1520	0.829840
1521	0.830079
1522	0.830326
1523	0.830557
1524	0.830751
1525	0.830894
1526	0.830981
1527	0.831016
1528	0.831012
1529	0.830990
1530	0.830970
1531	0.830971
1532	0.831006
1533	0.831081
1534	0.831193
1535	0.831328
1536	0.831469
1537	0.831600
1538	0.831706
1539	0.831781
1540	0.831828
1541	0.831854
1542	0.831873
1543	0.831897
1544	0.831942
1545	0.832021
1546	0.832145
1547	0.832323
1548	0.832557
1549	0.832840
1550	0.833162
1551	0.833504
1552	0.833845
1553	0.834164
1554	0.834440
1555	0.834656
1556	0.834805
1557	0.834886
1558	0.834907
1559	0.834882
1560	0.834831
1561	0.834769
1562	0.834714
1563	0.834675
1564	0.834661
1565	0.834674
1566	0.834712
1567	0.834775
1568	0.834857
1569	0.834956
1570	0.835066
1571	0.835181
1572	0.835295
1573	0.835404
1574	0.835506
1575	0.835605
1576	0.835704
1577	0.835809
1578	0.835919
1579	0.836032
1580	0.836141
1581	0.836237
1582	0.836311
1583	0.836356
1584	0.836371
1585	0.836363
1586	0.836348
1587	0.836351
1588	0.836397
1589	0.836506
1590	0.836692
1591	0.836951
1592	0.837270
1593	0.837625
1594	0.837986
1595	0.838322
1596	0.838607
1597	0.838822
1598	0.838961
1599	0.839031
1600	0.839047
1601	0.839029
1602	0.838999
1603	0.838976
1604	0.838977
1605	0.839012
1606	0.839084
1607	0.839193
1608	0.839329
1609	0.839482
1610	0.839640
1611	0.839793
1612	0.839935
1613	0.840063
1614	0.840174
1615	0.840267
1616	0.840341
1617	0.840402
1618	0.840456
1619	0.840513
1620	0.840583
1621	0.840672
1622	0.840787
1623	0.840929
1624	0.841099
1625	0.841294
1626	0.841508
1627	0.841729
1628	0.841948
1629	0.842154
1630	0.842343
1631	0.842515
1632	0.842672
1633	0.842818
1634	0.842951
1635	0.843070
1636	0.843170
1637	0.843249
1638	0.843308
1639	0.843351
1640	0.843387
1641	0.843428
1642	0.843486
1643	0.843571
1644	0.843690
1645	0.843844
1646	0.844026
1647	0.844227
1648	0.844433
1649	0.844632
1650	0.844819
1651	0.844992
1652	0.845160
1653	0.845332
1654	0.845517
1655	0.845718
1656	0.845934
1657	0.846156
1658	0.846372
1659	0.846567
1660	0.846728
1661	0.846846
1662	0.846917
1663	0.846947
1664	0.846948
1665	0.846939
1666	0.846944
1667	0.846984
1668	0.847074
1669	0.847222
1670	0.847426
1671	0.847679
1672	0.847969
1673	0.848279
1674	0.848593
1675	0.848890
1676	0.849151
1677	0.849361
1678	0.849512
1679	0.849605
1680	0.849645
1681	0.849645
1682	0.849617
1683	0.849579
1684	0.849545
1685	0.849532
1686	0.849549
1687	0.849599
1688	0.849676
1689	0.849766
1690	0.849853
1691	0.849924
1692	0.849971
1693	0.849992
1694	0.849994
1695	0.849990
1696	0.849995
1697	0.850027
1698	0.850103
1699	0.850231
1700	0.850411
1701	0.850633
1702	0.850883
1703	0.851141
1704	0.851386
1705	0.851601
1706	0.851772
1707	0.851896
1708	0.851976
1709	0.852025
1710	0.852063
1711	0.852107
1712	0.852172
1713	0.852266
1714	0.852392
1715	0.852547
1716	0.852725
1717	0.852916
1718	0.853111
1719	0.853301
1720	0.853486
1721	0.853669
1722	0.853861
1723	0.854073
1724	0.854314
1725	0.854585
1726	0.854878
1727	0.855177
1728	0.855460
1729	0.855702
1730	0.855882
1731	0.855989
1732	0.856026
1733	0.856008
1734	0.855964
1735	0.855926
1736	0.855929
1737	0.856002
1738	0.856159
1739	0.856399
1740	0.856700
1741	0.857025
1742	0.857333
1743	0.857589
1744	0.857771
1745	0.857877
1746	0.857916
1747	0.857909
1748	0.857878
1749	0.857851
1750	0.857850
1751	0.857893
1752	0.857989
1753	0.858133
1754	0.858310
1755	0.858504
1756	0.858700
1757	0.858897
1758	0.859100
1759	0.859318
1760	0.859560
1761	0.859833
1762	0.860142
1763	0.860491
1764	0.860883
1765	0.861316
1766	0.861773
1767	0.862224
1768	0.862631
1769	0.862953
1770	0.863159
1771	0.863229
1772	0.863156
1773	0.862947
1774	0.862622
1775	0.862220
1776	0.861788
1777	0.861377
1778	0.861031
1779	0.860779
1780	0.860628
1781	0.860574
1782	0.860598
1783	0.860680
1784	0.860799
1785	0.860934
1786	0.861071
1787	0.861200
1788	0.861320
1789	0.861433
1790	0.861546
1791	0.861658
1792	0.861770
1793	0.861882
1794	0.861995
1795	0.862107
1796	0.862219
1797	0.862331
1798	0.862444
1799	0.862556
1800	0.862668
1801	0.862780
1802	0.862893
1803	0.863005
1804	0.863117
1805	0.863229
1806	0.863342
1807	0.863454
1808	0.863566
1809	0.863678
1810	0.863791
1811	0.863903
1812	0.864015
1813	0.864128
1814	0.864240
1815	0.864352
1816	0.864464
1817	0.864577
1818	0.864689
1819	0.864801
1820	0.864913
1821	0.865026
1822	0.865138
1823	0.865250
1824	0.865362
1825	0.865475
1826	0.865587
1827	0.865699
1828	0.865811
1829	0.865924
1830	0.866036
1831	0.866148
1832	0.866260
1833	0.866373
1834	0.866485
1835	0.866597
1836	0.866709
1837	0.866822
1838	0.866934
1839	0.867046
1840	0.867158
1841	0.867271
1842	0.867383
1843	0.867495
1844	0.867608
1845	0.867720
1846	0.867832
1847	0.867944
1848	0.868057
1849	0.868169
1850	0.868281
1851	0.868393
1852	0.868506
1853	0.868618
1854	0.868730
1855	0.868842
1856	0.868955
1857	0.869067
1858	0.869179
1859	0.869291
1860	0.869404
1861	0.869516
1862	0.869628
1863	0.869740
1864	0.869853
1865	0.869965
1866	0.870077
1867	0.870189
1868	0.870302
1869	0.870414
1870	0.870526
1871	0.870638
1872	0.870751
1873	0.870863
1874	0.870975
1875	0.871087
1876	0.871200
1877	0.871312
1878	0.871424
1879	0.871537
1880	0.871649
1881	0.871761
1882	0.871873
1883	0.871986
1884	0.872098
1885	0.872210
1886	0.872322
1887	0.872435
1888	0.872547
1889	0.872659
1890	0.872771
1891	0.872884
1892	0.872996
1893	0.873108
1894	0.873220
1895	0.873333
1896	0.873445
1897	0.873557
1898	0.873669
1899	0.873782
1900	0.873894
1901	0.874006
1902	0.874118
1903	0.874231
1904	0.874343
1905	0.874455
1906	0.874567
1907	0.874680
1908	0.874792
1909	0.874904
1910	0.875017
1911	0.875129
1912	0.875241
1913	0.875353
1914	0.875466
1915	0.875578
1916	0.875690
1917	0.875802
1918	0.875915
1919	0.876027
1920	0.876139
1921	0.876251
1922	0.876364
1923	0.876476
1924	0.876588
1925	0.876700
1926	0.876813
1927	0.876925
1928	0.877037
1929	0.877149
1930	0.877262
1931	0.877374
1932	0.877486
1933	0.877598
1934	0.877711
1935	0.877823
1936	0.877935
1937	0.878047
1938	0.878160
1939	0.878272
1940	0.878384
1941	0.878511
1942	0.878673
1943	0.878834
1944	0.878934
1945	0.878934
1946	0.878842
1947	0.878699
1948	0.878565
1949	0.878492
1950	0.878518
1951	0.878663
1952	0.878940
1953	0.879352
1954	0.879883
1955	0.880492
1956	0.881108
1957	0.881646
1958	0.882043
1959	0.882287
1960	0.882425
1961	0.882482
1962	0.882462
1963	0.882369
1964	0.882208
1965	0.881983
1966	0.881699
1967	0.881361
1968	0.880972
1969	0.880537
1970	0.880060
1971	0.879547
1972	0.879002
1973	0.878428
1974	0.877831
1975	0.877215
1976	0.876585
1977	0.875944
1978	0.875298
1979	0.874651
1980	0.874007
1981	0.873370
1982	0.872747
1983	0.872139
1984	0.871553
1985	0.870993
1986	0.870463
1987	0.869968
1988	0.869511
1989	0.869098
1990	0.868734
1991	0.868421
1992	0.868166
1993	0.867972
1994	0.867844
1995	0.867787
1996	0.867804
1997	0.867901
1998	0.868081
1999	0.868350
2000	0.868712
2001	0.869170
2002	0.869752
2003	0.870515
2004	0.871462
2005	0.872524
2006	0.873578
2007	0.874493
2008	0.875170
2009	0.875565
2010	0.875699
2011	0.875648
2012	0.875528
2013	0.875485
2014	0.875665
2015	0.876178
2016	0.877060
2017	0.878245
2018	0.879561
2019	0.880775
2020	0.881680
2021	0.882181
2022	0.882263
2023	0.881981
2024	0.881449
2025	0.880806
2026	0.880187
2027	0.879689
2028	0.879358
2029	0.879186
2030	0.879131
2031	0.879140
2032	0.879169
2033	0.879202
2034	0.879255
2035	0.879362
2036	0.879560
2037	0.879864
2038	0.880251
2039	0.880656
2040	0.880986
2041	0.881143
2042	0.881042
2043	0.880640
2044	0.879946
2045	0.879037
2046	0.878053
2047	0.877180
2048	0.876615
2049	0.876524
2050	0.876996
2051	0.878024
2052	0.879513
2053	0.881296
2054	0.883120
2055	0.884724
2056	0.885918
2057	0.886624
2058	0.886872
2059	0.886773
2060	0.886478
2061	0.886148
2062	0.885916
2063	0.885878
2064	0.886079
2065	0.886505
2066	0.887089
2067	0.887732
2068	0.888332
2069	0.888821
2070	0.889192
2071	0.889491
2072	0.889742
2073	0.889946
2074	0.890107
2075	0.890227
2076	0.890309
2077	0.890355
2078	0.890368
2079	0.890350
2080	0.890303
2081	0.890231
2082	0.890135
2083	0.890017
2084	0.889880
2085	0.889726
2086	0.889556
2087	0.889373
2088	0.889178
2089	0.888974
2090	0.888762
2091	0.888544
2092	0.888322
2093	0.888097
2094	0.887871
2095	0.887645
2096	0.887421
2097	0.887200
2098	0.886983
2099	0.886773
2100	0.886569
2101	0.886373
2102	0.886187
2103	0.886011
2104	0.885847
2105	0.885695
2106	0.885555
2107	0.885430
2108	0.885319
2109	0.885224
2110	0.885145
2111	0.885082
2112	0.885037
2113	0.885009
2114	0.884999
2115	0.885008
2116	0.885035
2117	0.885081
2118	0.885146
2119	0.885230
2120	0.885333
2121	0.885456
2122	0.885598
2123	0.885758
2124	0.885938
2125	0.886137
2126	0.886353
2127	0.886588
2128	0.886841
2129	0.887110
2130	0.887397
2131	0.887699
2132	0.888017
2133	0.888349
2134	0.888696
2135	0.889056
2136	0.889428
2137	0.889811
2138	0.890205
2139	0.890608
2140	0.891020
2141	0.891439
2142	0.891863
2143	0.892292
2144	0.892725
2145	0.893159
2146	0.893594
2147	0.894028
2148	0.894460
2149	0.894887
2150	0.895308
2151	0.895722
2152	0.896156
2153	0.896665
2154	0.897201
2155	0.897640
2156	0.897864
2157	0.897805
2158	0.897464
2159	0.896889
2160	0.896155
2161	0.895334
2162	0.894496
2163	0.893724
2164	0.893105
2165	0.892707
2166	0.892555
2167	0.892606
2168	0.892754
2169	0.892882
2170	0.892940
2171	0.892979
2172	0.893029
2173	0.893091
2174	0.893164
2175	0.893250
2176	0.893349
2177	0.893461
2178	0.893587
2179	0.893727
2180	0.893881
2181	0.894050
2182	0.894234
2183	0.894433
2184	0.894646
2185	0.894875
2186	0.895119
2187	0.895377
2188	0.895651
2189	0.895940
2190	0.896243
2191	0.896561
2192	0.896892
2193	0.897238
2194	0.897597
2195	0.897969
2196	0.898354
2197	0.898751
2198	0.899159
2199	0.899578
2200	0.900008
2201	0.900447
2202	0.900896
2203	0.901352
2204	0.901816
2205	0.902286
2206	0.902762
2207	0.903243
2208	0.903727
2209	0.904214
2210	0.904702
2211	0.905190
2212	0.905678
2213	0.906164
2214	0.906646
2215	0.907123
2216	0.907595
2217	0.908059
2218	0.908514
2219	0.908958
2220	0.909391
2221	0.909810
2222	0.910214
2223	0.910601
2224	0.910969
2225	0.911317
2226	0.911642
2227	0.911944
2228	0.912219
2229	0.912467
2230	0.912684
2231	0.912869
2232	0.913020
2233	0.913135
2234	0.913211
2235	0.913247
2236	0.913239
2237	0.913186
2238	0.913085
2239	0.912935
2240	0.912731
2241	0.912472
2242	0.912156
2243	0.911779
2244	0.911339
2245	0.910834
2246	0.910260
2247	0.909615
2248	0.908896
2249	0.908100
2250	0.907224
2251	0.906265
2252	0.905199
2253	0.903970
2254	0.902567
2255	0.901055
2256	0.899552
2257	0.898189
2258	0.897082
2259	0.896307
2260	0.895901
2261	0.895867
2262	0.896179
2263	0.896774
2264	0.897552
2265	0.898389
2266	0.899166
2267	0.899807
2268	0.900301
2269	0.900698
2270	0.901055
2271	0.901377
2272	0.901665
2273	0.901922
2274	0.902153
2275	0.902362
2276	0.902553
2277	0.902730
2278	0.902897
2279	0.903058
2280	0.903215
2281	0.903372
2282	0.903531
2283	0.903697
2284	0.903871
2285	0.904056
2286	0.904254
2287	0.904468
2288	0.904699
2289	0.904949
2290	0.905219
2291	0.905512
2292	0.905828
2293	0.906169
2294	0.906535
2295	0.906927
2296	0.907346
2297	0.907792
2298	0.908265
2299	0.908765
2300	0.909292
2301	0.909846
2302	0.910427
2303	0.911032
2304	0.911662
2305	0.912316
2306	0.912992
2307	0.913690
2308	0.914406
2309	0.915140
2310	0.915890
2311	0.916653
2312	0.917428
2313	0.918211
2314	0.919001
2315	0.919794
2316	0.920587
2317	0.921378
2318	0.922162
2319	0.922937
2320	0.923698
2321	0.924442
2322	0.925165
2323	0.925862
2324	0.926530
2325	0.927162
2326	0.927756
2327	0.928305
2328	0.928805
2329	0.929250
2330	0.929635
2331	0.929954
2332	0.930202
2333	0.930372
2334	0.930459
2335	0.930455
2336	0.930355
2337	0.930151
2338	0.929837
2339	0.929405
2340	0.928850
2341	0.928162
2342	0.927334
2343	0.926360
2344	0.925230
2345	0.923936
2346	0.922471
2347	0.920826
2348	0.918992
2349	0.916960
2350	0.914722
2351	0.912267
2352	0.909562
2353	0.906538
2354	0.903207
2355	0.899653
2356	0.895982
2357	0.892285
2358	0.888612
2359	0.884979
2360	0.881377
2361	0.877786
2362	0.874180
2363	0.870508
2364	0.866699
2365	0.862678
2366	0.858390
2367	0.853831
2368	0.849051
2369	0.844136
2370	0.839132
2371	0.834011
2372	0.828752
2373	0.823356
2374	0.817823
2375	0.812152
2376	0.806344
2377	0.800399
2378	0.794317
2379	0.788098
2380	0.781741
2381	0.775247
2382	0.768616
2383	0.761847
2384	0.754942
2385	0.747899
2386	0.740718
2387	0.733401
2388	0.725946
2389	0.718354
2390	0.710625
2391	0.702759
2392	0.694755
2393	0.686614
2394	0.678336
2395	0.669921
2396	0.661368
2397	0.652678
2398	0.643851
2399	0.634887
2400	0.625785
2401	0.616546
2402	0.607170
2403	0.597657
2404	0.588006
2405	0.578218
2406	0.568293
2407	0.558231
2408	0.548031
2409	0.537694
2410	0.527220
2411	0.516609
2412	0.505860
2413	0.494974
2414	0.483951
2415	0.472791
2416	0.461493
2417	0.450059
2418	0.438487
2419	0.426777
2420	0.414931
2421	0.402947
2422	0.390826
2423	0.378568
2424	0.366172
2425	0.353639
2426	0.340969
2427	0.328162
2428	0.315218
2429	0.302136
2430	0.288917
2431	0.275561
2432	0.262067
2433	0.248436
2434	0.234668
2435	0.220763
2436	0.206721
2437	0.192541
2438	0.178224
2439	0.163770
2440	0.149178
2441	0.134450
2442	0.119584
2443	0.104581
2444	0.089440
2445	0.074163
2446	0.058748
2447	0.043195
2448	0.027506
2449	0.011679
2450	-0.004285
2451	-0.020386
2452	-0.036624
2453	-0.053000
2454	-0.069513
2455	-0.086163
2456	-0.102950
2457	-0.119875
2458	-0.136937
2459	-0.154136
2460	-0.171472
2461	-0.188946
2462	-0.206557
2463	-0.224305
2464	-0.242190
2465	-0.260213
2466	-0.278372
2467	-0.296669
2468	-0.315104
2469	-0.333675
2470	-0.352384
2471	-0.371230
2472	-0.390213
2473	-0.409334
2474	-0.428592
2475	-0.447987
2476	-0.467519
2477	-0.487189
2478	-0.506995
2479	-0.526939
2480	-0.547021
2481	-0.567239
2482	-0.587595
2483	-0.608088
2484	-0.628718
2485	-0.649486
2486	-0.670390
2487	-0.691432
2488	-0.712612
2489	-0.733928
2490	-0.755382
2491	-0.776973
2492	-0.798701
2493	-0.820566
2494	-0.842569
2495	-0.864709
2496	-0.886986
2497	-0.909401
2498	-0.931952
2499	-0.954641
2500	-0.977468
