350	0.007421
351	0.007394
352	0.007370
353	0.007349
354	0.007330
355	0.007313
356	0.007296
357	0.007277
358	0.007257
359	0.007238
360	0.007249
361	0.007271
362	0.007285
363	0.007286
364	0.007277
365	0.007263
366	0.007253
367	0.007257
368	0.007280
369	0.007317
370	0.007359
371	0.007402
372	0.007448
373	0.007493
374	0.007532
375	0.007569
376	0.007609
377	0.007651
378	0.007696
379	0.007745
380	0.007807
381	0.007879
382	0.007954
383	0.008027
384	0.008094
385	0.008153
386	0.008211
387	0.008272
388	0.008341
389	0.008422
390	0.008518
391	0.008625
392	0.008737
393	0.008856
394	0.008979
395	0.009097
396	0.009206
397	0.009306
398	0.009403
399	0.009506
400	0.009618
401	0.009740
402	0.009870
403	0.010008
404	0.010152
405	0.010300
406	0.010452
407	0.010610
408	0.010775
409	0.010949
410	0.011126
411	0.011306
412	0.011485
413	0.011658
414	0.011824
415	0.011985
416	0.012145
417	0.012303
418	0.012458
419	0.012605
420	0.012743
421	0.012871
422	0.012992
423	0.013111
424	0.013232
425	0.013353
426	0.013471
427	0.013587
428	0.013701
429	0.013814
430	0.013927
431	0.014036
432	0.014135
433	0.014220
434	0.014296
435	0.014370
436	0.014445
437	0.014522
438	0.014600
439	0.014677
440	0.014753
441	0.014830
442	0.014912
443	0.014998
444	0.015083
445	0.015168
446	0.015256
447	0.015349
448	0.015445
449	0.015543
450	0.015638
451	0.015725
452	0.015807
453	0.015884
454	0.015959
455	0.016028
456	0.016090
457	0.016143
458	0.016193
459	0.016242
460	0.016293
461	0.016345
462	0.016392
463	0.016433
464	0.016467
465	0.016496
466	0.016522
467	0.016547
468	0.016570
469	0.016594
470	0.016622
471	0.016659
472	0.016702
473	0.016751
474	0.016800
475	0.016848
476	0.016892
477	0.016933
478	0.016971
479	0.017008
480	0.017046
481	0.017085
482	0.017125
483	0.017170
484	0.017219
485	0.017272
486	0.017327
487	0.017385
488	0.017449
489	0.017519
490	0.017596
491	0.017678
492	0.017768
493	0.017866
494	0.017977
495	0.018103
496	0.018244
497	0.018400
498	0.018567
499	0.018743
500	0.018927
501	0.019123
502	0.019331
503	0.019554
504	0.019790
505	0.020041
506	0.020311
507	0.020605
508	0.020924
509	0.021264
510	0.021622
511	0.022000
512	0.022403
513	0.022830
514	0.023280
515	0.023752
516	0.024245
517	0.024754
518	0.025275
519	0.025807
520	0.026349
521	0.026898
522	0.027450
523	0.027998
524	0.028542
525	0.029084
526	0.029622
527	0.030151
528	0.030664
529	0.031160
530	0.031633
531	0.032083
532	0.032506
533	0.032907
534	0.033287
535	0.033645
536	0.033976
537	0.034281
538	0.034563
539	0.034829
540	0.035082
541	0.035324
542	0.035558
543	0.035785
544	0.036008
545	0.036227
546	0.036444
547	0.036654
548	0.036854
549	0.037036
550	0.037196
551	0.037327
552	0.037427
553	0.037494
554	0.037524
555	0.037514
556	0.037463
557	0.037375
558	0.037253
559	0.037105
560	0.036937
561	0.036753
562	0.036554
563	0.036339
564	0.036113
565	0.035877
566	0.035632
567	0.035377
568	0.035112
569	0.034837
570	0.034557
571	0.034278
572	0.034003
573	0.033736
574	0.033476
575	0.033222
576	0.032974
577	0.032734
578	0.032506
579	0.032295
580	0.032103
581	0.031930
582	0.031776
583	0.031640
584	0.031521
585	0.031418
586	0.031330
587	0.031258
588	0.031198
589	0.031146
590	0.031097
591	0.031048
592	0.030997
593	0.030944
594	0.030889
595	0.030833
596	0.030777
597	0.030722
598	0.030671
599	0.030623
600	0.030575
601	0.030525
602	0.030469
603	0.030404
604	0.030327
605	0.030238
606	0.030139
607	0.030032
608	0.029920
609	0.029803
610	0.029681
611	0.029554
612	0.029420
613	0.029283
614	0.029143
615	0.029004
616	0.028869
617	0.028743
618	0.028625
619	0.028518
620	0.028426
621	0.028351
622	0.028293
623	0.028250
624	0.028222
625	0.028206
626	0.028202
627	0.028205
628	0.028214
629	0.028227
630	0.028239
631	0.028247
632	0.028245
633	0.028232
634	0.028202
635	0.028152
636	0.028077
637	0.027976
638	0.027851
639	0.027704
640	0.027532
641	0.027340
642	0.027132
643	0.026916
644	0.026699
645	0.026487
646	0.026287
647	0.026104
648	0.025939
649	0.025793
650	0.025664
651	0.025550
652	0.025445
653	0.025340
654	0.025227
655	0.025100
656	0.024959
657	0.024801
658	0.024626
659	0.024432
660	0.024220
661	0.023993
662	0.023759
663	0.023529
664	0.023310
665	0.023109
666	0.022925
667	0.022762
668	0.022624
669	0.022514
670	0.022432
671	0.022374
672	0.022334
673	0.022307
674	0.022296
675	0.022305
676	0.022335
677	0.022387
678	0.022462
679	0.022560
680	0.022692
681	0.022872
682	0.023114
683	0.023425
684	0.023810
685	0.024269
686	0.024804
687	0.025420
688	0.026126
689	0.026928
690	0.027827
691	0.028824
692	0.029917
693	0.031109
694	0.032405
695	0.033806
696	0.035312
697	0.036916
698	0.038604
699	0.040365
700	0.042188
701	0.044064
702	0.045984
703	0.047940
704	0.049925
705	0.051936
706	0.053975
707	0.056048
708	0.058162
709	0.060316
710	0.062505
711	0.064728
712	0.066996
713	0.069328
714	0.071742
715	0.074242
716	0.076824
717	0.079486
718	0.082233
719	0.085064
720	0.087976
721	0.090952
722	0.093974
723	0.097023
724	0.100096
725	0.103200
726	0.106343
727	0.109522
728	0.112713
729	0.115889
730	0.119028
731	0.122120
732	0.125165
733	0.128156
734	0.131086
735	0.133943
736	0.136719
737	0.139410
738	0.142016
739	0.144538
740	0.146966
741	0.149288
742	0.151494
743	0.153581
744	0.155551
745	0.157407
746	0.159149
747	0.160781
748	0.162308
749	0.163734
750	0.165058
751	0.166259
752	0.167331
753	0.168311
754	0.169256
755	0.170186
756	0.171085
757	0.171927
758	0.172692
759	0.173369
760	0.173963
761	0.174489
762	0.174954
763	0.175362
764	0.175719
765	0.176046
766	0.176375
767	0.176745
768	0.177170
769	0.177617
770	0.178039
771	0.178417
772	0.178761
773	0.179073
774	0.179355
775	0.179612
776	0.179854
777	0.180091
778	0.180325
779	0.180551
780	0.180767
781	0.180969
782	0.181159
783	0.181334
784	0.181499
785	0.181658
786	0.181815
787	0.181977
788	0.182150
789	0.182336
790	0.182533
791	0.182738
792	0.182942
793	0.183133
794	0.183301
795	0.183448
796	0.183578
797	0.183703
798	0.183832
799	0.183973
800	0.184128
801	0.184296
802	0.184477
803	0.184662
804	0.184840
805	0.184997
806	0.185122
807	0.185216
808	0.185290
809	0.185353
810	0.185412
811	0.185478
812	0.185555
813	0.185636
814	0.185719
815	0.185811
816	0.185926
817	0.186070
818	0.186228
819	0.186382
820	0.186525
821	0.186666
822	0.186818
823	0.186988
824	0.187170
825	0.187353
826	0.187531
827	0.187699
828	0.187862
829	0.188033
830	0.188211
831	0.188390
832	0.188553
833	0.188700
834	0.188845
835	0.189005
836	0.189184
837	0.189376
838	0.189582
839	0.189796
840	0.190013
841	0.190225
842	0.190427
843	0.190616
844	0.190789
845	0.190945
846	0.191091
847	0.191238
848	0.191393
849	0.191559
850	0.191732
851	0.191902
852	0.192065
853	0.192218
854	0.192363
855	0.192500
856	0.192622
857	0.192726
858	0.192820
859	0.192925
860	0.193063
861	0.193239
862	0.193438
863	0.193638
864	0.193817
865	0.193972
866	0.194111
867	0.194239
868	0.194356
869	0.194459
870	0.194549
871	0.194637
872	0.194738
873	0.194858
874	0.194986
875	0.195104
876	0.195198
877	0.195270
878	0.195329
879	0.195383
880	0.195439
881	0.195503
882	0.195568
883	0.195623
884	0.195664
885	0.195693
886	0.195718
887	0.195742
888	0.195759
889	0.195762
890	0.195750
891	0.195734
892	0.195728
893	0.195750
894	0.195800
895	0.195861
896	0.195906
897	0.195905
898	0.195852
899	0.195761
900	0.195660
901	0.195575
902	0.195518
903	0.195498
904	0.195516
905	0.195571
906	0.195662
907	0.195785
908	0.195918
909	0.196024
910	0.196083
911	0.196097
912	0.196084
913	0.196069
914	0.196071
915	0.196093
916	0.196122
917	0.196141
918	0.196139
919	0.196113
920	0.196065
921	0.196001
922	0.195918
923	0.195808
924	0.195672
925	0.195519
926	0.195346
927	0.195147
928	0.194924
929	0.194683
930	0.194423
931	0.194147
932	0.193854
933	0.193547
934	0.193226
935	0.192893
936	0.192548
937	0.192192
938	0.191828
939	0.191455
940	0.191076
941	0.190691
942	0.190301
943	0.189908
944	0.189512
945	0.189116
946	0.188719
947	0.188323
948	0.187929
949	0.187539
950	0.187153
951	0.186773
952	0.186399
953	0.186033
954	0.185676
955	0.185330
956	0.184994
957	0.184671
958	0.184362
959	0.184067
960	0.183788
961	0.183526
962	0.183282
963	0.183057
964	0.182852
965	0.182669
966	0.182508
967	0.182372
968	0.182260
969	0.182174
970	0.182115
971	0.182084
972	0.182083
973	0.182112
974	0.182173
975	0.182267
976	0.182394
977	0.182557
978	0.182756
979	0.182992
980	0.183267
981	0.183581
982	0.183939
983	0.184346
984	0.184804
985	0.185306
986	0.185842
987	0.186402
988	0.186976
989	0.187559
990	0.188144
991	0.188728
992	0.189310
993	0.189890
994	0.190470
995	0.191058
996	0.191657
997	0.192269
998	0.192892
999	0.193516
1000	0.194138
1001	0.194757
1002	0.195374
1003	0.195988
1004	0.196598
1005	0.197202
1006	0.197800
1007	0.198390
1008	0.198973
1009	0.199547
1010	0.200112
1011	0.200666
1012	0.201210
1013	0.201742
1014	0.202261
1015	0.202769
1016	0.203263
1017	0.203743
1018	0.204210
1019	0.204662
1020	0.205100
1021	0.205523
1022	0.205931
1023	0.206324
1024	0.206701
1025	0.207063
1026	0.207410
1027	0.207742
1028	0.208058
1029	0.208359
1030	0.208644
1031	0.208914
1032	0.209166
1033	0.209404
1034	0.209635
1035	0.209860
1036	0.210081
1037	0.210291
1038	0.210487
1039	0.210663
1040	0.210818
1041	0.210951
1042	0.211064
1043	0.211157
1044	0.211235
1045	0.211303
1046	0.211369
1047	0.211442
1048	0.211528
1049	0.211628
1050	0.211737
1051	0.211851
1052	0.211972
1053	0.212097
1054	0.212228
1055	0.212363
1056	0.212501
1057	0.212643
1058	0.212788
1059	0.212936
1060	0.213085
1061	0.213236
1062	0.213387
1063	0.213539
1064	0.213691
1065	0.213843
1066	0.213994
1067	0.214143
1068	0.214291
1069	0.214436
1070	0.214578
1071	0.214717
1072	0.214852
1073	0.214982
1074	0.215108
1075	0.215229
1076	0.215344
1077	0.215453
1078	0.215555
1079	0.215650
1080	0.215738
1081	0.215817
1082	0.215888
1083	0.215949
1084	0.216001
1085	0.216043
1086	0.216075
1087	0.216096
1088	0.216105
1089	0.216102
1090	0.216087
1091	0.216059
1092	0.216019
1093	0.215970
1094	0.215907
1095	0.215820
1096	0.215705
1097	0.215562
1098	0.215400
1099	0.215228
1100	0.215056
1101	0.214885
1102	0.214705
1103	0.214501
1104	0.214256
1105	0.213955
1106	0.213600
1107	0.213210
1108	0.212811
1109	0.212416
1110	0.212025
1111	0.211645
1112	0.211280
1113	0.210961
1114	0.210732
1115	0.210602
1116	0.210536
1117	0.210463
1118	0.210312
1119	0.210060
1120	0.209736
1121	0.209387
1122	0.209040
1123	0.208692
1124	0.208314
1125	0.207879
1126	0.207385
1127	0.206836
1128	0.206226
1129	0.205533
1130	0.204719
1131	0.203778
1132	0.202745
1133	0.201668
1134	0.200589
1135	0.199526
1136	0.198474
1137	0.197425
1138	0.196377
1139	0.195315
1140	0.194224
1141	0.193099
1142	0.191937
1143	0.190747
1144	0.189552
1145	0.188362
1146	0.187176
1147	0.185993
1148	0.184829
1149	0.183719
1150	0.182707
1151	0.181826
1152	0.181078
1153	0.180435
1154	0.179866
1155	0.179355
1156	0.178906
1157	0.178525
1158	0.178213
1159	0.177957
1160	0.177729
1161	0.177507
1162	0.177288
1163	0.177078
1164	0.176879
1165	0.176693
1166	0.176527
1167	0.176384
1168	0.176268
1169	0.176190
1170	0.176156
1171	0.176156
1172	0.176165
1173	0.176155
1174	0.176104
1175	0.176011
1176	0.175890
1177	0.175760
1178	0.175630
1179	0.175499
1180	0.175364
1181	0.175230
1182	0.175109
1183	0.175017
1184	0.174969
1185	0.174967
1186	0.174995
1187	0.175034
1188	0.175071
1189	0.175095
1190	0.175097
1191	0.175068
1192	0.175002
1193	0.174901
1194	0.174777
1195	0.174654
1196	0.174554
1197	0.174492
1198	0.174474
1199	0.174494
1200	0.174545
1201	0.174624
1202	0.174728
1203	0.174857
1204	0.175008
1205	0.175177
1206	0.175364
1207	0.175572
1208	0.175806
1209	0.176060
1210	0.176320
1211	0.176571
1212	0.176795
1213	0.176987
1214	0.177151
1215	0.177299
1216	0.177439
1217	0.177578
1218	0.177721
1219	0.177873
1220	0.178042
1221	0.178235
1222	0.178453
1223	0.178685
1224	0.178919
1225	0.179141
1226	0.179350
1227	0.179547
1228	0.179740
1229	0.179938
1230	0.180149
1231	0.180375
1232	0.180619
1233	0.180882
1234	0.181159
1235	0.181438
1236	0.181704
1237	0.181942
1238	0.182146
1239	0.182318
1240	0.182466
1241	0.182603
1242	0.182740
1243	0.182884
1244	0.183040
1245	0.183203
1246	0.183371
1247	0.183538
1248	0.183697
1249	0.183844
1250	0.183976
1251	0.184095
1252	0.184202
1253	0.184295
1254	0.184374
1255	0.184432
1256	0.184466
1257	0.184473
1258	0.184457
1259	0.184424
1260	0.184386
1261	0.184354
1262	0.184339
1263	0.184344
1264	0.184372
1265	0.184423
1266	0.184495
1267	0.184576
1268	0.184655
1269	0.184717
1270	0.184749
1271	0.184748
1272	0.184719
1273	0.184672
1274	0.184613
1275	0.184549
1276	0.184484
1277	0.184420
1278	0.184362
1279	0.184315
1280	0.184275
1281	0.184233
1282	0.184174
1283	0.184094
1284	0.183986
1285	0.183850
1286	0.183692
1287	0.183519
1288	0.183336
1289	0.183148
1290	0.182967
1291	0.182798
1292	0.182645
1293	0.182500
1294	0.182353
1295	0.182184
1296	0.181980
1297	0.181731
1298	0.181435
1299	0.181096
1300	0.180721
1301	0.180324
1302	0.179915
1303	0.179501
1304	0.179079
1305	0.178643
1306	0.178182
1307	0.177684
1308	0.177147
1309	0.176570
1310	0.175959
1311	0.175324
1312	0.174672
1313	0.174010
1314	0.173341
1315	0.172669
1316	0.171994
1317	0.171316
1318	0.170630
1319	0.169934
1320	0.169226
1321	0.168506
1322	0.167774
1323	0.167031
1324	0.166276
1325	0.165509
1326	0.164732
1327	0.163943
1328	0.163142
1329	0.162331
1330	0.161507
1331	0.160673
1332	0.159827
1333	0.158970
1334	0.158101
1335	0.157221
1336	0.156330
1337	0.155427
1338	0.154513
1339	0.153588
1340	0.152651
1341	0.151703
1342	0.150743
1343	0.149772
1344	0.148789
1345	0.147795
1346	0.146790
1347	0.145773
1348	0.144745
1349	0.143705
1350	0.142654
1351	0.141592
1352	0.140518
1353	0.139432
1354	0.138336
1355	0.137227
1356	0.136107
1357	0.134976
1358	0.133834
1359	0.132679
1360	0.131514
1361	0.130337
1362	0.129148
1363	0.127948
1364	0.126736
1365	0.125509
1366	0.124258
1367	0.122988
1368	0.121713
1369	0.120450
1370	0.119213
1371	0.118008
1372	0.116835
1373	0.115691
1374	0.114570
1375	0.113466
1376	0.112369
1377	0.111269
1378	0.110153
1379	0.109014
1380	0.107852
1381	0.106678
1382	0.105505
1383	0.104341
1384	0.103179
1385	0.102018
1386	0.100856
1387	0.099695
1388	0.098533
1389	0.097372
1390	0.096210
1391	0.095041
1392	0.093852
1393	0.092661
1394	0.091502
1395	0.090397
1396	0.089346
1397	0.088330
1398	0.087320
1399	0.086287
1400	0.085208
1401	0.084070
1402	0.082860
1403	0.081573
1404	0.080209
1405	0.078788
1406	0.077343
1407	0.075917
1408	0.074547
1409	0.073243
1410	0.071982
1411	0.070757
1412	0.069565
1413	0.068408
1414	0.067285
1415	0.066195
1416	0.065140
1417	0.064118
1418	0.063129
1419	0.062174
1420	0.061252
1421	0.060363
1422	0.059507
1423	0.058684
1424	0.057894
1425	0.057136
1426	0.056411
1427	0.055718
1428	0.055057
1429	0.054428
1430	0.053831
1431	0.053266
1432	0.052733
1433	0.052231
1434	0.051760
1435	0.051321
1436	0.050913
1437	0.050536
1438	0.050189
1439	0.049874
1440	0.049589
1441	0.049334
1442	0.049110
1443	0.048916
1444	0.048752
1445	0.048618
1446	0.048514
1447	0.048440
1448	0.048395
1449	0.048380
1450	0.048393
1451	0.048436
1452	0.048514
1453	0.048636
1454	0.048797
1455	0.048974
1456	0.049142
1457	0.049294
1458	0.049434
1459	0.049561
1460	0.049668
1461	0.049746
1462	0.049795
1463	0.049836
1464	0.049909
1465	0.050056
1466	0.050307
1467	0.050665
1468	0.051102
1469	0.051571
1470	0.052018
1471	0.052395
1472	0.052663
1473	0.052801
1474	0.052822
1475	0.052776
1476	0.052739
1477	0.052782
1478	0.052948
1479	0.053247
1480	0.053657
1481	0.054129
1482	0.054611
1483	0.055055
1484	0.055437
1485	0.055765
1486	0.056064
1487	0.056377
1488	0.056736
1489	0.057148
1490	0.057604
1491	0.058078
1492	0.058537
1493	0.058954
1494	0.059311
1495	0.059613
1496	0.059876
1497	0.060121
1498	0.060366
1499	0.060623
1500	0.060900
1501	0.061208
1502	0.061557
1503	0.061952
1504	0.062391
1505	0.062860
1506	0.063341
1507	0.063814
1508	0.064264
1509	0.064680
1510	0.065054
1511	0.065386
1512	0.065692
1513	0.065996
1514	0.066330
1515	0.066719
1516	0.067169
1517	0.067667
1518	0.068188
1519	0.068708
1520	0.069209
1521	0.069683
1522	0.070130
1523	0.070554
1524	0.070963
1525	0.071363
1526	0.071765
1527	0.072179
1528	0.072607
1529	0.073043
1530	0.073478
1531	0.073896
1532	0.074285
1533	0.074640
1534	0.074965
1535	0.075274
1536	0.075586
1537	0.075920
1538	0.076291
1539	0.076707
1540	0.077160
1541	0.077635
1542	0.078110
1543	0.078563
1544	0.078982
1545	0.079361
1546	0.079707
1547	0.080028
1548	0.080342
1549	0.080666
1550	0.081016
1551	0.081399
1552	0.081806
1553	0.082218
1554	0.082615
1555	0.082987
1556	0.083339
1557	0.083687
1558	0.084046
1559	0.084423
1560	0.084813
1561	0.085206
1562	0.085590
1563	0.085960
1564	0.086313
1565	0.086648
1566	0.086964
1567	0.087269
1568	0.087578
1569	0.087909
1570	0.088274
1571	0.088671
1572	0.089086
1573	0.089501
1574	0.089897
1575	0.090266
1576	0.090607
1577	0.090925
1578	0.091228
1579	0.091526
1580	0.091827
1581	0.092136
1582	0.092453
1583	0.092778
1584	0.093107
1585	0.093437
1586	0.093764
1587	0.094082
1588	0.094384
1589	0.094663
1590	0.094917
1591	0.095151
1592	0.095371
1593	0.095588
1594	0.095812
1595	0.096041
1596	0.096273
1597	0.096502
1598	0.096724
1599	0.096932
1600	0.097120
1601	0.097289
1602	0.097446
1603	0.097614
1604	0.097825
1605	0.098107
1606	0.098473
1607	0.098916
1608	0.099412
1609	0.099925
1610	0.100422
1611	0.100870
1612	0.101248
1613	0.101545
1614	0.101764
1615	0.101928
1616	0.102071
1617	0.102225
1618	0.102408
1619	0.102624
1620	0.102865
1621	0.103122
1622	0.103391
1623	0.103668
1624	0.103946
1625	0.104215
1626	0.104469
1627	0.104704
1628	0.104918
1629	0.105109
1630	0.105278
1631	0.105422
1632	0.105544
1633	0.105657
1634	0.105781
1635	0.105932
1636	0.106116
1637	0.106330
1638	0.106557
1639	0.106779
1640	0.106978
1641	0.107144
1642	0.107270
1643	0.107360
1644	0.107429
1645	0.107494
1646	0.107569
1647	0.107669
1648	0.107800
1649	0.107958
1650	0.108127
1651	0.108286
1652	0.108420
1653	0.108516
1654	0.108574
1655	0.108599
1656	0.108599
1657	0.108582
1658	0.108554
1659	0.108525
1660	0.108501
1661	0.108490
1662	0.108500
1663	0.108540
1664	0.108603
1665	0.108674
1666	0.108731
1667	0.108756
1668	0.108739
1669	0.108687
1670	0.108615
1671	0.108540
1672	0.108472
1673	0.108420
1674	0.108396
1675	0.108406
1676	0.108449
1677	0.108517
1678	0.108584
1679	0.108609
1680	0.108565
1681	0.108443
1682	0.108255
1683	0.108024
1684	0.107773
1685	0.107517
1686	0.107255
1687	0.106989
1688	0.106722
1689	0.106463
1690	0.106225
1691	0.106018
1692	0.105848
1693	0.105708
1694	0.105588
1695	0.105480
1696	0.105374
1697	0.105260
1698	0.105129
1699	0.104979
1700	0.104811
1701	0.104632
1702	0.104458
1703	0.104301
1704	0.104172
1705	0.104072
1706	0.103996
1707	0.103930
1708	0.103855
1709	0.103760
1710	0.103642
1711	0.103504
1712	0.103353
1713	0.103194
1714	0.103034
1715	0.102875
1716	0.102713
1717	0.102535
1718	0.102324
1719	0.102069
1720	0.101774
1721	0.101463
1722	0.101168
1723	0.100912
1724	0.100704
1725	0.100544
1726	0.100424
1727	0.100345
1728	0.100310
1729	0.100304
1730	0.100285
1731	0.100208
1732	0.100045
1733	0.099811
1734	0.099549
1735	0.099305
1736	0.099096
1737	0.098903
1738	0.098695
1739	0.098461
1740	0.098215
1741	0.097976
1742	0.097753
1743	0.097525
1744	0.097257
1745	0.096936
1746	0.096584
1747	0.096241
1748	0.095935
1749	0.095671
1750	0.095424
1751	0.095163
1752	0.094877
1753	0.094554
1754	0.094188
1755	0.093776
1756	0.093318
1757	0.092828
1758	0.092335
1759	0.091870
1760	0.091461
1761	0.091119
1762	0.090842
1763	0.090623
1764	0.090450
1765	0.090305
1766	0.090174
1767	0.090040
1768	0.089895
1769	0.089748
1770	0.089617
1771	0.089507
1772	0.089401
1773	0.089294
1774	0.089191
1775	0.089096
1776	0.089017
1777	0.088954
1778	0.088900
1779	0.088842
1780	0.088765
1781	0.088656
1782	0.088500
1783	0.088290
1784	0.088028
1785	0.087724
1786	0.087391
1787	0.087050
1788	0.086720
1789	0.086403
1790	0.086091
1791	0.085779
1792	0.085467
1793	0.085154
1794	0.084842
1795	0.084530
1796	0.084218
1797	0.083906
1798	0.083593
1799	0.083281
1800	0.082969
1801	0.082657
1802	0.082344
1803	0.082032
1804	0.081720
1805	0.081408
1806	0.081096
1807	0.080783
1808	0.080471
1809	0.080159
1810	0.079847
1811	0.079535
1812	0.079222
1813	0.078910
1814	0.078598
1815	0.078286
1816	0.077973
1817	0.077661
1818	0.077349
1819	0.077037
1820	0.076725
1821	0.076412
1822	0.076100
1823	0.075788
1824	0.075476
1825	0.075163
1826	0.074851
1827	0.074539
1828	0.074227
1829	0.073915
1830	0.073602
1831	0.073290
1832	0.072978
1833	0.072666
1834	0.072354
1835	0.072041
1836	0.071729
1837	0.071417
1838	0.071105
1839	0.070792
1840	0.070480
1841	0.070168
1842	0.069856
1843	0.069544
1844	0.069231
1845	0.068919
1846	0.068607
1847	0.068295
1848	0.067983
1849	0.067670
1850	0.067358
1851	0.067046
1852	0.066734
1853	0.066421
1854	0.066109
1855	0.065797
1856	0.065485
1857	0.065173
1858	0.064860
1859	0.064548
1860	0.064236
1861	0.063924
1862	0.063611
1863	0.063299
1864	0.062987
1865	0.062675
1866	0.062363
1867	0.062050
1868	0.061738
1869	0.061426
1870	0.061114
1871	0.060802
1872	0.060489
1873	0.060177
1874	0.059865
1875	0.059553
1876	0.059240
1877	0.058928
1878	0.058616
1879	0.058304
1880	0.057992
1881	0.057679
1882	0.057367
1883	0.057055
1884	0.056743
1885	0.056430
1886	0.056118
1887	0.055806
1888	0.055494
1889	0.055182
1890	0.054869
1891	0.054557
1892	0.054245
1893	0.053933
1894	0.053621
1895	0.053308
1896	0.052996
1897	0.052684
1898	0.052372
1899	0.052059
1900	0.051747
1901	0.051435
1902	0.051123
1903	0.050811
1904	0.050498
1905	0.050186
1906	0.049874
1907	0.049562
1908	0.049250
1909	0.048937
1910	0.048625
1911	0.048313
1912	0.048001
1913	0.047688
1914	0.047376
1915	0.047064
1916	0.046752
1917	0.046440
1918	0.046127
1919	0.045815
1920	0.045503
1921	0.045191
1922	0.044878
1923	0.044566
1924	0.044254
1925	0.043942
1926	0.043630
1927	0.043317
1928	0.043005
1929	0.042693
1930	0.042381
1931	0.042069
1932	0.041756
1933	0.041444
1934	0.041132
1935	0.040820
1936	0.040507
1937	0.040195
1938	0.039883
1939	0.039571
1940	0.039259
1941	0.038937
1942	0.038593
1943	0.038246
1944	0.037937
1945	0.037691
1946	0.037509
1947	0.037368
1948	0.037234
1949	0.037073
1950	0.036858
1951	0.036575
1952	0.036210
1953	0.035755
1954	0.035212
1955	0.034601
1956	0.033964
1957	0.033350
1958	0.032801
1959	0.032327
1960	0.031904
1961	0.031517
1962	0.031167
1963	0.030851
1964	0.030570
1965	0.030322
1966	0.030106
1967	0.029922
1968	0.029768
1969	0.029643
1970	0.029546
1971	0.029476
1972	0.029433
1973	0.029416
1974	0.029422
1975	0.029452
1976	0.029504
1977	0.029578
1978	0.029672
1979	0.029786
1980	0.029918
1981	0.030068
1982	0.030234
1983	0.030415
1984	0.030611
1985	0.030821
1986	0.031043
1987	0.031277
1988	0.031521
1989	0.031775
1990	0.032038
1991	0.032308
1992	0.032585
1993	0.032868
1994	0.033155
1995	0.033446
1996	0.033740
1997	0.034036
1998	0.034332
1999	0.034629
2000	0.034924
2001	0.035217
2002	0.035521
2003	0.035854
2004	0.036179
2005	0.036443
2006	0.036609
2007	0.036682
2008	0.036709
2009	0.036740
2010	0.036808
2011	0.036934
2012	0.037121
2013	0.037362
2014	0.037643
2015	0.037919
2016	0.038116
2017	0.038170
2018	0.038032
2019	0.037701
2020	0.037234
2021	0.036739
2022	0.036298
2023	0.035970
2024	0.035793
2025	0.035787
2026	0.035948
2027	0.036230
2028	0.036556
2029	0.036859
2030	0.037090
2031	0.037210
2032	0.037214
2033	0.037113
2034	0.036924
2035	0.036702
2036	0.036515
2037	0.036409
2038	0.036395
2039	0.036478
2040	0.036668
2041	0.036965
2042	0.037371
2043	0.037875
2044	0.038427
2045	0.038963
2046	0.039434
2047	0.039810
2048	0.040077
2049	0.040218
2050	0.040213
2051	0.040048
2052	0.039730
2053	0.039316
2054	0.038949
2055	0.038770
2056	0.038853
2057	0.039203
2058	0.039763
2059	0.040435
2060	0.041136
2061	0.041791
2062	0.042326
2063	0.042679
2064	0.042814
2065	0.042732
2066	0.042482
2067	0.042153
2068	0.041842
2069	0.041612
2070	0.041470
2071	0.041375
2072	0.041307
2073	0.041265
2074	0.041248
2075	0.041255
2076	0.041283
2077	0.041332
2078	0.041401
2079	0.041487
2080	0.041590
2081	0.041709
2082	0.041843
2083	0.041989
2084	0.042148
2085	0.042319
2086	0.042499
2087	0.042688
2088	0.042886
2089	0.043091
2090	0.043302
2091	0.043519
2092	0.043740
2093	0.043965
2094	0.044193
2095	0.044424
2096	0.044656
2097	0.044889
2098	0.045122
2099	0.045354
2100	0.045586
2101	0.045816
2102	0.046044
2103	0.046270
2104	0.046492
2105	0.046711
2106	0.046927
2107	0.047138
2108	0.047344
2109	0.047546
2110	0.047742
2111	0.047934
2112	0.048120
2113	0.048300
2114	0.048474
2115	0.048642
2116	0.048804
2117	0.048961
2118	0.049111
2119	0.049255
2120	0.049393
2121	0.049525
2122	0.049652
2123	0.049773
2124	0.049888
2125	0.049998
2126	0.050103
2127	0.050204
2128	0.050300
2129	0.050391
2130	0.050480
2131	0.050565
2132	0.050647
2133	0.050727
2134	0.050804
2135	0.050881
2136	0.050957
2137	0.051032
2138	0.051108
2139	0.051186
2140	0.051265
2141	0.051346
2142	0.051431
2143	0.051520
2144	0.051614
2145	0.051714
2146	0.051820
2147	0.051934
2148	0.052056
2149	0.052188
2150	0.052331
2151	0.052485
2152	0.052654
2153	0.052845
2154	0.053058
2155	0.053288
2156	0.053522
2157	0.053751
2158	0.053966
2159	0.054162
2160	0.054337
2161	0.054488
2162	0.054615
2163	0.054723
2164	0.054816
2165	0.054902
2166	0.054989
2167	0.055079
2168	0.055171
2169	0.055259
2170	0.055338
2171	0.055411
2172	0.055479
2173	0.055542
2174	0.055602
2175	0.055658
2176	0.055711
2177	0.055760
2178	0.055806
2179	0.055850
2180	0.055891
2181	0.055929
2182	0.055966
2183	0.056001
2184	0.056033
2185	0.056065
2186	0.056094
2187	0.056123
2188	0.056150
2189	0.056176
2190	0.056201
2191	0.056225
2192	0.056248
2193	0.056271
2194	0.056292
2195	0.056313
2196	0.056333
2197	0.056353
2198	0.056371
2199	0.056389
2200	0.056406
2201	0.056423
2202	0.056438
2203	0.056453
2204	0.056466
2205	0.056478
2206	0.056489
2207	0.056499
2208	0.056507
2209	0.056514
2210	0.056519
2211	0.056522
2212	0.056522
2213	0.056521
2214	0.056517
2215	0.056510
2216	0.056500
2217	0.056487
2218	0.056470
2219	0.056450
2220	0.056426
2221	0.056397
2222	0.056364
2223	0.056326
2224	0.056282
2225	0.056233
2226	0.056178
2227	0.056117
2228	0.056048
2229	0.055973
2230	0.055890
2231	0.055800
2232	0.055701
2233	0.055593
2234	0.055476
2235	0.055349
2236	0.055212
2237	0.055064
2238	0.054905
2239	0.054734
2240	0.054551
2241	0.054355
2242	0.054146
2243	0.053923
2244	0.053686
2245	0.053433
2246	0.053165
2247	0.052880
2248	0.052578
2249	0.052259
2250	0.051922
2251	0.051565
2252	0.051179
2253	0.050744
2254	0.050272
2255	0.049800
2256	0.049364
2257	0.048988
2258	0.048677
2259	0.048426
2260	0.048225
2261	0.048063
2262	0.047934
2263	0.047824
2264	0.047715
2265	0.047594
2266	0.047454
2267	0.047309
2268	0.047186
2269	0.047118
2270	0.047116
2271	0.047157
2272	0.047230
2273	0.047329
2274	0.047453
2275	0.047597
2276	0.047758
2277	0.047934
2278	0.048120
2279	0.048315
2280	0.048516
2281	0.048720
2282	0.048925
2283	0.049128
2284	0.049328
2285	0.049522
2286	0.049709
2287	0.049887
2288	0.050054
2289	0.050210
2290	0.050352
2291	0.050480
2292	0.050592
2293	0.050688
2294	0.050766
2295	0.050828
2296	0.050871
2297	0.050895
2298	0.050902
2299	0.050889
2300	0.050858
2301	0.050809
2302	0.050741
2303	0.050657
2304	0.050555
2305	0.050438
2306	0.050306
2307	0.050159
2308	0.050000
2309	0.049829
2310	0.049649
2311	0.049460
2312	0.049264
2313	0.049064
2314	0.048861
2315	0.048657
2316	0.048455
2317	0.048258
2318	0.048067
2319	0.047886
2320	0.047717
2321	0.047564
2322	0.047429
2323	0.047316
2324	0.047228
2325	0.047169
2326	0.047142
2327	0.047151
2328	0.047201
2329	0.047295
2330	0.047437
2331	0.047632
2332	0.047885
2333	0.048200
2334	0.048581
2335	0.049035
2336	0.049565
2337	0.050177
2338	0.050877
2339	0.051669
2340	0.052560
2341	0.053556
2342	0.054661
2343	0.055882
2344	0.057226
2345	0.058698
2346	0.060306
2347	0.062055
2348	0.063952
2349	0.066005
2350	0.068220
2351	0.070604
2352	0.073185
2353	0.076015
2354	0.079085
2355	0.082330
2356	0.085667
2357	0.089027
2358	0.092370
2359	0.095683
2360	0.098975
2361	0.102259
2362	0.105558
2363	0.108909
2364	0.112368
2365	0.115994
2366	0.119829
2367	0.123876
2368	0.128096
2369	0.132423
2370	0.136820
2371	0.141311
2372	0.145910
2373	0.150618
2374	0.155433
2375	0.160358
2376	0.165390
2377	0.170531
2378	0.175780
2379	0.181137
2380	0.186603
2381	0.192177
2382	0.197860
2383	0.203650
2384	0.209550
2385	0.215557
2386	0.221673
2387	0.227897
2388	0.234229
2389	0.240670
2390	0.247219
2391	0.253877
2392	0.260643
2393	0.267517
2394	0.274499
2395	0.281590
2396	0.288790
2397	0.296097
2398	0.303513
2399	0.311037
2400	0.318670
2401	0.326411
2402	0.334260
2403	0.342217
2404	0.350283
2405	0.358457
2406	0.366740
2407	0.375131
2408	0.383630
2409	0.392238
2410	0.400954
2411	0.409778
2412	0.418711
2413	0.427752
2414	0.436901
2415	0.446158
2416	0.455524
2417	0.464999
2418	0.474581
2419	0.484272
2420	0.494072
2421	0.503979
2422	0.513995
2423	0.524120
2424	0.534352
2425	0.544693
2426	0.555143
2427	0.565700
2428	0.576366
2429	0.587141
2430	0.598023
2431	0.609014
2432	0.620114
2433	0.631321
2434	0.642637
2435	0.654062
2436	0.665595
2437	0.677236
2438	0.688985
2439	0.700843
2440	0.712809
2441	0.724883
2442	0.737066
2443	0.749357
2444	0.761756
2445	0.774264
2446	0.786880
2447	0.799605
2448	0.812438
2449	0.825379
2450	0.838428
2451	0.851586
2452	0.864852
2453	0.878227
2454	0.891709
2455	0.905300
2456	0.919000
2457	0.932808
2458	0.946724
2459	0.960748
2460	0.974881
2461	0.989122
2462	1.003472
2463	1.017930
2464	1.032496
2465	1.047171
2466	1.061953
2467	1.076845
2468	1.091844
2469	1.106952
2470	1.122168
2471	1.137493
2472	1.152926
2473	1.168467
2474	1.184117
2475	1.199874
2476	1.215741
2477	1.231715
2478	1.247798
2479	1.263989
2480	1.280289
2481	1.296697
2482	1.313213
2483	1.329838
2484	1.346571
2485	1.363412
2486	1.380362
2487	1.397420
2488	1.414586
2489	1.431861
2490	1.449244
2491	1.466735
2492	1.484335
2493	1.502043
2494	1.519859
2495	1.537784
2496	1.555817
2497	1.573958
2498	1.592208
2499	1.610566
2500	1.629032
