350	0.999366
351	0.999396
352	0.999421
353	0.999443
354	0.999461
355	0.999475
356	0.999486
357	0.999493
358	0.999497
359	0.999496
360	0.999490
361	0.999483
362	0.999475
363	0.999468
364	0.999460
365	0.999452
366	0.999441
367	0.999428
368	0.999410
369	0.999386
370	0.999357
371	0.999323
372	0.999285
373	0.999246
374	0.999213
375	0.999189
376	0.999180
377	0.999184
378	0.999202
379	0.999228
380	0.999259
381	0.999286
382	0.999304
383	0.999308
384	0.999295
385	0.999266
386	0.999226
387	0.999181
388	0.999138
389	0.999102
390	0.999076
391	0.999062
392	0.999058
393	0.999061
394	0.999068
395	0.999076
396	0.999082
397	0.999084
398	0.999082
399	0.999076
400	0.999066
401	0.999054
402	0.999039
403	0.999023
404	0.999006
405	0.998987
406	0.998967
407	0.998948
408	0.998930
409	0.998916
410	0.998907
411	0.998904
412	0.998907
413	0.998915
414	0.998928
415	0.998943
416	0.998959
417	0.998972
418	0.998980
419	0.998981
420	0.998975
421	0.998963
422	0.998948
423	0.998931
424	0.998915
425	0.998901
426	0.998892
427	0.998886
428	0.998885
429	0.998887
430	0.998891
431	0.998894
432	0.998895
433	0.998892
434	0.998886
435	0.998877
436	0.998866
437	0.998854
438	0.998843
439	0.998833
440	0.998827
441	0.998824
442	0.998825
443	0.998826
444	0.998828
445	0.998827
446	0.998823
447	0.998815
448	0.998805
449	0.998793
450	0.998781
451	0.998770
452	0.998761
453	0.998753
454	0.998747
455	0.998742
456	0.998736
457	0.998730
458	0.998723
459	0.998716
460	0.998709
461	0.998703
462	0.998700
463	0.998700
464	0.998701
465	0.998701
466	0.998700
467	0.998695
468	0.998687
469	0.998674
470	0.998659
471	0.998641
472	0.998623
473	0.998606
474	0.998592
475	0.998583
476	0.998578
477	0.998575
478	0.998575
479	0.998576
480	0.998576
481	0.998575
482	0.998570
483	0.998563
484	0.998552
485	0.998540
486	0.998526
487	0.998514
488	0.998504
489	0.998495
490	0.998490
491	0.998486
492	0.998485
493	0.998487
494	0.998490
495	0.998494
496	0.998500
497	0.998505
498	0.998510
499	0.998515
500	0.998519
501	0.998522
502	0.998522
503	0.998519
504	0.998513
505	0.998503
506	0.998490
507	0.998477
508	0.998464
509	0.998451
510	0.998439
511	0.998428
512	0.998418
513	0.998409
514	0.998400
515	0.998390
516	0.998379
517	0.998366
518	0.998354
519	0.998343
520	0.998335
521	0.998329
522	0.998325
523	0.998323
524	0.998320
525	0.998318
526	0.998315
527	0.998310
528	0.998303
529	0.998295
530	0.998287
531	0.998280
532	0.998276
533	0.998273
534	0.998272
535	0.998272
536	0.998272
537	0.998272
538	0.998271
539	0.998271
540	0.998270
541	0.998269
542	0.998266
543	0.998263
544	0.998259
545	0.998253
546	0.998245
547	0.998234
548	0.998221
549	0.998206
550	0.998190
551	0.998176
552	0.998164
553	0.998155
554	0.998150
555	0.998150
556	0.998153
557	0.998159
558	0.998166
559	0.998174
560	0.998181
561	0.998188
562	0.998194
563	0.998201
564	0.998207
565	0.998213
566	0.998216
567	0.998217
568	0.998214
569	0.998205
570	0.998192
571	0.998174
572	0.998152
573	0.998129
574	0.998109
575	0.998093
576	0.998082
577	0.998076
578	0.998074
579	0.998075
580	0.998078
581	0.998079
582	0.998079
583	0.998076
584	0.998070
585	0.998060
586	0.998047
587	0.998034
588	0.998019
589	0.998005
590	0.997992
591	0.997982
592	0.997976
593	0.997975
594	0.997980
595	0.997990
596	0.998004
597	0.998020
598	0.998037
599	0.998050
600	0.998059
601	0.998062
602	0.998058
603	0.998048
604	0.998034
605	0.998018
606	0.998002
607	0.997988
608	0.997977
609	0.997968
610	0.997962
611	0.997957
612	0.997953
613	0.997947
614	0.997940
615	0.997932
616	0.997923
617	0.997914
618	0.997905
619	0.997898
620	0.997894
621	0.997894
622	0.997898
623	0.997907
624	0.997920
625	0.997936
626	0.997954
627	0.997974
628	0.997993
629	0.998010
630	0.998022
631	0.998027
632	0.998025
633	0.998017
634	0.998004
635	0.997987
636	0.997967
637	0.997946
638	0.997923
639	0.997902
640	0.997884
641	0.997871
642	0.997864
643	0.997863
644	0.997868
645	0.997879
646	0.997896
647	0.997916
648	0.997936
649	0.997954
650	0.997965
651	0.997968
652	0.997962
653	0.997947
654	0.997927
655	0.997903
656	0.997877
657	0.997854
658	0.997837
659	0.997826
660	0.997824
661	0.997830
662	0.997843
663	0.997860
664	0.997879
665	0.997896
666	0.997909
667	0.997917
668	0.997919
669	0.997914
670	0.997904
671	0.997891
672	0.997877
673	0.997864
674	0.997852
675	0.997841
676	0.997833
677	0.997827
678	0.997822
679	0.997819
680	0.997816
681	0.997815
682	0.997814
683	0.997813
684	0.997812
685	0.997810
686	0.997805
687	0.997797
688	0.997784
689	0.997768
690	0.997751
691	0.997735
692	0.997723
693	0.997715
694	0.997710
695	0.997709
696	0.997709
697	0.997708
698	0.997706
699	0.997700
700	0.997690
701	0.997676
702	0.997663
703	0.997651
704	0.997644
705	0.997643
706	0.997645
707	0.997650
708	0.997653
709	0.997654
710	0.997649
711	0.997637
712	0.997616
713	0.997588
714	0.997552
715	0.997512
716	0.997472
717	0.997434
718	0.997398
719	0.997367
720	0.997339
721	0.997314
722	0.997294
723	0.997276
724	0.997261
725	0.997247
726	0.997235
727	0.997225
728	0.997218
729	0.997216
730	0.997217
731	0.997221
732	0.997228
733	0.997238
734	0.997249
735	0.997260
736	0.997271
737	0.997278
738	0.997280
739	0.997279
740	0.997273
741	0.997265
742	0.997254
743	0.997241
744	0.997227
745	0.997213
746	0.997200
747	0.997188
748	0.997176
749	0.997161
750	0.997144
751	0.997126
752	0.997108
753	0.997093
754	0.997082
755	0.997074
756	0.997070
757	0.997070
758	0.997072
759	0.997074
760	0.997075
761	0.997075
762	0.997073
763	0.997072
764	0.997073
765	0.997079
766	0.997088
767	0.997101
768	0.997115
769	0.997128
770	0.997138
771	0.997143
772	0.997142
773	0.997136
774	0.997125
775	0.997111
776	0.997096
777	0.997080
778	0.997063
779	0.997046
780	0.997028
781	0.997010
782	0.996994
783	0.996980
784	0.996973
785	0.996972
786	0.996980
787	0.996996
788	0.997018
789	0.997045
790	0.997072
791	0.997095
792	0.997113
793	0.997122
794	0.997121
795	0.997110
796	0.997091
797	0.997067
798	0.997041
799	0.997015
800	0.996991
801	0.996972
802	0.996959
803	0.996954
804	0.996958
805	0.996969
806	0.996982
807	0.996995
808	0.997004
809	0.997007
810	0.997001
811	0.996984
812	0.996955
813	0.996916
814	0.996872
815	0.996828
816	0.996791
817	0.996765
818	0.996753
819	0.996755
820	0.996768
821	0.996790
822	0.996818
823	0.996847
824	0.996871
825	0.996890
826	0.996900
827	0.996904
828	0.996903
829	0.996901
830	0.996899
831	0.996896
832	0.996894
833	0.996893
834	0.996892
835	0.996892
836	0.996894
837	0.996895
838	0.996896
839	0.996899
840	0.996907
841	0.996920
842	0.996940
843	0.996965
844	0.996994
845	0.997026
846	0.997060
847	0.997092
848	0.997120
849	0.997138
850	0.997141
851	0.997129
852	0.997103
853	0.997066
854	0.997024
855	0.996984
856	0.996952
857	0.996932
858	0.996929
859	0.996942
860	0.996970
861	0.997006
862	0.997041
863	0.997068
864	0.997082
865	0.997080
866	0.997063
867	0.997033
868	0.996995
869	0.996956
870	0.996920
871	0.996893
872	0.996876
873	0.996871
874	0.996874
875	0.996882
876	0.996895
877	0.996910
878	0.996924
879	0.996936
880	0.996942
881	0.996942
882	0.996937
883	0.996928
884	0.996916
885	0.996901
886	0.996882
887	0.996861
888	0.996838
889	0.996815
890	0.996796
891	0.996781
892	0.996773
893	0.996771
894	0.996777
895	0.996791
896	0.996812
897	0.996840
898	0.996869
899	0.996897
900	0.996919
901	0.996933
902	0.996937
903	0.996932
904	0.996919
905	0.996898
906	0.996873
907	0.996846
908	0.996818
909	0.996788
910	0.996757
911	0.996725
912	0.996696
913	0.996670
914	0.996649
915	0.996631
916	0.996616
917	0.996602
918	0.996589
919	0.996575
920	0.996560
921	0.996542
922	0.996521
923	0.996497
924	0.996472
925	0.996449
926	0.996430
927	0.996415
928	0.996404
929	0.996394
930	0.996387
931	0.996382
932	0.996379
933	0.996378
934	0.996379
935	0.996382
936	0.996386
937	0.996392
938	0.996399
939	0.996408
940	0.996419
941	0.996430
942	0.996443
943	0.996457
944	0.996472
945	0.996487
946	0.996504
947	0.996521
948	0.996539
949	0.996557
950	0.996576
951	0.996596
952	0.996615
953	0.996635
954	0.996655
955	0.996675
956	0.996695
957	0.996715
958	0.996734
959	0.996753
960	0.996772
961	0.996790
962	0.996808
963	0.996825
964	0.996841
965	0.996857
966	0.996871
967	0.996884
968	0.996897
969	0.996908
970	0.996917
971	0.996926
972	0.996933
973	0.996938
974	0.996941
975	0.996943
976	0.996943
977	0.996941
978	0.996938
979	0.996932
980	0.996923
981	0.996913
982	0.996899
983	0.996879
984	0.996854
985	0.996828
986	0.996807
987	0.996794
988	0.996791
989	0.996799
990	0.996816
991	0.996840
992	0.996870
993	0.996902
994	0.996934
995	0.996961
996	0.996981
997	0.996995
998	0.997005
999	0.997015
1000	0.997028
1001	0.997042
1002	0.997056
1003	0.997070
1004	0.997083
1005	0.997097
1006	0.997110
1007	0.997123
1008	0.997136
1009	0.997148
1010	0.997160
1011	0.997172
1012	0.997183
1013	0.997194
1014	0.997205
1015	0.997215
1016	0.997224
1017	0.997233
1018	0.997242
1019	0.997250
1020	0.997257
1021	0.997264
1022	0.997270
1023	0.997276
1024	0.997281
1025	0.997285
1026	0.997289
1027	0.997293
1028	0.997295
1029	0.997297
1030	0.997299
1031	0.997300
1032	0.997302
1033	0.997303
1034	0.997302
1035	0.997296
1036	0.997287
1037	0.997276
1038	0.997264
1039	0.997252
1040	0.997244
1041	0.997238
1042	0.997236
1043	0.997238
1044	0.997244
1045	0.997253
1046	0.997263
1047	0.997270
1048	0.997274
1049	0.997273
1050	0.997269
1051	0.997262
1052	0.997254
1053	0.997243
1054	0.997231
1055	0.997217
1056	0.997201
1057	0.997183
1058	0.997164
1059	0.997144
1060	0.997122
1061	0.997100
1062	0.997077
1063	0.997052
1064	0.997027
1065	0.997002
1066	0.996976
1067	0.996950
1068	0.996924
1069	0.996897
1070	0.996871
1071	0.996845
1072	0.996819
1073	0.996794
1074	0.996770
1075	0.996746
1076	0.996723
1077	0.996700
1078	0.996679
1079	0.996660
1080	0.996641
1081	0.996624
1082	0.996609
1083	0.996595
1084	0.996583
1085	0.996573
1086	0.996565
1087	0.996560
1088	0.996557
1089	0.996556
1090	0.996558
1091	0.996562
1092	0.996571
1093	0.996587
1094	0.996609
1095	0.996633
1096	0.996653
1097	0.996661
1098	0.996654
1099	0.996632
1100	0.996598
1101	0.996560
1102	0.996527
1103	0.996506
1104	0.996508
1105	0.996534
1106	0.996581
1107	0.996638
1108	0.996685
1109	0.996698
1110	0.996659
1111	0.996559
1112	0.996400
1113	0.996194
1114	0.995963
1115	0.995734
1116	0.995536
1117	0.995399
1118	0.995345
1119	0.995386
1120	0.995523
1121	0.995749
1122	0.996045
1123	0.996390
1124	0.996759
1125	0.997121
1126	0.997446
1127	0.997703
1128	0.997859
1129	0.997889
1130	0.997779
1131	0.997526
1132	0.997144
1133	0.996663
1134	0.996131
1135	0.995606
1136	0.995153
1137	0.994830
1138	0.994683
1139	0.994729
1140	0.994960
1141	0.995337
1142	0.995801
1143	0.996281
1144	0.996710
1145	0.997032
1146	0.997211
1147	0.997239
1148	0.997134
1149	0.996931
1150	0.996678
1151	0.996422
1152	0.996200
1153	0.996037
1154	0.995940
1155	0.995903
1156	0.995913
1157	0.995952
1158	0.996005
1159	0.996059
1160	0.996107
1161	0.996147
1162	0.996182
1163	0.996214
1164	0.996251
1165	0.996298
1166	0.996358
1167	0.996434
1168	0.996526
1169	0.996632
1170	0.996749
1171	0.996872
1172	0.996991
1173	0.997097
1174	0.997178
1175	0.997227
1176	0.997241
1177	0.997224
1178	0.997180
1179	0.997120
1180	0.997054
1181	0.996991
1182	0.996939
1183	0.996907
1184	0.996896
1185	0.996905
1186	0.996929
1187	0.996963
1188	0.997002
1189	0.997041
1190	0.997077
1191	0.997107
1192	0.997129
1193	0.997143
1194	0.997148
1195	0.997147
1196	0.997141
1197	0.997133
1198	0.997125
1199	0.997115
1200	0.997106
1201	0.997097
1202	0.997088
1203	0.997076
1204	0.997060
1205	0.997039
1206	0.997015
1207	0.996990
1208	0.996970
1209	0.996958
1210	0.996957
1211	0.996965
1212	0.996980
1213	0.996997
1214	0.997012
1215	0.997019
1216	0.997013
1217	0.996992
1218	0.996958
1219	0.996918
1220	0.996879
1221	0.996851
1222	0.996838
1223	0.996842
1224	0.996863
1225	0.996895
1226	0.996933
1227	0.996972
1228	0.997006
1229	0.997032
1230	0.997049
1231	0.997057
1232	0.997060
1233	0.997061
1234	0.997066
1235	0.997074
1236	0.997085
1237	0.997093
1238	0.997094
1239	0.997084
1240	0.997060
1241	0.997025
1242	0.996983
1243	0.996943
1244	0.996916
1245	0.996913
1246	0.996943
1247	0.997008
1248	0.997101
1249	0.997208
1250	0.997311
1251	0.997396
1252	0.997449
1253	0.997464
1254	0.997445
1255	0.997398
1256	0.997338
1257	0.997283
1258	0.997245
1259	0.997233
1260	0.997244
1261	0.997269
1262	0.997293
1263	0.997306
1264	0.997297
1265	0.997265
1266	0.997212
1267	0.997145
1268	0.997073
1269	0.997008
1270	0.996960
1271	0.996937
1272	0.996942
1273	0.996973
1274	0.997024
1275	0.997088
1276	0.997158
1277	0.997228
1278	0.997291
1279	0.997341
1280	0.997375
1281	0.997387
1282	0.997378
1283	0.997347
1284	0.997298
1285	0.997235
1286	0.997164
1287	0.997094
1288	0.997033
1289	0.996988
1290	0.996964
1291	0.996964
1292	0.996986
1293	0.997029
1294	0.997089
1295	0.997159
1296	0.997232
1297	0.997302
1298	0.997364
1299	0.997415
1300	0.997456
1301	0.997485
1302	0.997501
1303	0.997500
1304	0.997479
1305	0.997437
1306	0.997374
1307	0.997297
1308	0.997213
1309	0.997131
1310	0.997059
1311	0.997002
1312	0.996965
1313	0.996949
1314	0.996953
1315	0.996969
1316	0.996993
1317	0.997015
1318	0.997032
1319	0.997040
1320	0.997040
1321	0.997035
1322	0.997028
1323	0.997019
1324	0.997006
1325	0.996991
1326	0.996974
1327	0.996955
1328	0.996933
1329	0.996910
1330	0.996885
1331	0.996858
1332	0.996830
1333	0.996801
1334	0.996771
1335	0.996740
1336	0.996709
1337	0.996676
1338	0.996644
1339	0.996612
1340	0.996579
1341	0.996547
1342	0.996515
1343	0.996483
1344	0.996453
1345	0.996423
1346	0.996394
1347	0.996367
1348	0.996341
1349	0.996317
1350	0.996294
1351	0.996273
1352	0.996255
1353	0.996238
1354	0.996225
1355	0.996213
1356	0.996205
1357	0.996200
1358	0.996197
1359	0.996198
1360	0.996203
1361	0.996211
1362	0.996223
1363	0.996239
1364	0.996260
1365	0.996286
1366	0.996321
1367	0.996363
1368	0.996409
1369	0.996451
1370	0.996485
1371	0.996509
1372	0.996522
1373	0.996526
1374	0.996522
1375	0.996511
1376	0.996497
1377	0.996484
1378	0.996477
1379	0.996476
1380	0.996483
1381	0.996495
1382	0.996506
1383	0.996515
1384	0.996523
1385	0.996530
1386	0.996538
1387	0.996545
1388	0.996553
1389	0.996560
1390	0.996568
1391	0.996577
1392	0.996592
1393	0.996607
1394	0.996614
1395	0.996608
1396	0.996588
1397	0.996559
1398	0.996528
1399	0.996502
1400	0.996485
1401	0.996483
1402	0.996497
1403	0.996531
1404	0.996583
1405	0.996650
1406	0.996723
1407	0.996793
1408	0.996851
1409	0.996895
1410	0.996929
1411	0.996957
1412	0.996978
1413	0.996994
1414	0.997003
1415	0.997007
1416	0.997005
1417	0.996998
1418	0.996986
1419	0.996970
1420	0.996948
1421	0.996923
1422	0.996893
1423	0.996859
1424	0.996822
1425	0.996781
1426	0.996736
1427	0.996689
1428	0.996639
1429	0.996586
1430	0.996531
1431	0.996474
1432	0.996415
1433	0.996354
1434	0.996291
1435	0.996227
1436	0.996162
1437	0.996096
1438	0.996030
1439	0.995963
1440	0.995896
1441	0.995829
1442	0.995762
1443	0.995695
1444	0.995630
1445	0.995565
1446	0.995501
1447	0.995438
1448	0.995377
1449	0.995318
1450	0.995261
1451	0.995206
1452	0.995151
1453	0.995092
1454	0.995030
1455	0.994970
1456	0.994922
1457	0.994898
1458	0.994911
1459	0.994969
1460	0.995081
1461	0.995245
1462	0.995455
1463	0.995697
1464	0.995948
1465	0.996182
1466	0.996373
1467	0.996506
1468	0.996576
1469	0.996593
1470	0.996577
1471	0.996546
1472	0.996523
1473	0.996526
1474	0.996565
1475	0.996642
1476	0.996748
1477	0.996872
1478	0.997002
1479	0.997129
1480	0.997248
1481	0.997359
1482	0.997467
1483	0.997575
1484	0.997685
1485	0.997792
1486	0.997888
1487	0.997962
1488	0.998001
1489	0.998000
1490	0.997961
1491	0.997890
1492	0.997801
1493	0.997708
1494	0.997624
1495	0.997558
1496	0.997513
1497	0.997486
1498	0.997473
1499	0.997466
1500	0.997460
1501	0.997456
1502	0.997454
1503	0.997459
1504	0.997476
1505	0.997509
1506	0.997556
1507	0.997614
1508	0.997673
1509	0.997723
1510	0.997757
1511	0.997768
1512	0.997756
1513	0.997725
1514	0.997681
1515	0.997631
1516	0.997580
1517	0.997532
1518	0.997486
1519	0.997441
1520	0.997395
1521	0.997348
1522	0.997304
1523	0.997268
1524	0.997251
1525	0.997263
1526	0.997312
1527	0.997399
1528	0.997520
1529	0.997666
1530	0.997821
1531	0.997971
1532	0.998101
1533	0.998202
1534	0.998268
1535	0.998299
1536	0.998298
1537	0.998271
1538	0.998225
1539	0.998165
1540	0.998099
1541	0.998033
1542	0.997971
1543	0.997921
1544	0.997886
1545	0.997870
1546	0.997876
1547	0.997902
1548	0.997941
1549	0.997984
1550	0.998020
1551	0.998041
1552	0.998044
1553	0.998027
1554	0.997995
1555	0.997950
1556	0.997900
1557	0.997851
1558	0.997808
1559	0.997777
1560	0.997759
1561	0.997754
1562	0.997757
1563	0.997767
1564	0.997781
1565	0.997800
1566	0.997826
1567	0.997857
1568	0.997890
1569	0.997922
1570	0.997950
1571	0.997970
1572	0.997985
1573	0.997997
1574	0.998009
1575	0.998024
1576	0.998046
1577	0.998077
1578	0.998116
1579	0.998162
1580	0.998209
1581	0.998249
1582	0.998273
1583	0.998276
1584	0.998257
1585	0.998217
1586	0.998162
1587	0.998095
1588	0.998020
1589	0.997936
1590	0.997845
1591	0.997746
1592	0.997641
1593	0.997533
1594	0.997427
1595	0.997332
1596	0.997255
1597	0.997203
1598	0.997177
1599	0.997174
1600	0.997183
1601	0.997195
1602	0.997199
1603	0.997188
1604	0.997161
1605	0.997122
1606	0.997078
1607	0.997042
1608	0.997023
1609	0.997028
1610	0.997059
1611	0.997108
1612	0.997162
1613	0.997210
1614	0.997238
1615	0.997240
1616	0.997215
1617	0.997165
1618	0.997099
1619	0.997027
1620	0.996959
1621	0.996906
1622	0.996879
1623	0.996881
1624	0.996916
1625	0.996978
1626	0.997061
1627	0.997156
1628	0.997253
1629	0.997345
1630	0.997426
1631	0.997494
1632	0.997546
1633	0.997582
1634	0.997605
1635	0.997619
1636	0.997626
1637	0.997627
1638	0.997622
1639	0.997608
1640	0.997583
1641	0.997546
1642	0.997501
1643	0.997452
1644	0.997407
1645	0.997369
1646	0.997343
1647	0.997328
1648	0.997320
1649	0.997316
1650	0.997311
1651	0.997302
1652	0.997294
1653	0.997291
1654	0.997303
1655	0.997341
1656	0.997410
1657	0.997512
1658	0.997642
1659	0.997787
1660	0.997931
1661	0.998058
1662	0.998152
1663	0.998206
1664	0.998219
1665	0.998196
1666	0.998149
1667	0.998090
1668	0.998032
1669	0.997985
1670	0.997954
1671	0.997937
1672	0.997930
1673	0.997925
1674	0.997914
1675	0.997890
1676	0.997851
1677	0.997796
1678	0.997729
1679	0.997657
1680	0.997585
1681	0.997519
1682	0.997464
1683	0.997420
1684	0.997386
1685	0.997356
1686	0.997323
1687	0.997279
1688	0.997217
1689	0.997135
1690	0.997036
1691	0.996927
1692	0.996823
1693	0.996735
1694	0.996679
1695	0.996666
1696	0.996705
1697	0.996800
1698	0.996948
1699	0.997139
1700	0.997357
1701	0.997582
1702	0.997796
1703	0.997980
1704	0.998122
1705	0.998216
1706	0.998263
1707	0.998266
1708	0.998235
1709	0.998177
1710	0.998100
1711	0.998011
1712	0.997915
1713	0.997818
1714	0.997729
1715	0.997654
1716	0.997605
1717	0.997588
1718	0.997611
1719	0.997677
1720	0.997785
1721	0.997927
1722	0.998088
1723	0.998250
1724	0.998398
1725	0.998521
1726	0.998617
1727	0.998689
1728	0.998747
1729	0.998804
1730	0.998870
1731	0.998954
1732	0.999054
1733	0.999164
1734	0.999267
1735	0.999345
1736	0.999378
1737	0.999350
1738	0.999255
1739	0.999099
1740	0.998898
1741	0.998678
1742	0.998470
1743	0.998307
1744	0.998212
1745	0.998201
1746	0.998279
1747	0.998437
1748	0.998656
1749	0.998910
1750	0.999170
1751	0.999410
1752	0.999609
1753	0.999755
1754	0.999843
1755	0.999877
1756	0.999864
1757	0.999813
1758	0.999731
1759	0.999623
1760	0.999494
1761	0.999348
1762	0.999192
1763	0.999031
1764	0.998873
1765	0.998727
1766	0.998606
1767	0.998525
1768	0.998496
1769	0.998525
1770	0.998609
1771	0.998731
1772	0.998867
1773	0.998992
1774	0.999082
1775	0.999124
1776	0.999113
1777	0.999055
1778	0.998960
1779	0.998844
1780	0.998726
1781	0.998623
1782	0.998546
1783	0.998499
1784	0.998477
1785	0.998470
1786	0.998469
1787	0.998466
1788	0.998458
1789	0.998448
1790	0.998436
1791	0.998424
1792	0.998412
1793	0.998401
1794	0.998389
1795	0.998377
1796	0.998366
1797	0.998354
1798	0.998342
1799	0.998330
1800	0.998319
1801	0.998307
1802	0.998295
1803	0.998284
1804	0.998272
1805	0.998260
1806	0.998248
1807	0.998237
1808	0.998225
1809	0.998213
1810	0.998202
1811	0.998190
1812	0.998178
1813	0.998166
1814	0.998155
1815	0.998143
1816	0.998131
1817	0.998120
1818	0.998108
1819	0.998096
1820	0.998084
1821	0.998073
1822	0.998061
1823	0.998049
1824	0.998038
1825	0.998026
1826	0.998014
1827	0.998002
1828	0.997991
1829	0.997979
1830	0.997967
1831	0.997955
1832	0.997944
1833	0.997932
1834	0.997920
1835	0.997909
1836	0.997897
1837	0.997885
1838	0.997873
1839	0.997862
1840	0.997850
1841	0.997838
1842	0.997827
1843	0.997815
1844	0.997803
1845	0.997791
1846	0.997780
1847	0.997768
1848	0.997756
1849	0.997745
1850	0.997733
1851	0.997721
1852	0.997709
1853	0.997698
1854	0.997686
1855	0.997674
1856	0.997663
1857	0.997651
1858	0.997639
1859	0.997627
1860	0.997616
1861	0.997604
1862	0.997592
1863	0.997581
1864	0.997569
1865	0.997557
1866	0.997545
1867	0.997534
1868	0.997522
1869	0.997510
1870	0.997499
1871	0.997487
1872	0.997475
1873	0.997463
1874	0.997452
1875	0.997440
1876	0.997428
1877	0.997417
1878	0.997405
1879	0.997393
1880	0.997381
1881	0.997370
1882	0.997358
1883	0.997346
1884	0.997335
1885	0.997323
1886	0.997311
1887	0.997299
1888	0.997288
1889	0.997276
1890	0.997264
1891	0.997253
1892	0.997241
1893	0.997229
1894	0.997217
1895	0.997206
1896	0.997194
1897	0.997182
1898	0.997171
1899	0.997159
1900	0.997147
1901	0.997135
1902	0.997124
1903	0.997112
1904	0.997100
1905	0.997089
1906	0.997077
1907	0.997065
1908	0.997053
1909	0.997042
1910	0.997030
1911	0.997018
1912	0.997007
1913	0.996995
1914	0.996983
1915	0.996971
1916	0.996960
1917	0.996948
1918	0.996936
1919	0.996925
1920	0.996913
1921	0.996901
1922	0.996889
1923	0.996878
1924	0.996866
1925	0.996854
1926	0.996842
1927	0.996831
1928	0.996819
1929	0.996807
1930	0.996796
1931	0.996784
1932	0.996772
1933	0.996760
1934	0.996749
1935	0.996737
1936	0.996725
1937	0.996714
1938	0.996702
1939	0.996690
1940	0.996678
1941	0.996667
1942	0.996656
1943	0.996646
1944	0.996636
1945	0.996624
1946	0.996610
1947	0.996592
1948	0.996570
1949	0.996545
1950	0.996518
1951	0.996490
1952	0.996463
1953	0.996439
1954	0.996420
1955	0.996407
1956	0.996401
1957	0.996402
1958	0.996408
1959	0.996419
1960	0.996433
1961	0.996450
1962	0.996470
1963	0.996492
1964	0.996515
1965	0.996539
1966	0.996563
1967	0.996587
1968	0.996610
1969	0.996631
1970	0.996651
1971	0.996668
1972	0.996682
1973	0.996692
1974	0.996697
1975	0.996698
1976	0.996694
1977	0.996684
1978	0.996667
1979	0.996643
1980	0.996612
1981	0.996572
1982	0.996523
1983	0.996466
1984	0.996398
1985	0.996320
1986	0.996231
1987	0.996130
1988	0.996017
1989	0.995892
1990	0.995753
1991	0.995600
1992	0.995434
1993	0.995252
1994	0.995054
1995	0.994841
1996	0.994611
1997	0.994364
1998	0.994099
1999	0.993815
2000	0.993513
2001	0.993192
2002	0.992824
2003	0.992352
2004	0.991786
2005	0.991220
2006	0.990787
2007	0.990615
2008	0.990791
2009	0.991349
2010	0.992265
2011	0.993471
2012	0.994862
2013	0.996304
2014	0.997647
2015	0.998747
2016	0.999506
2017	0.999902
2018	1.000000
2019	0.999927
2020	0.999801
2021	0.999662
2022	0.999538
2023	0.999446
2024	0.999377
2025	0.999312
2026	0.999229
2027	0.999119
2028	0.998987
2029	0.998849
2030	0.998724
2031	0.998633
2032	0.998587
2033	0.998588
2034	0.998625
2035	0.998674
2036	0.998701
2037	0.998667
2038	0.998544
2039	0.998324
2040	0.998021
2041	0.997675
2042	0.997342
2043	0.997081
2044	0.996939
2045	0.996935
2046	0.997054
2047	0.997246
2048	0.997435
2049	0.997539
2050	0.997488
2051	0.997247
2052	0.996815
2053	0.996234
2054	0.995602
2055	0.995044
2056	0.994661
2057	0.994514
2058	0.994612
2059	0.994919
2060	0.995370
2061	0.995889
2062	0.996402
2063	0.996843
2064	0.997172
2065	0.997372
2066	0.997459
2067	0.997471
2068	0.997456
2069	0.997449
2070	0.997461
2071	0.997474
2072	0.997479
2073	0.997478
2074	0.997470
2075	0.997457
2076	0.997438
2077	0.997414
2078	0.997387
2079	0.997355
2080	0.997320
2081	0.997281
2082	0.997240
2083	0.997197
2084	0.997152
2085	0.997105
2086	0.997057
2087	0.997008
2088	0.996958
2089	0.996908
2090	0.996858
2091	0.996809
2092	0.996759
2093	0.996711
2094	0.996663
2095	0.996617
2096	0.996571
2097	0.996528
2098	0.996486
2099	0.996445
2100	0.996407
2101	0.996371
2102	0.996336
2103	0.996304
2104	0.996275
2105	0.996247
2106	0.996223
2107	0.996200
2108	0.996180
2109	0.996163
2110	0.996147
2111	0.996135
2112	0.996124
2113	0.996116
2114	0.996110
2115	0.996106
2116	0.996105
2117	0.996105
2118	0.996107
2119	0.996110
2120	0.996115
2121	0.996121
2122	0.996129
2123	0.996137
2124	0.996146
2125	0.996155
2126	0.996164
2127	0.996174
2128	0.996183
2129	0.996191
2130	0.996198
2131	0.996204
2132	0.996208
2133	0.996211
2134	0.996211
2135	0.996208
2136	0.996202
2137	0.996192
2138	0.996179
2139	0.996161
2140	0.996138
2141	0.996109
2142	0.996075
2143	0.996035
2144	0.995987
2145	0.995933
2146	0.995870
2147	0.995798
2148	0.995718
2149	0.995628
2150	0.995528
2151	0.995416
2152	0.995296
2153	0.995164
2154	0.995006
2155	0.994810
2156	0.994578
2157	0.994335
2158	0.994113
2159	0.993946
2160	0.993864
2161	0.993882
2162	0.994007
2163	0.994236
2164	0.994557
2165	0.994949
2166	0.995377
2167	0.995804
2168	0.996197
2169	0.996538
2170	0.996831
2171	0.997093
2172	0.997331
2173	0.997545
2174	0.997737
2175	0.997909
2176	0.998061
2177	0.998194
2178	0.998309
2179	0.998409
2180	0.998492
2181	0.998561
2182	0.998617
2183	0.998660
2184	0.998691
2185	0.998711
2186	0.998721
2187	0.998722
2188	0.998715
2189	0.998700
2190	0.998679
2191	0.998651
2192	0.998617
2193	0.998579
2194	0.998537
2195	0.998491
2196	0.998443
2197	0.998392
2198	0.998339
2199	0.998285
2200	0.998230
2201	0.998174
2202	0.998119
2203	0.998064
2204	0.998010
2205	0.997957
2206	0.997906
2207	0.997857
2208	0.997809
2209	0.997764
2210	0.997722
2211	0.997682
2212	0.997646
2213	0.997612
2214	0.997582
2215	0.997554
2216	0.997531
2217	0.997510
2218	0.997493
2219	0.997480
2220	0.997470
2221	0.997463
2222	0.997459
2223	0.997458
2224	0.997461
2225	0.997466
2226	0.997473
2227	0.997483
2228	0.997495
2229	0.997509
2230	0.997524
2231	0.997541
2232	0.997558
2233	0.997576
2234	0.997594
2235	0.997611
2236	0.997628
2237	0.997643
2238	0.997657
2239	0.997668
2240	0.997676
2241	0.997680
2242	0.997681
2243	0.997676
2244	0.997666
2245	0.997650
2246	0.997627
2247	0.997597
2248	0.997558
2249	0.997509
2250	0.997451
2251	0.997382
2252	0.997292
2253	0.997159
2254	0.996989
2255	0.996815
2256	0.996681
2257	0.996626
2258	0.996673
2259	0.996829
2260	0.997085
2261	0.997426
2262	0.997830
2263	0.998265
2264	0.998692
2265	0.999068
2266	0.999363
2267	0.999566
2268	0.999692
2269	0.999772
2270	0.999828
2271	0.999857
2272	0.999855
2273	0.999824
2274	0.999767
2275	0.999686
2276	0.999584
2277	0.999461
2278	0.999320
2279	0.999164
2280	0.998994
2281	0.998811
2282	0.998618
2283	0.998417
2284	0.998208
2285	0.997994
2286	0.997776
2287	0.997555
2288	0.997333
2289	0.997112
2290	0.996891
2291	0.996673
2292	0.996458
2293	0.996248
2294	0.996043
2295	0.995845
2296	0.995654
2297	0.995471
2298	0.995297
2299	0.995132
2300	0.994977
2301	0.994832
2302	0.994698
2303	0.994575
2304	0.994464
2305	0.994364
2306	0.994276
2307	0.994201
2308	0.994137
2309	0.994085
2310	0.994045
2311	0.994016
2312	0.993999
2313	0.993993
2314	0.993998
2315	0.994013
2316	0.994038
2317	0.994073
2318	0.994116
2319	0.994167
2320	0.994225
2321	0.994289
2322	0.994359
2323	0.994433
2324	0.994511
2325	0.994591
2326	0.994672
2327	0.994754
2328	0.994834
2329	0.994911
2330	0.994984
2331	0.995051
2332	0.995112
2333	0.995163
2334	0.995204
2335	0.995233
2336	0.995247
2337	0.995246
2338	0.995227
2339	0.995187
2340	0.995126
2341	0.995040
2342	0.994928
2343	0.994788
2344	0.994616
2345	0.994411
2346	0.994169
2347	0.993889
2348	0.993568
2349	0.993203
2350	0.992792
2351	0.992331
2352	0.991809
2353	0.991208
2354	0.990530
2355	0.989799
2356	0.989047
2357	0.988302
2358	0.987578
2359	0.986880
2360	0.986206
2361	0.985550
2362	0.984904
2363	0.984253
2364	0.983577
2365	0.982852
2366	0.982063
2367	0.981207
2368	0.980301
2369	0.979369
2370	0.978425
2371	0.977461
2372	0.976471
2373	0.975454
2374	0.974412
2375	0.973343
2376	0.972248
2377	0.971126
2378	0.969979
2379	0.968805
2380	0.967605
2381	0.966379
2382	0.965126
2383	0.963848
2384	0.962543
2385	0.961212
2386	0.959855
2387	0.958472
2388	0.957062
2389	0.955627
2390	0.954165
2391	0.952676
2392	0.951162
2393	0.949622
2394	0.948055
2395	0.946462
2396	0.944843
2397	0.943197
2398	0.941526
2399	0.939828
2400	0.938104
2401	0.936354
2402	0.934578
2403	0.932775
2404	0.930946
2405	0.929092
2406	0.927210
2407	0.925303
2408	0.923370
2409	0.921410
2410	0.919424
2411	0.917412
2412	0.915373
2413	0.913309
2414	0.911218
2415	0.909101
2416	0.906958
2417	0.904789
2418	0.902593
2419	0.900371
2420	0.898124
2421	0.895849
2422	0.893549
2423	0.891223
2424	0.888870
2425	0.886491
2426	0.884086
2427	0.881654
2428	0.879197
2429	0.876713
2430	0.874203
2431	0.871667
2432	0.869105
2433	0.866516
2434	0.863902
2435	0.861261
2436	0.858594
2437	0.855900
2438	0.853181
2439	0.850435
2440	0.847663
2441	0.844865
2442	0.842041
2443	0.839190
2444	0.836313
2445	0.833410
2446	0.830481
2447	0.827526
2448	0.824544
2449	0.821537
2450	0.818503
2451	0.815443
2452	0.812356
2453	0.809244
2454	0.806105
2455	0.802940
2456	0.799749
2457	0.796532
2458	0.793288
2459	0.790019
2460	0.786723
2461	0.783401
2462	0.780052
2463	0.776678
2464	0.773277
2465	0.769850
2466	0.766397
2467	0.762918
2468	0.759412
2469	0.755880
2470	0.752323
2471	0.748738
2472	0.745128
2473	0.741492
2474	0.737829
2475	0.734140
2476	0.730425
2477	0.726684
2478	0.722916
2479	0.719122
2480	0.715302
2481	0.711456
2482	0.707584
2483	0.703685
2484	0.699761
2485	0.695810
2486	0.691833
2487	0.687829
2488	0.683800
2489	0.679744
2490	0.675662
2491	0.671554
2492	0.667420
2493	0.663259
2494	0.659073
2495	0.654860
2496	0.650621
2497	0.646355
2498	0.642064
2499	0.637746
2500	0.633402
