350	0.011470
351	0.011453
352	0.011439
353	0.011428
354	0.011421
355	0.011417
356	0.011417
357	0.011420
358	0.011427
359	0.011436
360	0.011447
361	0.011469
362	0.011502
363	0.011548
364	0.011604
365	0.011668
366	0.011736
367	0.011805
368	0.011870
369	0.011930
370	0.011984
371	0.012032
372	0.012076
373	0.012115
374	0.012153
375	0.012192
376	0.012234
377	0.012280
378	0.012332
379	0.012390
380	0.012452
381	0.012518
382	0.012588
383	0.012664
384	0.012746
385	0.012835
386	0.012932
387	0.013039
388	0.013157
389	0.013287
390	0.013431
391	0.013586
392	0.013753
393	0.013928
394	0.014108
395	0.014289
396	0.014469
397	0.014644
398	0.014813
399	0.014974
400	0.015127
401	0.015274
402	0.015417
403	0.015562
404	0.015711
405	0.015869
406	0.016038
407	0.016219
408	0.016410
409	0.016610
410	0.016816
411	0.017023
412	0.017228
413	0.017430
414	0.017626
415	0.017816
416	0.018001
417	0.018181
418	0.018358
419	0.018530
420	0.018700
421	0.018864
422	0.019022
423	0.019172
424	0.019315
425	0.019451
426	0.019581
427	0.019705
428	0.019824
429	0.019938
430	0.020048
431	0.020153
432	0.020255
433	0.020352
434	0.020446
435	0.020537
436	0.020625
437	0.020711
438	0.020799
439	0.020888
440	0.020980
441	0.021076
442	0.021174
443	0.021275
444	0.021379
445	0.021485
446	0.021591
447	0.021699
448	0.021805
449	0.021909
450	0.022012
451	0.022111
452	0.022207
453	0.022298
454	0.022383
455	0.022462
456	0.022533
457	0.022597
458	0.022652
459	0.022699
460	0.022739
461	0.022773
462	0.022803
463	0.022830
464	0.022856
465	0.022881
466	0.022908
467	0.022936
468	0.022966
469	0.022998
470	0.023031
471	0.023065
472	0.023100
473	0.023136
474	0.023173
475	0.023210
476	0.023249
477	0.023288
478	0.023328
479	0.023369
480	0.023411
481	0.023454
482	0.023497
483	0.023543
484	0.023591
485	0.023644
486	0.023702
487	0.023768
488	0.023843
489	0.023930
490	0.024030
491	0.024143
492	0.024271
493	0.024414
494	0.024572
495	0.024745
496	0.024934
497	0.025140
498	0.025364
499	0.025611
500	0.025881
501	0.026179
502	0.026507
503	0.026868
504	0.027263
505	0.027693
506	0.028160
507	0.028664
508	0.029207
509	0.029790
510	0.030416
511	0.031088
512	0.031810
513	0.032585
514	0.033414
515	0.034297
516	0.035234
517	0.036219
518	0.037247
519	0.038310
520	0.039399
521	0.040505
522	0.041617
523	0.042727
524	0.043825
525	0.044903
526	0.045953
527	0.046969
528	0.047943
529	0.048872
530	0.049749
531	0.050572
532	0.051338
533	0.052047
534	0.052700
535	0.053296
536	0.053841
537	0.054337
538	0.054790
539	0.055207
540	0.055594
541	0.055956
542	0.056300
543	0.056630
544	0.056950
545	0.057261
546	0.057564
547	0.057857
548	0.058137
549	0.058398
550	0.058635
551	0.058839
552	0.059003
553	0.059116
554	0.059169
555	0.059153
556	0.059062
557	0.058892
558	0.058640
559	0.058310
560	0.057908
561	0.057442
562	0.056924
563	0.056367
564	0.055785
565	0.055191
566	0.054594
567	0.054002
568	0.053421
569	0.052853
570	0.052298
571	0.051758
572	0.051228
573	0.050708
574	0.050197
575	0.049695
576	0.049203
577	0.048726
578	0.048265
579	0.047825
580	0.047408
581	0.047019
582	0.046660
583	0.046331
584	0.046032
585	0.045763
586	0.045520
587	0.045300
588	0.045100
589	0.044920
590	0.044759
591	0.044616
592	0.044492
593	0.044386
594	0.044299
595	0.044230
596	0.044174
597	0.044127
598	0.044083
599	0.044035
600	0.043973
601	0.043893
602	0.043788
603	0.043655
604	0.043494
605	0.043304
606	0.043088
607	0.042847
608	0.042586
609	0.042309
610	0.042019
611	0.041721
612	0.041420
613	0.041120
614	0.040828
615	0.040546
616	0.040282
617	0.040038
618	0.039818
619	0.039626
620	0.039463
621	0.039330
622	0.039226
623	0.039152
624	0.039104
625	0.039080
626	0.039077
627	0.039089
628	0.039110
629	0.039131
630	0.039146
631	0.039146
632	0.039123
633	0.039069
634	0.038978
635	0.038846
636	0.038668
637	0.038446
638	0.038181
639	0.037875
640	0.037535
641	0.037167
642	0.036779
643	0.036381
644	0.035982
645	0.035592
646	0.035222
647	0.034877
648	0.034565
649	0.034288
650	0.034044
651	0.033828
652	0.033632
653	0.033446
654	0.033258
655	0.033057
656	0.032833
657	0.032582
658	0.032302
659	0.031994
660	0.031665
661	0.031322
662	0.030976
663	0.030635
664	0.030310
665	0.030007
666	0.029734
667	0.029494
668	0.029289
669	0.029120
670	0.028987
671	0.028888
672	0.028821
673	0.028785
674	0.028776
675	0.028793
676	0.028838
677	0.028914
678	0.029028
679	0.029191
680	0.029416
681	0.029716
682	0.030106
683	0.030601
684	0.031218
685	0.031971
686	0.032877
687	0.033948
688	0.035198
689	0.036643
690	0.038296
691	0.040172
692	0.042282
693	0.044634
694	0.047231
695	0.050067
696	0.053133
697	0.056413
698	0.059887
699	0.063529
700	0.067313
701	0.071212
702	0.075204
703	0.079269
704	0.083396
705	0.087578
706	0.091812
707	0.096099
708	0.100447
709	0.104868
710	0.109378
711	0.113995
712	0.118734
713	0.123611
714	0.128634
715	0.133810
716	0.139137
717	0.144608
718	0.150207
719	0.155915
720	0.161709
721	0.167567
722	0.173472
723	0.179409
724	0.185363
725	0.191316
726	0.197250
727	0.203143
728	0.208972
729	0.214712
730	0.220339
731	0.225830
732	0.231164
733	0.236326
734	0.241307
735	0.246100
736	0.250704
737	0.255117
738	0.259334
739	0.263352
740	0.267167
741	0.270776
742	0.274178
743	0.277373
744	0.280363
745	0.283154
746	0.285754
747	0.288173
748	0.290419
749	0.292501
750	0.294428
751	0.296208
752	0.297852
753	0.299373
754	0.300785
755	0.302101
756	0.303330
757	0.304483
758	0.305567
759	0.306587
760	0.307543
761	0.308431
762	0.309244
763	0.309974
764	0.310619
765	0.311182
766	0.311673
767	0.312103
768	0.312485
769	0.312833
770	0.313161
771	0.313481
772	0.313804
773	0.314134
774	0.314474
775	0.314823
776	0.315177
777	0.315533
778	0.315889
779	0.316243
780	0.316590
781	0.316928
782	0.317254
783	0.317568
784	0.317869
785	0.318160
786	0.318443
787	0.318722
788	0.319000
789	0.319282
790	0.319568
791	0.319860
792	0.320154
793	0.320449
794	0.320741
795	0.321028
796	0.321307
797	0.321579
798	0.321843
799	0.322101
800	0.322357
801	0.322613
802	0.322873
803	0.323135
804	0.323397
805	0.323654
806	0.323899
807	0.324125
808	0.324331
809	0.324517
810	0.324686
811	0.324845
812	0.325002
813	0.325164
814	0.325342
815	0.325543
816	0.325771
817	0.326024
818	0.326297
819	0.326580
820	0.326865
821	0.327143
822	0.327409
823	0.327659
824	0.327890
825	0.328100
826	0.328290
827	0.328467
828	0.328639
829	0.328813
830	0.328994
831	0.329187
832	0.329389
833	0.329602
834	0.329824
835	0.330053
836	0.330287
837	0.330523
838	0.330759
839	0.330994
840	0.331229
841	0.331464
842	0.331699
843	0.331931
844	0.332157
845	0.332373
846	0.332577
847	0.332770
848	0.332955
849	0.333136
850	0.333320
851	0.333513
852	0.333719
853	0.333942
854	0.334179
855	0.334426
856	0.334675
857	0.334917
858	0.335147
859	0.335361
860	0.335561
861	0.335748
862	0.335928
863	0.336105
864	0.336284
865	0.336469
866	0.336661
867	0.336859
868	0.337059
869	0.337255
870	0.337443
871	0.337620
872	0.337787
873	0.337945
874	0.338096
875	0.338242
876	0.338384
877	0.338522
878	0.338658
879	0.338792
880	0.338925
881	0.339060
882	0.339197
883	0.339336
884	0.339476
885	0.339615
886	0.339748
887	0.339868
888	0.339965
889	0.340027
890	0.340046
891	0.340015
892	0.339941
893	0.339839
894	0.339733
895	0.339651
896	0.339616
897	0.339646
898	0.339746
899	0.339910
900	0.340119
901	0.340347
902	0.340563
903	0.340740
904	0.340856
905	0.340907
906	0.340899
907	0.340852
908	0.340791
909	0.340739
910	0.340716
911	0.340729
912	0.340780
913	0.340869
914	0.340992
915	0.341137
916	0.341281
917	0.341399
918	0.341471
919	0.341478
920	0.341413
921	0.341270
922	0.341050
923	0.340756
924	0.340395
925	0.339979
926	0.339523
927	0.339041
928	0.338542
929	0.338029
930	0.337497
931	0.336945
932	0.336376
933	0.335790
934	0.335189
935	0.334575
936	0.333949
937	0.333313
938	0.332667
939	0.332015
940	0.331356
941	0.330693
942	0.330028
943	0.329361
944	0.328694
945	0.328029
946	0.327367
947	0.326710
948	0.326060
949	0.325417
950	0.324783
951	0.324161
952	0.323550
953	0.322954
954	0.322373
955	0.321809
956	0.321263
957	0.320737
958	0.320233
959	0.319751
960	0.319294
961	0.318864
962	0.318460
963	0.318086
964	0.317742
965	0.317430
966	0.317152
967	0.316909
968	0.316703
969	0.316534
970	0.316406
971	0.316318
972	0.316273
973	0.316272
974	0.316317
975	0.316410
976	0.316551
977	0.316742
978	0.316985
979	0.317281
980	0.317632
981	0.318040
982	0.318510
983	0.319057
984	0.319680
985	0.320360
986	0.321076
987	0.321807
988	0.322538
989	0.323261
990	0.323973
991	0.324675
992	0.325366
993	0.326054
994	0.326752
995	0.327472
996	0.328227
997	0.329017
998	0.329833
999	0.330658
1000	0.331480
1001	0.332304
1002	0.333132
1003	0.333963
1004	0.334796
1005	0.335629
1006	0.336461
1007	0.337292
1008	0.338121
1009	0.338945
1010	0.339765
1011	0.340580
1012	0.341388
1013	0.342189
1014	0.342983
1015	0.343767
1016	0.344542
1017	0.345306
1018	0.346060
1019	0.346802
1020	0.347532
1021	0.348249
1022	0.348953
1023	0.349643
1024	0.350319
1025	0.350980
1026	0.351627
1027	0.352258
1028	0.352873
1029	0.353473
1030	0.354056
1031	0.354622
1032	0.355171
1033	0.355702
1034	0.356220
1035	0.356725
1036	0.357217
1037	0.357694
1038	0.358152
1039	0.358589
1040	0.359005
1041	0.359399
1042	0.359771
1043	0.360122
1044	0.360452
1045	0.360766
1046	0.361067
1047	0.361358
1048	0.361643
1049	0.361923
1050	0.362193
1051	0.362455
1052	0.362707
1053	0.362950
1054	0.363183
1055	0.363405
1056	0.363618
1057	0.363821
1058	0.364012
1059	0.364194
1060	0.364364
1061	0.364524
1062	0.364672
1063	0.364810
1064	0.364935
1065	0.365049
1066	0.365151
1067	0.365242
1068	0.365320
1069	0.365386
1070	0.365439
1071	0.365479
1072	0.365507
1073	0.365522
1074	0.365524
1075	0.365512
1076	0.365487
1077	0.365448
1078	0.365396
1079	0.365329
1080	0.365248
1081	0.365153
1082	0.365043
1083	0.364919
1084	0.364780
1085	0.364625
1086	0.364456
1087	0.364271
1088	0.364071
1089	0.363855
1090	0.363623
1091	0.363375
1092	0.363110
1093	0.362824
1094	0.362517
1095	0.362192
1096	0.361856
1097	0.361519
1098	0.361187
1099	0.360869
1100	0.360565
1101	0.360276
1102	0.359992
1103	0.359700
1104	0.359378
1105	0.359003
1106	0.358550
1107	0.358004
1108	0.357358
1109	0.356620
1110	0.355812
1111	0.354959
1112	0.354097
1113	0.353262
1114	0.352491
1115	0.351810
1116	0.351235
1117	0.350770
1118	0.350400
1119	0.350103
1120	0.349845
1121	0.349590
1122	0.349303
1123	0.348950
1124	0.348505
1125	0.347951
1126	0.347276
1127	0.346481
1128	0.345572
1129	0.344556
1130	0.343443
1131	0.342236
1132	0.340929
1133	0.339513
1134	0.337970
1135	0.336280
1136	0.334424
1137	0.332385
1138	0.330158
1139	0.327754
1140	0.325204
1141	0.322559
1142	0.319882
1143	0.317244
1144	0.314716
1145	0.312356
1146	0.310208
1147	0.308296
1148	0.306627
1149	0.305188
1150	0.303952
1151	0.302885
1152	0.301950
1153	0.301116
1154	0.300360
1155	0.299665
1156	0.299023
1157	0.298429
1158	0.297883
1159	0.297383
1160	0.296931
1161	0.296529
1162	0.296175
1163	0.295869
1164	0.295606
1165	0.295383
1166	0.295193
1167	0.295030
1168	0.294888
1169	0.294759
1170	0.294637
1171	0.294516
1172	0.294392
1173	0.294260
1174	0.294121
1175	0.293976
1176	0.293830
1177	0.293689
1178	0.293561
1179	0.293454
1180	0.293374
1181	0.293321
1182	0.293295
1183	0.293287
1184	0.293287
1185	0.293282
1186	0.293258
1187	0.293207
1188	0.293121
1189	0.293002
1190	0.292858
1191	0.292702
1192	0.292553
1193	0.292428
1194	0.292343
1195	0.292309
1196	0.292332
1197	0.292412
1198	0.292543
1199	0.292719
1200	0.292928
1201	0.293159
1202	0.293400
1203	0.293641
1204	0.293876
1205	0.294101
1206	0.294317
1207	0.294526
1208	0.294732
1209	0.294940
1210	0.295155
1211	0.295381
1212	0.295624
1213	0.295882
1214	0.296155
1215	0.296436
1216	0.296720
1217	0.297004
1218	0.297289
1219	0.297575
1220	0.297867
1221	0.298169
1222	0.298486
1223	0.298818
1224	0.299167
1225	0.299531
1226	0.299904
1227	0.300279
1228	0.300650
1229	0.301011
1230	0.301359
1231	0.301696
1232	0.302023
1233	0.302343
1234	0.302657
1235	0.302964
1236	0.303264
1237	0.303555
1238	0.303834
1239	0.304100
1240	0.304353
1241	0.304593
1242	0.304823
1243	0.305048
1244	0.305272
1245	0.305501
1246	0.305737
1247	0.305981
1248	0.306231
1249	0.306482
1250	0.306728
1251	0.306963
1252	0.307177
1253	0.307363
1254	0.307514
1255	0.307629
1256	0.307711
1257	0.307769
1258	0.307816
1259	0.307867
1260	0.307937
1261	0.308037
1262	0.308176
1263	0.308356
1264	0.308573
1265	0.308819
1266	0.309080
1267	0.309341
1268	0.309585
1269	0.309799
1270	0.309973
1271	0.310100
1272	0.310177
1273	0.310202
1274	0.310177
1275	0.310103
1276	0.309986
1277	0.309831
1278	0.309641
1279	0.309419
1280	0.309163
1281	0.308870
1282	0.308534
1283	0.308151
1284	0.307716
1285	0.307229
1286	0.306692
1287	0.306110
1288	0.305492
1289	0.304846
1290	0.304182
1291	0.303505
1292	0.302819
1293	0.302122
1294	0.301411
1295	0.300677
1296	0.299914
1297	0.299116
1298	0.298279
1299	0.297403
1300	0.296488
1301	0.295537
1302	0.294553
1303	0.293537
1304	0.292495
1305	0.291428
1306	0.290334
1307	0.289209
1308	0.288049
1309	0.286854
1310	0.285628
1311	0.284376
1312	0.283104
1313	0.281816
1314	0.280516
1315	0.279204
1316	0.277885
1317	0.276556
1318	0.275216
1319	0.273860
1320	0.272483
1321	0.271080
1322	0.269650
1323	0.268198
1324	0.266725
1325	0.265231
1326	0.263718
1327	0.262185
1328	0.260634
1329	0.259065
1330	0.257478
1331	0.255874
1332	0.254253
1333	0.252617
1334	0.250966
1335	0.249300
1336	0.247619
1337	0.245925
1338	0.244218
1339	0.242499
1340	0.240768
1341	0.239025
1342	0.237272
1343	0.235508
1344	0.233735
1345	0.231953
1346	0.230163
1347	0.228364
1348	0.226558
1349	0.224746
1350	0.222927
1351	0.221102
1352	0.219273
1353	0.217439
1354	0.215601
1355	0.213759
1356	0.211915
1357	0.210069
1358	0.208220
1359	0.206371
1360	0.204522
1361	0.202672
1362	0.200823
1363	0.198975
1364	0.197128
1365	0.195285
1366	0.193446
1367	0.191611
1368	0.189780
1369	0.187953
1370	0.186127
1371	0.184302
1372	0.182475
1373	0.180647
1374	0.178817
1375	0.176984
1376	0.175149
1377	0.173312
1378	0.171474
1379	0.169638
1380	0.167802
1381	0.165968
1382	0.164134
1383	0.162299
1384	0.160465
1385	0.158630
1386	0.156795
1387	0.154960
1388	0.153126
1389	0.151291
1390	0.149456
1391	0.147612
1392	0.145741
1393	0.143867
1394	0.142032
1395	0.140265
1396	0.138572
1397	0.136930
1398	0.135305
1399	0.133661
1400	0.131967
1401	0.130204
1402	0.128353
1403	0.126401
1404	0.124345
1405	0.122203
1406	0.120015
1407	0.117833
1408	0.115704
1409	0.113643
1410	0.111627
1411	0.109643
1412	0.107694
1413	0.105779
1414	0.103901
1415	0.102059
1416	0.100256
1417	0.098492
1418	0.096769
1419	0.095087
1420	0.093446
1421	0.091850
1422	0.090297
1423	0.088791
1424	0.087330
1425	0.085917
1426	0.084553
1427	0.083238
1428	0.081973
1429	0.080761
1430	0.079600
1431	0.078494
1432	0.077442
1433	0.076446
1434	0.075507
1435	0.074626
1436	0.073803
1437	0.073040
1438	0.072339
1439	0.071699
1440	0.071122
1441	0.070609
1442	0.070161
1443	0.069780
1444	0.069465
1445	0.069219
1446	0.069041
1447	0.068934
1448	0.068898
1449	0.068935
1450	0.069045
1451	0.069229
1452	0.069510
1453	0.069935
1454	0.070485
1455	0.071083
1456	0.071630
1457	0.072048
1458	0.072292
1459	0.072354
1460	0.072254
1461	0.072031
1462	0.071733
1463	0.071427
1464	0.071191
1465	0.071097
1466	0.071190
1467	0.071467
1468	0.071874
1469	0.072330
1470	0.072784
1471	0.073253
1472	0.073745
1473	0.074258
1474	0.074788
1475	0.075333
1476	0.075885
1477	0.076434
1478	0.076971
1479	0.077493
1480	0.078000
1481	0.078505
1482	0.079024
1483	0.079573
1484	0.080167
1485	0.080812
1486	0.081502
1487	0.082221
1488	0.082949
1489	0.083661
1490	0.084339
1491	0.084973
1492	0.085561
1493	0.086111
1494	0.086641
1495	0.087170
1496	0.087721
1497	0.088311
1498	0.088948
1499	0.089632
1500	0.090356
1501	0.091105
1502	0.091867
1503	0.092627
1504	0.093377
1505	0.094112
1506	0.094830
1507	0.095535
1508	0.096232
1509	0.096926
1510	0.097621
1511	0.098321
1512	0.099029
1513	0.099747
1514	0.100478
1515	0.101226
1516	0.101991
1517	0.102770
1518	0.103563
1519	0.104363
1520	0.105165
1521	0.105964
1522	0.106754
1523	0.107531
1524	0.108293
1525	0.109044
1526	0.109788
1527	0.110529
1528	0.111273
1529	0.112021
1530	0.112773
1531	0.113529
1532	0.114286
1533	0.115042
1534	0.115797
1535	0.116550
1536	0.117302
1537	0.118054
1538	0.118807
1539	0.119565
1540	0.120329
1541	0.121099
1542	0.121870
1543	0.122640
1544	0.123403
1545	0.124158
1546	0.124901
1547	0.125633
1548	0.126352
1549	0.127057
1550	0.127748
1551	0.128430
1552	0.129104
1553	0.129775
1554	0.130446
1555	0.131117
1556	0.131789
1557	0.132461
1558	0.133134
1559	0.133808
1560	0.134482
1561	0.135155
1562	0.135826
1563	0.136495
1564	0.137162
1565	0.137826
1566	0.138487
1567	0.139143
1568	0.139792
1569	0.140432
1570	0.141062
1571	0.141682
1572	0.142293
1573	0.142898
1574	0.143501
1575	0.144105
1576	0.144710
1577	0.145317
1578	0.145923
1579	0.146524
1580	0.147119
1581	0.147704
1582	0.148278
1583	0.148842
1584	0.149397
1585	0.149946
1586	0.150494
1587	0.151044
1588	0.151599
1589	0.152159
1590	0.152721
1591	0.153283
1592	0.153842
1593	0.154397
1594	0.154947
1595	0.155492
1596	0.156031
1597	0.156562
1598	0.157088
1599	0.157610
1600	0.158132
1601	0.158653
1602	0.159175
1603	0.159700
1604	0.160228
1605	0.160764
1606	0.161309
1607	0.161862
1608	0.162419
1609	0.162972
1610	0.163515
1611	0.164040
1612	0.164543
1613	0.165022
1614	0.165476
1615	0.165907
1616	0.166321
1617	0.166723
1618	0.167119
1619	0.167513
1620	0.167907
1621	0.168298
1622	0.168686
1623	0.169070
1624	0.169451
1625	0.169829
1626	0.170207
1627	0.170586
1628	0.170966
1629	0.171348
1630	0.171731
1631	0.172115
1632	0.172500
1633	0.172886
1634	0.173273
1635	0.173661
1636	0.174053
1637	0.174448
1638	0.174844
1639	0.175238
1640	0.175624
1641	0.175996
1642	0.176351
1643	0.176687
1644	0.177004
1645	0.177304
1646	0.177591
1647	0.177869
1648	0.178142
1649	0.178412
1650	0.178678
1651	0.178938
1652	0.179188
1653	0.179421
1654	0.179636
1655	0.179829
1656	0.180000
1657	0.180151
1658	0.180284
1659	0.180404
1660	0.180517
1661	0.180624
1662	0.180725
1663	0.180819
1664	0.180900
1665	0.180965
1666	0.181009
1667	0.181032
1668	0.181037
1669	0.181027
1670	0.181009
1671	0.180988
1672	0.180974
1673	0.180974
1674	0.180991
1675	0.181026
1676	0.181075
1677	0.181131
1678	0.181184
1679	0.181227
1680	0.181249
1681	0.181244
1682	0.181206
1683	0.181133
1684	0.181024
1685	0.180882
1686	0.180711
1687	0.180515
1688	0.180299
1689	0.180066
1690	0.179819
1691	0.179564
1692	0.179304
1693	0.179044
1694	0.178787
1695	0.178540
1696	0.178305
1697	0.178084
1698	0.177874
1699	0.177672
1700	0.177472
1701	0.177272
1702	0.177069
1703	0.176865
1704	0.176664
1705	0.176466
1706	0.176272
1707	0.176080
1708	0.175886
1709	0.175684
1710	0.175468
1711	0.175233
1712	0.174975
1713	0.174696
1714	0.174400
1715	0.174097
1716	0.173794
1717	0.173497
1718	0.173205
1719	0.172915
1720	0.172620
1721	0.172310
1722	0.171980
1723	0.171625
1724	0.171243
1725	0.170839
1726	0.170418
1727	0.169987
1728	0.169555
1729	0.169129
1730	0.168715
1731	0.168317
1732	0.167936
1733	0.167568
1734	0.167210
1735	0.166854
1736	0.166491
1737	0.166114
1738	0.165716
1739	0.165293
1740	0.164848
1741	0.164384
1742	0.163912
1743	0.163440
1744	0.162979
1745	0.162532
1746	0.162097
1747	0.161668
1748	0.161230
1749	0.160773
1750	0.160286
1751	0.159768
1752	0.159222
1753	0.158664
1754	0.158112
1755	0.157586
1756	0.157100
1757	0.156659
1758	0.156256
1759	0.155873
1760	0.155484
1761	0.155063
1762	0.154591
1763	0.154056
1764	0.153463
1765	0.152828
1766	0.152183
1767	0.151563
1768	0.151004
1769	0.150530
1770	0.150151
1771	0.149857
1772	0.149627
1773	0.149425
1774	0.149216
1775	0.148968
1776	0.148657
1777	0.148273
1778	0.147814
1779	0.147292
1780	0.146724
1781	0.146130
1782	0.145525
1783	0.144921
1784	0.144324
1785	0.143735
1786	0.143152
1787	0.142571
1788	0.141990
1789	0.141408
1790	0.140826
1791	0.140244
1792	0.139662
1793	0.139080
1794	0.138498
1795	0.137916
1796	0.137335
1797	0.136753
1798	0.136171
1799	0.135589
1800	0.135007
1801	0.134425
1802	0.133843
1803	0.133261
1804	0.132679
1805	0.132097
1806	0.131515
1807	0.130933
1808	0.130351
1809	0.129769
1810	0.129187
1811	0.128605
1812	0.128023
1813	0.127441
1814	0.126859
1815	0.126277
1816	0.125695
1817	0.125113
1818	0.124531
1819	0.123949
1820	0.123367
1821	0.122785
1822	0.122203
1823	0.121621
1824	0.121039
1825	0.120457
1826	0.119875
1827	0.119293
1828	0.118712
1829	0.118130
1830	0.117548
1831	0.116966
1832	0.116384
1833	0.115802
1834	0.115220
1835	0.114638
1836	0.114056
1837	0.113474
1838	0.112892
1839	0.112310
1840	0.111728
1841	0.111146
1842	0.110564
1843	0.109982
1844	0.109400
1845	0.108818
1846	0.108236
1847	0.107654
1848	0.107072
1849	0.106490
1850	0.105908
1851	0.105326
1852	0.104744
1853	0.104162
1854	0.103580
1855	0.102998
1856	0.102416
1857	0.101834
1858	0.101252
1859	0.100670
1860	0.100089
1861	0.099507
1862	0.098925
1863	0.098343
1864	0.097761
1865	0.097179
1866	0.096597
1867	0.096015
1868	0.095433
1869	0.094851
1870	0.094269
1871	0.093687
1872	0.093105
1873	0.092523
1874	0.091941
1875	0.091359
1876	0.090777
1877	0.090195
1878	0.089613
1879	0.089031
1880	0.088449
1881	0.087867
1882	0.087285
1883	0.086703
1884	0.086121
1885	0.085539
1886	0.084957
1887	0.084375
1888	0.083793
1889	0.083211
1890	0.082629
1891	0.082048
1892	0.081466
1893	0.080884
1894	0.080302
1895	0.079720
1896	0.079138
1897	0.078556
1898	0.077974
1899	0.077392
1900	0.076810
1901	0.076228
1902	0.075646
1903	0.075064
1904	0.074482
1905	0.073900
1906	0.073318
1907	0.072736
1908	0.072154
1909	0.071572
1910	0.070990
1911	0.070408
1912	0.069826
1913	0.069244
1914	0.068662
1915	0.068080
1916	0.067498
1917	0.066916
1918	0.066334
1919	0.065752
1920	0.065170
1921	0.064588
1922	0.064006
1923	0.063425
1924	0.062843
1925	0.062261
1926	0.061679
1927	0.061097
1928	0.060515
1929	0.059933
1930	0.059351
1931	0.058769
1932	0.058187
1933	0.057605
1934	0.057023
1935	0.056441
1936	0.055859
1937	0.055277
1938	0.054695
1939	0.054113
1940	0.053531
1941	0.052939
1942	0.052324
1943	0.051708
1944	0.051134
1945	0.050627
1946	0.050184
1947	0.049777
1948	0.049366
1949	0.048913
1950	0.048394
1951	0.047794
1952	0.047103
1953	0.046318
1954	0.045449
1955	0.044523
1956	0.043590
1957	0.042706
1958	0.041917
1959	0.041231
1960	0.040619
1961	0.040065
1962	0.039567
1963	0.039125
1964	0.038736
1965	0.038399
1966	0.038111
1967	0.037872
1968	0.037679
1969	0.037530
1970	0.037425
1971	0.037360
1972	0.037335
1973	0.037348
1974	0.037396
1975	0.037479
1976	0.037594
1977	0.037740
1978	0.037915
1979	0.038118
1980	0.038346
1981	0.038597
1982	0.038871
1983	0.039165
1984	0.039478
1985	0.039807
1986	0.040152
1987	0.040510
1988	0.040879
1989	0.041259
1990	0.041647
1991	0.042041
1992	0.042440
1993	0.042842
1994	0.043245
1995	0.043647
1996	0.044048
1997	0.044444
1998	0.044835
1999	0.045218
2000	0.045592
2001	0.045956
2002	0.046300
2003	0.046606
2004	0.046873
2005	0.047124
2006	0.047398
2007	0.047734
2008	0.048165
2009	0.048701
2010	0.049332
2011	0.050029
2012	0.050747
2013	0.051429
2014	0.052017
2015	0.052455
2016	0.052712
2017	0.052783
2018	0.052702
2019	0.052533
2020	0.052344
2021	0.052182
2022	0.052080
2023	0.052053
2024	0.052097
2025	0.052190
2026	0.052298
2027	0.052389
2028	0.052439
2029	0.052438
2030	0.052390
2031	0.052317
2032	0.052255
2033	0.052242
2034	0.052315
2035	0.052497
2036	0.052798
2037	0.053208
2038	0.053704
2039	0.054254
2040	0.054828
2041	0.055404
2042	0.055970
2043	0.056525
2044	0.057072
2045	0.057610
2046	0.058131
2047	0.058615
2048	0.059036
2049	0.059365
2050	0.059586
2051	0.059693
2052	0.059701
2053	0.059645
2054	0.059593
2055	0.059624
2056	0.059794
2057	0.060123
2058	0.060593
2059	0.061159
2060	0.061767
2061	0.062362
2062	0.062898
2063	0.063342
2064	0.063677
2065	0.063909
2066	0.064064
2067	0.064183
2068	0.064309
2069	0.064472
2070	0.064675
2071	0.064897
2072	0.065132
2073	0.065378
2074	0.065635
2075	0.065901
2076	0.066177
2077	0.066461
2078	0.066754
2079	0.067054
2080	0.067362
2081	0.067676
2082	0.067996
2083	0.068321
2084	0.068651
2085	0.068986
2086	0.069325
2087	0.069668
2088	0.070013
2089	0.070362
2090	0.070712
2091	0.071065
2092	0.071419
2093	0.071774
2094	0.072130
2095	0.072487
2096	0.072844
2097	0.073200
2098	0.073557
2099	0.073912
2100	0.074267
2101	0.074620
2102	0.074971
2103	0.075321
2104	0.075670
2105	0.076016
2106	0.076359
2107	0.076701
2108	0.077039
2109	0.077375
2110	0.077708
2111	0.078038
2112	0.078365
2113	0.078689
2114	0.079010
2115	0.079327
2116	0.079641
2117	0.079952
2118	0.080259
2119	0.080563
2120	0.080864
2121	0.081162
2122	0.081456
2123	0.081747
2124	0.082035
2125	0.082320
2126	0.082602
2127	0.082881
2128	0.083158
2129	0.083432
2130	0.083704
2131	0.083974
2132	0.084241
2133	0.084507
2134	0.084772
2135	0.085035
2136	0.085297
2137	0.085558
2138	0.085819
2139	0.086080
2140	0.086340
2141	0.086601
2142	0.086863
2143	0.087126
2144	0.087390
2145	0.087656
2146	0.087925
2147	0.088196
2148	0.088470
2149	0.088748
2150	0.089029
2151	0.089315
2152	0.089615
2153	0.089950
2154	0.090306
2155	0.090649
2156	0.090938
2157	0.091147
2158	0.091267
2159	0.091308
2160	0.091286
2161	0.091220
2162	0.091129
2163	0.091040
2164	0.090981
2165	0.090979
2166	0.091048
2167	0.091181
2168	0.091350
2169	0.091519
2170	0.091671
2171	0.091819
2172	0.091972
2173	0.092129
2174	0.092289
2175	0.092453
2176	0.092619
2177	0.092789
2178	0.092960
2179	0.093134
2180	0.093309
2181	0.093486
2182	0.093663
2183	0.093842
2184	0.094020
2185	0.094199
2186	0.094378
2187	0.094556
2188	0.094734
2189	0.094910
2190	0.095085
2191	0.095258
2192	0.095429
2193	0.095598
2194	0.095764
2195	0.095928
2196	0.096088
2197	0.096245
2198	0.096398
2199	0.096547
2200	0.096691
2201	0.096831
2202	0.096966
2203	0.097096
2204	0.097221
2205	0.097340
2206	0.097452
2207	0.097559
2208	0.097659
2209	0.097752
2210	0.097838
2211	0.097917
2212	0.097988
2213	0.098051
2214	0.098106
2215	0.098153
2216	0.098191
2217	0.098221
2218	0.098241
2219	0.098252
2220	0.098253
2221	0.098244
2222	0.098225
2223	0.098196
2224	0.098156
2225	0.098106
2226	0.098044
2227	0.097971
2228	0.097886
2229	0.097790
2230	0.097681
2231	0.097560
2232	0.097427
2233	0.097281
2234	0.097123
2235	0.096951
2236	0.096765
2237	0.096566
2238	0.096354
2239	0.096127
2240	0.095886
2241	0.095630
2242	0.095360
2243	0.095075
2244	0.094775
2245	0.094460
2246	0.094129
2247	0.093783
2248	0.093421
2249	0.093042
2250	0.092648
2251	0.092237
2252	0.091824
2253	0.091431
2254	0.091004
2255	0.090474
2256	0.089809
2257	0.089042
2258	0.088251
2259	0.087532
2260	0.086967
2261	0.086611
2262	0.086489
2263	0.086612
2264	0.086972
2265	0.087530
2266	0.088210
2267	0.088905
2268	0.089502
2269	0.089921
2270	0.090159
2271	0.090282
2272	0.090323
2273	0.090287
2274	0.090184
2275	0.090020
2276	0.089800
2277	0.089533
2278	0.089223
2279	0.088878
2280	0.088502
2281	0.088102
2282	0.087682
2283	0.087248
2284	0.086805
2285	0.086358
2286	0.085911
2287	0.085467
2288	0.085033
2289	0.084610
2290	0.084203
2291	0.083815
2292	0.083450
2293	0.083111
2294	0.082799
2295	0.082518
2296	0.082271
2297	0.082058
2298	0.081883
2299	0.081746
2300	0.081650
2301	0.081595
2302	0.081583
2303	0.081614
2304	0.081689
2305	0.081809
2306	0.081973
2307	0.082181
2308	0.082434
2309	0.082731
2310	0.083070
2311	0.083452
2312	0.083875
2313	0.084338
2314	0.084839
2315	0.085376
2316	0.085948
2317	0.086552
2318	0.087185
2319	0.087846
2320	0.088531
2321	0.089238
2322	0.089962
2323	0.090701
2324	0.091451
2325	0.092207
2326	0.092967
2327	0.093724
2328	0.094476
2329	0.095216
2330	0.095940
2331	0.096643
2332	0.097319
2333	0.097963
2334	0.098569
2335	0.099130
2336	0.099640
2337	0.100094
2338	0.100483
2339	0.100802
2340	0.101042
2341	0.101198
2342	0.101260
2343	0.101221
2344	0.101073
2345	0.100809
2346	0.100418
2347	0.099894
2348	0.099226
2349	0.098406
2350	0.097424
2351	0.096272
2352	0.094911
2353	0.093275
2354	0.091375
2355	0.089293
2356	0.087140
2357	0.085004
2358	0.082940
2359	0.080962
2360	0.079062
2361	0.077220
2362	0.075410
2363	0.073582
2364	0.071663
2365	0.069577
2366	0.067268
2367	0.064732
2368	0.062020
2369	0.059217
2370	0.056371
2371	0.053454
2372	0.050445
2373	0.047343
2374	0.044150
2375	0.040865
2376	0.037489
2377	0.034020
2378	0.030459
2379	0.026807
2380	0.023063
2381	0.019226
2382	0.015298
2383	0.011278
2384	0.007167
2385	0.002963
2386	-0.001333
2387	-0.005720
2388	-0.010199
2389	-0.014771
2390	-0.019434
2391	-0.024189
2392	-0.029035
2393	-0.033974
2394	-0.039004
2395	-0.044127
2396	-0.049341
2397	-0.054647
2398	-0.060045
2399	-0.065535
2400	-0.071117
2401	-0.076791
2402	-0.082556
2403	-0.088413
2404	-0.094363
2405	-0.100404
2406	-0.106537
2407	-0.112762
2408	-0.119078
2409	-0.125487
2410	-0.131987
2411	-0.138580
2412	-0.145264
2413	-0.152040
2414	-0.158908
2415	-0.165868
2416	-0.172919
2417	-0.180063
2418	-0.187299
2419	-0.194626
2420	-0.202045
2421	-0.209556
2422	-0.217159
2423	-0.224854
2424	-0.232640
2425	-0.240519
2426	-0.248489
2427	-0.256552
2428	-0.264706
2429	-0.272952
2430	-0.281290
2431	-0.289720
2432	-0.298241
2433	-0.306855
2434	-0.315560
2435	-0.324357
2436	-0.333247
2437	-0.342228
2438	-0.351300
2439	-0.360465
2440	-0.369722
2441	-0.379070
2442	-0.388511
2443	-0.398043
2444	-0.407667
2445	-0.417383
2446	-0.427191
2447	-0.437091
2448	-0.447082
2449	-0.457166
2450	-0.467341
2451	-0.477608
2452	-0.487967
2453	-0.498418
2454	-0.508961
2455	-0.519596
2456	-0.530322
2457	-0.541141
2458	-0.552051
2459	-0.563053
2460	-0.574147
2461	-0.585333
2462	-0.596611
2463	-0.607981
2464	-0.619442
2465	-0.630996
2466	-0.642641
2467	-0.654378
2468	-0.666207
2469	-0.678128
2470	-0.690141
2471	-0.702245
2472	-0.714442
2473	-0.726730
2474	-0.739111
2475	-0.751583
2476	-0.764147
2477	-0.776803
2478	-0.789550
2479	-0.802390
2480	-0.815321
2481	-0.828345
2482	-0.841460
2483	-0.854667
2484	-0.867966
2485	-0.881357
2486	-0.894840
2487	-0.908414
2488	-0.922081
2489	-0.935839
2490	-0.949689
2491	-0.963631
2492	-0.977665
2493	-0.991791
2494	-1.006009
2495	-1.020318
2496	-1.034720
2497	-1.049213
2498	-1.063798
2499	-1.078475
2500	-1.093244
