350	0.997991
351	0.998076
352	0.998149
353	0.998208
354	0.998256
355	0.998290
356	0.998313
357	0.998323
358	0.998321
359	0.998305
360	0.998276
361	0.998231
362	0.998176
363	0.998113
364	0.998045
365	0.997979
366	0.997919
367	0.997871
368	0.997840
369	0.997828
370	0.997836
371	0.997862
372	0.997903
373	0.997955
374	0.998012
375	0.998069
376	0.998120
377	0.998161
378	0.998189
379	0.998200
380	0.998194
381	0.998169
382	0.998128
383	0.998071
384	0.998004
385	0.997930
386	0.997856
387	0.997790
388	0.997742
389	0.997716
390	0.997716
391	0.997739
392	0.997776
393	0.997819
394	0.997860
395	0.997892
396	0.997909
397	0.997908
398	0.997892
399	0.997866
400	0.997837
401	0.997816
402	0.997808
403	0.997816
404	0.997837
405	0.997866
406	0.997894
407	0.997916
408	0.997926
409	0.997921
410	0.997901
411	0.997869
412	0.997831
413	0.997793
414	0.997759
415	0.997734
416	0.997717
417	0.997709
418	0.997707
419	0.997708
420	0.997711
421	0.997712
422	0.997713
423	0.997713
424	0.997715
425	0.997718
426	0.997723
427	0.997727
428	0.997732
429	0.997735
430	0.997738
431	0.997738
432	0.997737
433	0.997734
434	0.997730
435	0.997724
436	0.997719
437	0.997714
438	0.997708
439	0.997701
440	0.997693
441	0.997683
442	0.997673
443	0.997664
444	0.997656
445	0.997652
446	0.997650
447	0.997652
448	0.997656
449	0.997663
450	0.997670
451	0.997677
452	0.997680
453	0.997679
454	0.997674
455	0.997665
456	0.997654
457	0.997643
458	0.997634
459	0.997626
460	0.997620
461	0.997616
462	0.997615
463	0.997616
464	0.997619
465	0.997624
466	0.997630
467	0.997637
468	0.997645
469	0.997655
470	0.997667
471	0.997680
472	0.997690
473	0.997697
474	0.997699
475	0.997697
476	0.997693
477	0.997687
478	0.997683
479	0.997680
480	0.997681
481	0.997685
482	0.997693
483	0.997703
484	0.997714
485	0.997723
486	0.997728
487	0.997728
488	0.997724
489	0.997717
490	0.997710
491	0.997702
492	0.997696
493	0.997692
494	0.997690
495	0.997691
496	0.997695
497	0.997700
498	0.997705
499	0.997710
500	0.997713
501	0.997715
502	0.997716
503	0.997719
504	0.997723
505	0.997727
506	0.997731
507	0.997734
508	0.997735
509	0.997735
510	0.997733
511	0.997730
512	0.997724
513	0.997717
514	0.997711
515	0.997707
516	0.997707
517	0.997711
518	0.997717
519	0.997726
520	0.997734
521	0.997742
522	0.997749
523	0.997754
524	0.997758
525	0.997759
526	0.997757
527	0.997754
528	0.997750
529	0.997745
530	0.997741
531	0.997736
532	0.997731
533	0.997726
534	0.997722
535	0.997721
536	0.997722
537	0.997727
538	0.997736
539	0.997748
540	0.997762
541	0.997777
542	0.997793
543	0.997806
544	0.997816
545	0.997823
546	0.997825
547	0.997824
548	0.997822
549	0.997819
550	0.997816
551	0.997814
552	0.997815
553	0.997819
554	0.997824
555	0.997830
556	0.997835
557	0.997839
558	0.997839
559	0.997837
560	0.997831
561	0.997823
562	0.997813
563	0.997802
564	0.997791
565	0.997780
566	0.997772
567	0.997764
568	0.997756
569	0.997749
570	0.997743
571	0.997737
572	0.997734
573	0.997734
574	0.997738
575	0.997746
576	0.997757
577	0.997770
578	0.997784
579	0.997799
580	0.997813
581	0.997826
582	0.997840
583	0.997855
584	0.997872
585	0.997891
586	0.997912
587	0.997932
588	0.997950
589	0.997964
590	0.997972
591	0.997972
592	0.997966
593	0.997955
594	0.997940
595	0.997923
596	0.997906
597	0.997888
598	0.997870
599	0.997853
600	0.997836
601	0.997821
602	0.997809
603	0.997801
604	0.997796
605	0.997795
606	0.997796
607	0.997801
608	0.997805
609	0.997810
610	0.997815
611	0.997819
612	0.997823
613	0.997828
614	0.997835
615	0.997845
616	0.997855
617	0.997866
618	0.997876
619	0.997884
620	0.997889
621	0.997892
622	0.997891
623	0.997887
624	0.997880
625	0.997870
626	0.997858
627	0.997844
628	0.997830
629	0.997817
630	0.997808
631	0.997802
632	0.997801
633	0.997804
634	0.997811
635	0.997821
636	0.997830
637	0.997838
638	0.997845
639	0.997850
640	0.997857
641	0.997866
642	0.997879
643	0.997894
644	0.997911
645	0.997927
646	0.997941
647	0.997952
648	0.997958
649	0.997959
650	0.997957
651	0.997953
652	0.997950
653	0.997949
654	0.997950
655	0.997953
656	0.997957
657	0.997960
658	0.997962
659	0.997963
660	0.997964
661	0.997966
662	0.997968
663	0.997972
664	0.997977
665	0.997981
666	0.997983
667	0.997983
668	0.997977
669	0.997967
670	0.997953
671	0.997937
672	0.997921
673	0.997906
674	0.997895
675	0.997889
676	0.997886
677	0.997886
678	0.997889
679	0.997894
680	0.997899
681	0.997905
682	0.997909
683	0.997912
684	0.997913
685	0.997914
686	0.997912
687	0.997908
688	0.997902
689	0.997894
690	0.997884
691	0.997874
692	0.997865
693	0.997859
694	0.997857
695	0.997856
696	0.997857
697	0.997857
698	0.997857
699	0.997856
700	0.997852
701	0.997845
702	0.997837
703	0.997826
704	0.997816
705	0.997806
706	0.997799
707	0.997793
708	0.997792
709	0.997794
710	0.997801
711	0.997815
712	0.997836
713	0.997862
714	0.997892
715	0.997923
716	0.997950
717	0.997969
718	0.997980
719	0.997980
720	0.997971
721	0.997956
722	0.997940
723	0.997926
724	0.997916
725	0.997912
726	0.997912
727	0.997912
728	0.997909
729	0.997898
730	0.997877
731	0.997844
732	0.997801
733	0.997751
734	0.997699
735	0.997651
736	0.997611
737	0.997580
738	0.997560
739	0.997550
740	0.997547
741	0.997550
742	0.997554
743	0.997557
744	0.997555
745	0.997547
746	0.997532
747	0.997513
748	0.997492
749	0.997472
750	0.997455
751	0.997442
752	0.997435
753	0.997432
754	0.997433
755	0.997435
756	0.997439
757	0.997443
758	0.997447
759	0.997449
760	0.997452
761	0.997456
762	0.997464
763	0.997477
764	0.997493
765	0.997510
766	0.997526
767	0.997540
768	0.997551
769	0.997557
770	0.997558
771	0.997553
772	0.997542
773	0.997525
774	0.997504
775	0.997480
776	0.997456
777	0.997434
778	0.997415
779	0.997399
780	0.997387
781	0.997380
782	0.997377
783	0.997377
784	0.997379
785	0.997381
786	0.997384
787	0.997387
788	0.997390
789	0.997395
790	0.997402
791	0.997412
792	0.997426
793	0.997444
794	0.997464
795	0.997486
796	0.997506
797	0.997523
798	0.997535
799	0.997539
800	0.997536
801	0.997524
802	0.997506
803	0.997487
804	0.997471
805	0.997463
806	0.997467
807	0.997485
808	0.997514
809	0.997553
810	0.997596
811	0.997636
812	0.997668
813	0.997687
814	0.997689
815	0.997676
816	0.997650
817	0.997618
818	0.997588
819	0.997567
820	0.997558
821	0.997566
822	0.997587
823	0.997620
824	0.997660
825	0.997699
826	0.997731
827	0.997753
828	0.997760
829	0.997753
830	0.997734
831	0.997708
832	0.997677
833	0.997646
834	0.997617
835	0.997591
836	0.997569
837	0.997552
838	0.997540
839	0.997530
840	0.997523
841	0.997518
842	0.997516
843	0.997515
844	0.997516
845	0.997517
846	0.997519
847	0.997522
848	0.997526
849	0.997533
850	0.997545
851	0.997562
852	0.997583
853	0.997607
854	0.997631
855	0.997652
856	0.997666
857	0.997673
858	0.997672
859	0.997664
860	0.997652
861	0.997639
862	0.997630
863	0.997628
864	0.997634
865	0.997647
866	0.997665
867	0.997684
868	0.997701
869	0.997714
870	0.997721
871	0.997722
872	0.997717
873	0.997707
874	0.997693
875	0.997679
876	0.997667
877	0.997659
878	0.997657
879	0.997662
880	0.997674
881	0.997692
882	0.997716
883	0.997743
884	0.997769
885	0.997789
886	0.997802
887	0.997805
888	0.997798
889	0.997784
890	0.997767
891	0.997749
892	0.997733
893	0.997722
894	0.997719
895	0.997724
896	0.997736
897	0.997754
898	0.997777
899	0.997805
900	0.997840
901	0.997886
902	0.997944
903	0.998012
904	0.998086
905	0.998159
906	0.998226
907	0.998278
908	0.998308
909	0.998313
910	0.998290
911	0.998243
912	0.998180
913	0.998111
914	0.998046
915	0.997995
916	0.997964
917	0.997957
918	0.997974
919	0.998013
920	0.998072
921	0.998144
922	0.998224
923	0.998309
924	0.998393
925	0.998475
926	0.998553
927	0.998627
928	0.998695
929	0.998757
930	0.998816
931	0.998870
932	0.998921
933	0.998968
934	0.999012
935	0.999052
936	0.999089
937	0.999123
938	0.999153
939	0.999180
940	0.999205
941	0.999226
942	0.999244
943	0.999260
944	0.999273
945	0.999283
946	0.999290
947	0.999296
948	0.999299
949	0.999299
950	0.999297
951	0.999294
952	0.999288
953	0.999280
954	0.999270
955	0.999259
956	0.999245
957	0.999231
958	0.999214
959	0.999196
960	0.999177
961	0.999157
962	0.999135
963	0.999112
964	0.999088
965	0.999063
966	0.999037
967	0.999011
968	0.998984
969	0.998956
970	0.998927
971	0.998898
972	0.998869
973	0.998839
974	0.998810
975	0.998780
976	0.998750
977	0.998720
978	0.998690
979	0.998660
980	0.998631
981	0.998602
982	0.998573
983	0.998545
984	0.998518
985	0.998491
986	0.998466
987	0.998441
988	0.998418
989	0.998395
990	0.998374
991	0.998353
992	0.998333
993	0.998314
994	0.998296
995	0.998278
996	0.998261
997	0.998244
998	0.998229
999	0.998214
1000	0.998200
1001	0.998187
1002	0.998175
1003	0.998164
1004	0.998154
1005	0.998145
1006	0.998137
1007	0.998130
1008	0.998123
1009	0.998118
1010	0.998113
1011	0.998109
1012	0.998107
1013	0.998104
1014	0.998103
1015	0.998103
1016	0.998103
1017	0.998104
1018	0.998105
1019	0.998108
1020	0.998111
1021	0.998114
1022	0.998118
1023	0.998123
1024	0.998128
1025	0.998133
1026	0.998139
1027	0.998146
1028	0.998152
1029	0.998159
1030	0.998166
1031	0.998173
1032	0.998180
1033	0.998187
1034	0.998194
1035	0.998200
1036	0.998207
1037	0.998213
1038	0.998220
1039	0.998227
1040	0.998235
1041	0.998243
1042	0.998250
1043	0.998257
1044	0.998263
1045	0.998267
1046	0.998269
1047	0.998267
1048	0.998263
1049	0.998256
1050	0.998246
1051	0.998235
1052	0.998221
1053	0.998206
1054	0.998189
1055	0.998171
1056	0.998150
1057	0.998129
1058	0.998107
1059	0.998083
1060	0.998059
1061	0.998034
1062	0.998008
1063	0.997982
1064	0.997956
1065	0.997929
1066	0.997903
1067	0.997876
1068	0.997850
1069	0.997824
1070	0.997798
1071	0.997774
1072	0.997750
1073	0.997727
1074	0.997705
1075	0.997684
1076	0.997664
1077	0.997646
1078	0.997630
1079	0.997615
1080	0.997602
1081	0.997592
1082	0.997583
1083	0.997577
1084	0.997573
1085	0.997572
1086	0.997573
1087	0.997577
1088	0.997585
1089	0.997595
1090	0.997609
1091	0.997626
1092	0.997648
1093	0.997680
1094	0.997720
1095	0.997757
1096	0.997783
1097	0.997795
1098	0.997792
1099	0.997781
1100	0.997770
1101	0.997765
1102	0.997769
1103	0.997787
1104	0.997823
1105	0.997877
1106	0.997949
1107	0.998035
1108	0.998130
1109	0.998229
1110	0.998338
1111	0.998466
1112	0.998618
1113	0.998793
1114	0.998979
1115	0.999163
1116	0.999329
1117	0.999468
1118	0.999571
1119	0.999639
1120	0.999675
1121	0.999684
1122	0.999667
1123	0.999622
1124	0.999543
1125	0.999426
1126	0.999266
1127	0.999067
1128	0.998841
1129	0.998608
1130	0.998394
1131	0.998231
1132	0.998142
1133	0.998143
1134	0.998231
1135	0.998388
1136	0.998588
1137	0.998803
1138	0.999012
1139	0.999198
1140	0.999353
1141	0.999468
1142	0.999536
1143	0.999548
1144	0.999496
1145	0.999371
1146	0.999169
1147	0.998889
1148	0.998541
1149	0.998148
1150	0.997741
1151	0.997357
1152	0.997031
1153	0.996785
1154	0.996632
1155	0.996569
1156	0.996582
1157	0.996650
1158	0.996748
1159	0.996854
1160	0.996950
1161	0.997028
1162	0.997083
1163	0.997117
1164	0.997135
1165	0.997143
1166	0.997147
1167	0.997155
1168	0.997172
1169	0.997205
1170	0.997257
1171	0.997330
1172	0.997423
1173	0.997532
1174	0.997653
1175	0.997779
1176	0.997900
1177	0.998008
1178	0.998092
1179	0.998143
1180	0.998153
1181	0.998121
1182	0.998048
1183	0.997941
1184	0.997809
1185	0.997664
1186	0.997518
1187	0.997384
1188	0.997269
1189	0.997178
1190	0.997111
1191	0.997065
1192	0.997035
1193	0.997018
1194	0.997016
1195	0.997028
1196	0.997059
1197	0.997109
1198	0.997176
1199	0.997255
1200	0.997337
1201	0.997412
1202	0.997468
1203	0.997495
1204	0.997490
1205	0.997456
1206	0.997402
1207	0.997344
1208	0.997294
1209	0.997265
1210	0.997264
1211	0.997292
1212	0.997348
1213	0.997424
1214	0.997509
1215	0.997594
1216	0.997670
1217	0.997730
1218	0.997775
1219	0.997806
1220	0.997825
1221	0.997833
1222	0.997831
1223	0.997818
1224	0.997793
1225	0.997757
1226	0.997712
1227	0.997663
1228	0.997614
1229	0.997572
1230	0.997544
1231	0.997534
1232	0.997546
1233	0.997579
1234	0.997628
1235	0.997688
1236	0.997750
1237	0.997808
1238	0.997855
1239	0.997891
1240	0.997915
1241	0.997933
1242	0.997948
1243	0.997966
1244	0.997991
1245	0.998022
1246	0.998057
1247	0.998091
1248	0.998117
1249	0.998131
1250	0.998130
1251	0.998116
1252	0.998093
1253	0.998067
1254	0.998044
1255	0.998032
1256	0.998035
1257	0.998053
1258	0.998085
1259	0.998124
1260	0.998164
1261	0.998196
1262	0.998215
1263	0.998218
1264	0.998202
1265	0.998164
1266	0.998103
1267	0.998018
1268	0.997912
1269	0.997787
1270	0.997651
1271	0.997513
1272	0.997386
1273	0.997281
1274	0.997206
1275	0.997167
1276	0.997166
1277	0.997197
1278	0.997252
1279	0.997319
1280	0.997386
1281	0.997447
1282	0.997503
1283	0.997557
1284	0.997619
1285	0.997699
1286	0.997805
1287	0.997940
1288	0.998101
1289	0.998279
1290	0.998458
1291	0.998622
1292	0.998756
1293	0.998849
1294	0.998898
1295	0.998903
1296	0.998871
1297	0.998811
1298	0.998734
1299	0.998650
1300	0.998570
1301	0.998503
1302	0.998453
1303	0.998425
1304	0.998420
1305	0.998440
1306	0.998478
1307	0.998523
1308	0.998564
1309	0.998592
1310	0.998600
1311	0.998590
1312	0.998564
1313	0.998527
1314	0.998486
1315	0.998448
1316	0.998419
1317	0.998405
1318	0.998408
1319	0.998424
1320	0.998448
1321	0.998471
1322	0.998492
1323	0.998514
1324	0.998536
1325	0.998560
1326	0.998585
1327	0.998611
1328	0.998639
1329	0.998667
1330	0.998695
1331	0.998724
1332	0.998754
1333	0.998784
1334	0.998814
1335	0.998844
1336	0.998874
1337	0.998904
1338	0.998934
1339	0.998962
1340	0.998991
1341	0.999018
1342	0.999045
1343	0.999071
1344	0.999095
1345	0.999119
1346	0.999141
1347	0.999161
1348	0.999180
1349	0.999197
1350	0.999212
1351	0.999225
1352	0.999235
1353	0.999244
1354	0.999250
1355	0.999253
1356	0.999254
1357	0.999252
1358	0.999247
1359	0.999239
1360	0.999228
1361	0.999213
1362	0.999195
1363	0.999173
1364	0.999148
1365	0.999117
1366	0.999079
1367	0.999033
1368	0.998986
1369	0.998941
1370	0.998904
1371	0.998877
1372	0.998859
1373	0.998850
1374	0.998849
1375	0.998853
1376	0.998860
1377	0.998866
1378	0.998867
1379	0.998862
1380	0.998849
1381	0.998832
1382	0.998816
1383	0.998802
1384	0.998789
1385	0.998776
1386	0.998763
1387	0.998750
1388	0.998737
1389	0.998724
1390	0.998711
1391	0.998698
1392	0.998683
1393	0.998667
1394	0.998655
1395	0.998647
1396	0.998643
1397	0.998643
1398	0.998643
1399	0.998640
1400	0.998633
1401	0.998621
1402	0.998603
1403	0.998578
1404	0.998547
1405	0.998511
1406	0.998474
1407	0.998439
1408	0.998410
1409	0.998387
1410	0.998368
1411	0.998352
1412	0.998339
1413	0.998329
1414	0.998321
1415	0.998316
1416	0.998314
1417	0.998313
1418	0.998315
1419	0.998319
1420	0.998326
1421	0.998333
1422	0.998343
1423	0.998354
1424	0.998367
1425	0.998381
1426	0.998396
1427	0.998413
1428	0.998430
1429	0.998448
1430	0.998467
1431	0.998487
1432	0.998507
1433	0.998527
1434	0.998548
1435	0.998569
1436	0.998589
1437	0.998610
1438	0.998630
1439	0.998650
1440	0.998670
1441	0.998689
1442	0.998707
1443	0.998724
1444	0.998741
1445	0.998756
1446	0.998770
1447	0.998782
1448	0.998793
1449	0.998803
1450	0.998811
1451	0.998817
1452	0.998821
1453	0.998821
1454	0.998819
1455	0.998812
1456	0.998802
1457	0.998790
1458	0.998781
1459	0.998779
1460	0.998790
1461	0.998818
1462	0.998867
1463	0.998934
1464	0.999015
1465	0.999101
1466	0.999182
1467	0.999250
1468	0.999298
1469	0.999319
1470	0.999308
1471	0.999258
1472	0.999167
1473	0.999035
1474	0.998869
1475	0.998677
1476	0.998468
1477	0.998256
1478	0.998055
1479	0.997881
1480	0.997747
1481	0.997662
1482	0.997624
1483	0.997623
1484	0.997641
1485	0.997661
1486	0.997670
1487	0.997664
1488	0.997647
1489	0.997628
1490	0.997618
1491	0.997625
1492	0.997654
1493	0.997703
1494	0.997766
1495	0.997830
1496	0.997880
1497	0.997905
1498	0.997899
1499	0.997863
1500	0.997808
1501	0.997749
1502	0.997701
1503	0.997678
1504	0.997688
1505	0.997733
1506	0.997810
1507	0.997911
1508	0.998023
1509	0.998134
1510	0.998227
1511	0.998290
1512	0.998316
1513	0.998301
1514	0.998250
1515	0.998174
1516	0.998087
1517	0.998005
1518	0.997942
1519	0.997907
1520	0.997904
1521	0.997925
1522	0.997958
1523	0.997990
1524	0.998007
1525	0.998000
1526	0.997966
1527	0.997910
1528	0.997841
1529	0.997772
1530	0.997713
1531	0.997677
1532	0.997668
1533	0.997686
1534	0.997727
1535	0.997781
1536	0.997839
1537	0.997895
1538	0.997943
1539	0.997981
1540	0.998007
1541	0.998020
1542	0.998019
1543	0.998008
1544	0.997988
1545	0.997964
1546	0.997942
1547	0.997926
1548	0.997919
1549	0.997923
1550	0.997936
1551	0.997955
1552	0.997975
1553	0.997990
1554	0.997994
1555	0.997981
1556	0.997950
1557	0.997902
1558	0.997843
1559	0.997778
1560	0.997713
1561	0.997652
1562	0.997598
1563	0.997552
1564	0.997514
1565	0.997484
1566	0.997464
1567	0.997457
1568	0.997468
1569	0.997499
1570	0.997555
1571	0.997634
1572	0.997731
1573	0.997839
1574	0.997946
1575	0.998041
1576	0.998111
1577	0.998148
1578	0.998146
1579	0.998107
1580	0.998038
1581	0.997956
1582	0.997877
1583	0.997821
1584	0.997802
1585	0.997826
1586	0.997891
1587	0.997985
1588	0.998091
1589	0.998189
1590	0.998259
1591	0.998285
1592	0.998258
1593	0.998181
1594	0.998065
1595	0.997931
1596	0.997802
1597	0.997696
1598	0.997624
1599	0.997586
1600	0.997576
1601	0.997586
1602	0.997605
1603	0.997625
1604	0.997642
1605	0.997656
1606	0.997670
1607	0.997693
1608	0.997730
1609	0.997785
1610	0.997855
1611	0.997930
1612	0.997998
1613	0.998048
1614	0.998074
1615	0.998075
1616	0.998057
1617	0.998030
1618	0.998005
1619	0.997992
1620	0.997999
1621	0.998028
1622	0.998073
1623	0.998127
1624	0.998177
1625	0.998213
1626	0.998230
1627	0.998230
1628	0.998221
1629	0.998213
1630	0.998218
1631	0.998242
1632	0.998287
1633	0.998350
1634	0.998419
1635	0.998480
1636	0.998518
1637	0.998525
1638	0.998496
1639	0.998437
1640	0.998361
1641	0.998282
1642	0.998215
1643	0.998171
1644	0.998152
1645	0.998156
1646	0.998172
1647	0.998188
1648	0.998194
1649	0.998184
1650	0.998161
1651	0.998133
1652	0.998110
1653	0.998099
1654	0.998104
1655	0.998121
1656	0.998144
1657	0.998162
1658	0.998164
1659	0.998144
1660	0.998098
1661	0.998032
1662	0.997957
1663	0.997888
1664	0.997835
1665	0.997806
1666	0.997798
1667	0.997805
1668	0.997819
1669	0.997834
1670	0.997849
1671	0.997864
1672	0.997882
1673	0.997908
1674	0.997944
1675	0.997993
1676	0.998051
1677	0.998111
1678	0.998165
1679	0.998200
1680	0.998210
1681	0.998197
1682	0.998167
1683	0.998129
1684	0.998093
1685	0.998066
1686	0.998054
1687	0.998061
1688	0.998094
1689	0.998155
1690	0.998248
1691	0.998372
1692	0.998521
1693	0.998691
1694	0.998868
1695	0.999038
1696	0.999180
1697	0.999275
1698	0.999305
1699	0.999260
1700	0.999142
1701	0.998963
1702	0.998739
1703	0.998489
1704	0.998234
1705	0.997986
1706	0.997758
1707	0.997553
1708	0.997373
1709	0.997216
1710	0.997083
1711	0.996975
1712	0.996897
1713	0.996854
1714	0.996849
1715	0.996880
1716	0.996942
1717	0.997030
1718	0.997139
1719	0.997266
1720	0.997412
1721	0.997574
1722	0.997745
1723	0.997916
1724	0.998076
1725	0.998213
1726	0.998317
1727	0.998381
1728	0.998406
1729	0.998398
1730	0.998375
1731	0.998359
1732	0.998376
1733	0.998441
1734	0.998559
1735	0.998717
1736	0.998891
1737	0.999049
1738	0.999159
1739	0.999197
1740	0.999147
1741	0.999010
1742	0.998803
1743	0.998554
1744	0.998299
1745	0.998074
1746	0.997911
1747	0.997826
1748	0.997826
1749	0.997904
1750	0.998041
1751	0.998210
1752	0.998375
1753	0.998504
1754	0.998567
1755	0.998546
1756	0.998437
1757	0.998244
1758	0.997981
1759	0.997668
1760	0.997334
1761	0.997011
1762	0.996732
1763	0.996521
1764	0.996395
1765	0.996359
1766	0.996410
1767	0.996539
1768	0.996731
1769	0.996965
1770	0.997215
1771	0.997453
1772	0.997651
1773	0.997786
1774	0.997846
1775	0.997829
1776	0.997747
1777	0.997618
1778	0.997462
1779	0.997304
1780	0.997161
1781	0.997049
1782	0.996975
1783	0.996938
1784	0.996932
1785	0.996945
1786	0.996965
1787	0.996983
1788	0.996995
1789	0.997003
1790	0.997009
1791	0.997015
1792	0.997021
1793	0.997027
1794	0.997033
1795	0.997039
1796	0.997045
1797	0.997051
1798	0.997057
1799	0.997063
1800	0.997069
1801	0.997075
1802	0.997081
1803	0.997087
1804	0.997094
1805	0.997100
1806	0.997106
1807	0.997112
1808	0.997118
1809	0.997124
1810	0.997130
1811	0.997136
1812	0.997142
1813	0.997148
1814	0.997154
1815	0.997160
1816	0.997166
1817	0.997172
1818	0.997178
1819	0.997184
1820	0.997191
1821	0.997197
1822	0.997203
1823	0.997209
1824	0.997215
1825	0.997221
1826	0.997227
1827	0.997233
1828	0.997239
1829	0.997245
1830	0.997251
1831	0.997257
1832	0.997263
1833	0.997269
1834	0.997275
1835	0.997281
1836	0.997288
1837	0.997294
1838	0.997300
1839	0.997306
1840	0.997312
1841	0.997318
1842	0.997324
1843	0.997330
1844	0.997336
1845	0.997342
1846	0.997348
1847	0.997354
1848	0.997360
1849	0.997366
1850	0.997372
1851	0.997378
1852	0.997385
1853	0.997391
1854	0.997397
1855	0.997403
1856	0.997409
1857	0.997415
1858	0.997421
1859	0.997427
1860	0.997433
1861	0.997439
1862	0.997445
1863	0.997451
1864	0.997457
1865	0.997463
1866	0.997469
1867	0.997475
1868	0.997482
1869	0.997488
1870	0.997494
1871	0.997500
1872	0.997506
1873	0.997512
1874	0.997518
1875	0.997524
1876	0.997530
1877	0.997536
1878	0.997542
1879	0.997548
1880	0.997554
1881	0.997560
1882	0.997566
1883	0.997573
1884	0.997579
1885	0.997585
1886	0.997591
1887	0.997597
1888	0.997603
1889	0.997609
1890	0.997615
1891	0.997621
1892	0.997627
1893	0.997633
1894	0.997639
1895	0.997645
1896	0.997651
1897	0.997657
1898	0.997663
1899	0.997670
1900	0.997676
1901	0.997682
1902	0.997688
1903	0.997694
1904	0.997700
1905	0.997706
1906	0.997712
1907	0.997718
1908	0.997724
1909	0.997730
1910	0.997736
1911	0.997742
1912	0.997748
1913	0.997754
1914	0.997760
1915	0.997767
1916	0.997773
1917	0.997779
1918	0.997785
1919	0.997791
1920	0.997797
1921	0.997803
1922	0.997809
1923	0.997815
1924	0.997821
1925	0.997827
1926	0.997833
1927	0.997839
1928	0.997845
1929	0.997851
1930	0.997857
1931	0.997864
1932	0.997870
1933	0.997876
1934	0.997882
1935	0.997888
1936	0.997894
1937	0.997900
1938	0.997906
1939	0.997912
1940	0.997918
1941	0.997921
1942	0.997917
1943	0.997913
1944	0.997922
1945	0.997952
1946	0.998001
1947	0.998060
1948	0.998116
1949	0.998158
1950	0.998178
1951	0.998172
1952	0.998140
1953	0.998079
1954	0.997995
1955	0.997897
1956	0.997801
1957	0.997723
1958	0.997677
1959	0.997664
1960	0.997675
1961	0.997702
1962	0.997744
1963	0.997800
1964	0.997868
1965	0.997947
1966	0.998035
1967	0.998131
1968	0.998233
1969	0.998339
1970	0.998448
1971	0.998559
1972	0.998669
1973	0.998778
1974	0.998884
1975	0.998985
1976	0.999079
1977	0.999166
1978	0.999243
1979	0.999309
1980	0.999363
1981	0.999403
1982	0.999427
1983	0.999435
1984	0.999423
1985	0.999391
1986	0.999338
1987	0.999261
1988	0.999159
1989	0.999031
1990	0.998876
1991	0.998690
1992	0.998474
1993	0.998225
1994	0.997942
1995	0.997623
1996	0.997267
1997	0.996873
1998	0.996438
1999	0.995961
2000	0.995441
2001	0.994876
2002	0.994251
2003	0.993528
2004	0.992702
2005	0.991811
2006	0.990934
2007	0.990160
2008	0.989576
2009	0.989244
2010	0.989194
2011	0.989427
2012	0.989917
2013	0.990608
2014	0.991423
2015	0.992275
2016	0.993086
2017	0.993814
2018	0.994467
2019	0.995099
2020	0.995761
2021	0.996458
2022	0.997179
2023	0.997897
2024	0.998570
2025	0.999146
2026	0.999576
2027	0.999823
2028	0.999869
2029	0.999726
2030	0.999431
2031	0.999041
2032	0.998623
2033	0.998240
2034	0.997938
2035	0.997745
2036	0.997665
2037	0.997689
2038	0.997787
2039	0.997920
2040	0.998053
2041	0.998160
2042	0.998224
2043	0.998241
2044	0.998216
2045	0.998163
2046	0.998091
2047	0.998008
2048	0.997911
2049	0.997801
2050	0.997682
2051	0.997575
2052	0.997505
2053	0.997501
2054	0.997601
2055	0.997823
2056	0.998157
2057	0.998566
2058	0.998995
2059	0.999382
2060	0.999676
2061	0.999835
2062	0.999843
2063	0.999703
2064	0.999440
2065	0.999096
2066	0.998718
2067	0.998350
2068	0.998025
2069	0.997757
2070	0.997540
2071	0.997356
2072	0.997197
2073	0.997062
2074	0.996950
2075	0.996858
2076	0.996786
2077	0.996731
2078	0.996693
2079	0.996670
2080	0.996661
2081	0.996665
2082	0.996680
2083	0.996705
2084	0.996739
2085	0.996781
2086	0.996830
2087	0.996884
2088	0.996944
2089	0.997008
2090	0.997074
2091	0.997143
2092	0.997213
2093	0.997283
2094	0.997354
2095	0.997423
2096	0.997491
2097	0.997557
2098	0.997620
2099	0.997680
2100	0.997736
2101	0.997788
2102	0.997835
2103	0.997877
2104	0.997914
2105	0.997945
2106	0.997970
2107	0.997989
2108	0.998002
2109	0.998008
2110	0.998008
2111	0.998001
2112	0.997988
2113	0.997968
2114	0.997941
2115	0.997908
2116	0.997869
2117	0.997824
2118	0.997773
2119	0.997717
2120	0.997655
2121	0.997588
2122	0.997517
2123	0.997441
2124	0.997363
2125	0.997281
2126	0.997196
2127	0.997109
2128	0.997021
2129	0.996933
2130	0.996844
2131	0.996757
2132	0.996671
2133	0.996587
2134	0.996507
2135	0.996430
2136	0.996360
2137	0.996295
2138	0.996237
2139	0.996188
2140	0.996148
2141	0.996119
2142	0.996101
2143	0.996096
2144	0.996106
2145	0.996131
2146	0.996173
2147	0.996234
2148	0.996314
2149	0.996416
2150	0.996540
2151	0.996688
2152	0.996877
2153	0.997134
2154	0.997441
2155	0.997747
2156	0.997999
2157	0.998167
2158	0.998247
2159	0.998252
2160	0.998206
2161	0.998131
2162	0.998045
2163	0.997974
2164	0.997948
2165	0.997990
2166	0.998109
2167	0.998285
2168	0.998471
2169	0.998617
2170	0.998703
2171	0.998753
2172	0.998782
2173	0.998793
2174	0.998785
2175	0.998761
2176	0.998722
2177	0.998668
2178	0.998602
2179	0.998524
2180	0.998436
2181	0.998339
2182	0.998233
2183	0.998120
2184	0.998001
2185	0.997877
2186	0.997748
2187	0.997616
2188	0.997481
2189	0.997344
2190	0.997206
2191	0.997067
2192	0.996929
2193	0.996792
2194	0.996656
2195	0.996523
2196	0.996392
2197	0.996264
2198	0.996140
2199	0.996019
2200	0.995903
2201	0.995792
2202	0.995686
2203	0.995585
2204	0.995489
2205	0.995399
2206	0.995315
2207	0.995237
2208	0.995165
2209	0.995099
2210	0.995039
2211	0.994984
2212	0.994936
2213	0.994893
2214	0.994856
2215	0.994825
2216	0.994798
2217	0.994777
2218	0.994760
2219	0.994747
2220	0.994738
2221	0.994732
2222	0.994729
2223	0.994729
2224	0.994730
2225	0.994733
2226	0.994737
2227	0.994740
2228	0.994743
2229	0.994744
2230	0.994743
2231	0.994739
2232	0.994731
2233	0.994718
2234	0.994700
2235	0.994675
2236	0.994642
2237	0.994601
2238	0.994550
2239	0.994488
2240	0.994413
2241	0.994326
2242	0.994224
2243	0.994106
2244	0.993971
2245	0.993818
2246	0.993645
2247	0.993451
2248	0.993233
2249	0.992992
2250	0.992725
2251	0.992431
2252	0.992098
2253	0.991701
2254	0.991235
2255	0.990725
2256	0.990226
2257	0.989798
2258	0.989496
2259	0.989357
2260	0.989401
2261	0.989628
2262	0.990026
2263	0.990566
2264	0.991200
2265	0.991866
2266	0.992507
2267	0.993082
2268	0.993579
2269	0.994018
2270	0.994422
2271	0.994792
2272	0.995128
2273	0.995429
2274	0.995697
2275	0.995930
2276	0.996129
2277	0.996296
2278	0.996430
2279	0.996531
2280	0.996601
2281	0.996639
2282	0.996647
2283	0.996624
2284	0.996572
2285	0.996490
2286	0.996379
2287	0.996241
2288	0.996075
2289	0.995883
2290	0.995665
2291	0.995422
2292	0.995154
2293	0.994862
2294	0.994548
2295	0.994211
2296	0.993853
2297	0.993475
2298	0.993077
2299	0.992661
2300	0.992227
2301	0.991776
2302	0.991310
2303	0.990829
2304	0.990334
2305	0.989827
2306	0.989308
2307	0.988779
2308	0.988241
2309	0.987694
2310	0.987141
2311	0.986582
2312	0.986018
2313	0.985451
2314	0.984882
2315	0.984312
2316	0.983743
2317	0.983176
2318	0.982613
2319	0.982054
2320	0.981501
2321	0.980956
2322	0.980420
2323	0.979894
2324	0.979380
2325	0.978881
2326	0.978396
2327	0.977928
2328	0.977478
2329	0.977049
2330	0.976641
2331	0.976256
2332	0.975897
2333	0.975564
2334	0.975259
2335	0.974986
2336	0.974744
2337	0.974536
2338	0.974364
2339	0.974229
2340	0.974134
2341	0.974081
2342	0.974071
2343	0.974106
2344	0.974189
2345	0.974322
2346	0.974505
2347	0.974742
2348	0.975035
2349	0.975386
2350	0.975796
2351	0.976269
2352	0.976812
2353	0.977442
2354	0.978157
2355	0.978934
2356	0.979747
2357	0.980574
2358	0.981402
2359	0.982228
2360	0.983054
2361	0.983884
2362	0.984727
2363	0.985594
2364	0.986504
2365	0.987475
2366	0.988521
2367	0.989643
2368	0.990827
2369	0.992054
2370	0.993311
2371	0.994604
2372	0.995940
2373	0.997318
2374	0.998739
2375	1.000201
2376	1.001706
2377	1.003253
2378	1.004842
2379	1.006474
2380	1.008147
2381	1.009863
2382	1.011621
2383	1.013421
2384	1.015264
2385	1.017148
2386	1.019075
2387	1.021044
2388	1.023055
2389	1.025108
2390	1.027204
2391	1.029342
2392	1.031522
2393	1.033744
2394	1.036008
2395	1.038315
2396	1.040664
2397	1.043054
2398	1.045488
2399	1.047963
2400	1.050481
2401	1.053040
2402	1.055642
2403	1.058286
2404	1.060973
2405	1.063701
2406	1.066472
2407	1.069285
2408	1.072140
2409	1.075037
2410	1.077977
2411	1.080959
2412	1.083983
2413	1.087049
2414	1.090157
2415	1.093308
2416	1.096500
2417	1.099735
2418	1.103013
2419	1.106332
2420	1.109693
2421	1.113097
2422	1.116543
2423	1.120031
2424	1.123562
2425	1.127134
2426	1.130749
2427	1.134406
2428	1.138105
2429	1.141846
2430	1.145630
2431	1.149455
2432	1.153323
2433	1.157233
2434	1.161186
2435	1.165180
2436	1.169217
2437	1.173296
2438	1.177417
2439	1.181580
2440	1.185786
2441	1.190034
2442	1.194324
2443	1.198656
2444	1.203030
2445	1.207446
2446	1.211905
2447	1.216406
2448	1.220949
2449	1.225534
2450	1.230162
2451	1.234832
2452	1.239544
2453	1.244298
2454	1.249094
2455	1.253932
2456	1.258813
2457	1.263736
2458	1.268701
2459	1.273708
2460	1.278758
2461	1.283850
2462	1.288984
2463	1.294160
2464	1.299378
2465	1.304638
2466	1.309941
2467	1.315286
2468	1.320673
2469	1.326102
2470	1.331574
2471	1.337088
2472	1.342643
2473	1.348242
2474	1.353882
2475	1.359564
2476	1.365289
2477	1.371056
2478	1.376865
2479	1.382716
2480	1.388610
2481	1.394545
2482	1.400523
2483	1.406543
2484	1.412606
2485	1.418710
2486	1.424857
2487	1.431046
2488	1.437277
2489	1.443550
2490	1.449865
2491	1.456223
2492	1.462623
2493	1.469065
2494	1.475549
2495	1.482076
2496	1.488644
2497	1.495255
2498	1.501908
2499	1.508604
2500	1.515341
