350	0.028865
351	0.028908
352	0.028946
353	0.028979
354	0.029008
355	0.029033
356	0.029053
357	0.029070
358	0.029082
359	0.029089
360	0.029090
361	0.029088
362	0.029086
363	0.029089
364	0.029098
365	0.029116
366	0.029145
367	0.029186
368	0.029239
369	0.029305
370	0.029382
371	0.029469
372	0.029563
373	0.029660
374	0.029758
375	0.029856
376	0.029956
377	0.030059
378	0.030165
379	0.030275
380	0.030388
381	0.030500
382	0.030611
383	0.030717
384	0.030818
385	0.030915
386	0.031011
387	0.031110
388	0.031219
389	0.031340
390	0.031475
391	0.031619
392	0.031765
393	0.031905
394	0.032030
395	0.032135
396	0.032215
397	0.032274
398	0.032316
399	0.032353
400	0.032394
401	0.032451
402	0.032529
403	0.032632
404	0.032756
405	0.032898
406	0.033052
407	0.033213
408	0.033374
409	0.033532
410	0.033685
411	0.033835
412	0.033984
413	0.034134
414	0.034290
415	0.034452
416	0.034622
417	0.034798
418	0.034980
419	0.035170
420	0.035367
421	0.035572
422	0.035783
423	0.036002
424	0.036228
425	0.036459
426	0.036693
427	0.036925
428	0.037151
429	0.037367
430	0.037570
431	0.037759
432	0.037935
433	0.038101
434	0.038262
435	0.038420
436	0.038580
437	0.038743
438	0.038909
439	0.039077
440	0.039244
441	0.039408
442	0.039565
443	0.039714
444	0.039856
445	0.039989
446	0.040116
447	0.040237
448	0.040354
449	0.040467
450	0.040576
451	0.040680
452	0.040775
453	0.040861
454	0.040933
455	0.040991
456	0.041034
457	0.041062
458	0.041075
459	0.041076
460	0.041067
461	0.041050
462	0.041028
463	0.041002
464	0.040974
465	0.040943
466	0.040910
467	0.040875
468	0.040838
469	0.040801
470	0.040765
471	0.040730
472	0.040698
473	0.040667
474	0.040638
475	0.040612
476	0.040589
477	0.040568
478	0.040550
479	0.040537
480	0.040529
481	0.040529
482	0.040536
483	0.040552
484	0.040577
485	0.040608
486	0.040644
487	0.040685
488	0.040730
489	0.040780
490	0.040838
491	0.040906
492	0.040985
493	0.041079
494	0.041191
495	0.041324
496	0.041480
497	0.041660
498	0.041865
499	0.042095
500	0.042352
501	0.042638
502	0.042953
503	0.043301
504	0.043683
505	0.044101
506	0.044560
507	0.045062
508	0.045612
509	0.046215
510	0.046876
511	0.047598
512	0.048386
513	0.049241
514	0.050162
515	0.051148
516	0.052195
517	0.053297
518	0.054447
519	0.055638
520	0.056863
521	0.058114
522	0.059382
523	0.060661
524	0.061939
525	0.063208
526	0.064455
527	0.065670
528	0.066842
529	0.067962
530	0.069025
531	0.070026
532	0.070964
533	0.071840
534	0.072655
535	0.073412
536	0.074115
537	0.074770
538	0.075380
539	0.075952
540	0.076489
541	0.076996
542	0.077480
543	0.077944
544	0.078393
545	0.078827
546	0.079245
547	0.079644
548	0.080020
549	0.080366
550	0.080675
551	0.080941
552	0.081156
553	0.081310
554	0.081397
555	0.081411
556	0.081344
557	0.081192
558	0.080951
559	0.080620
560	0.080201
561	0.079699
562	0.079121
563	0.078477
564	0.077778
565	0.077035
566	0.076259
567	0.075462
568	0.074654
569	0.073847
570	0.073053
571	0.072283
572	0.071549
573	0.070861
574	0.070228
575	0.069652
576	0.069132
577	0.068662
578	0.068233
579	0.067833
580	0.067454
581	0.067091
582	0.066742
583	0.066411
584	0.066105
585	0.065830
586	0.065595
587	0.065403
588	0.065254
589	0.065143
590	0.065063
591	0.065004
592	0.064958
593	0.064916
594	0.064873
595	0.064824
596	0.064768
597	0.064703
598	0.064629
599	0.064543
600	0.064445
601	0.064333
602	0.064206
603	0.064062
604	0.063901
605	0.063724
606	0.063532
607	0.063325
608	0.063105
609	0.062875
610	0.062637
611	0.062393
612	0.062148
613	0.061905
614	0.061671
615	0.061452
616	0.061252
617	0.061079
618	0.060936
619	0.060829
620	0.060760
621	0.060730
622	0.060740
623	0.060786
624	0.060867
625	0.060978
626	0.061118
627	0.061279
628	0.061458
629	0.061647
630	0.061840
631	0.062028
632	0.062205
633	0.062363
634	0.062496
635	0.062596
636	0.062660
637	0.062684
638	0.062666
639	0.062608
640	0.062514
641	0.062390
642	0.062246
643	0.062090
644	0.061935
645	0.061792
646	0.061674
647	0.061588
648	0.061542
649	0.061537
650	0.061570
651	0.061633
652	0.061717
653	0.061808
654	0.061893
655	0.061961
656	0.062001
657	0.062007
658	0.061978
659	0.061917
660	0.061831
661	0.061729
662	0.061624
663	0.061524
664	0.061442
665	0.061384
666	0.061358
667	0.061367
668	0.061413
669	0.061495
670	0.061612
671	0.061761
672	0.061939
673	0.062143
674	0.062371
675	0.062623
676	0.062900
677	0.063209
678	0.063559
679	0.063961
680	0.064431
681	0.064983
682	0.065636
683	0.066405
684	0.067306
685	0.068357
686	0.069575
687	0.070979
688	0.072589
689	0.074433
690	0.076537
691	0.078933
692	0.081651
693	0.084719
694	0.088159
695	0.091983
696	0.096196
697	0.100791
698	0.105754
699	0.111062
700	0.116689
701	0.122603
702	0.128778
703	0.135191
704	0.141824
705	0.148660
706	0.155686
707	0.162892
708	0.170269
709	0.177814
710	0.185531
711	0.193429
712	0.201520
713	0.209817
714	0.218335
715	0.227086
716	0.236077
717	0.245306
718	0.254758
719	0.264401
720	0.274196
721	0.284097
722	0.294065
723	0.304064
724	0.314062
725	0.324031
726	0.333940
727	0.343763
728	0.353470
729	0.363033
730	0.372421
731	0.381599
732	0.390533
733	0.399192
734	0.407554
735	0.415601
736	0.423324
737	0.430715
738	0.437767
739	0.444473
740	0.450826
741	0.456822
742	0.462459
743	0.467738
744	0.472666
745	0.477251
746	0.481502
747	0.485430
748	0.489052
749	0.492391
750	0.495473
751	0.498329
752	0.500983
753	0.503452
754	0.505743
755	0.507855
756	0.509783
757	0.511516
758	0.513046
759	0.514367
760	0.515484
761	0.516421
762	0.517224
763	0.517952
764	0.518664
765	0.519405
766	0.520203
767	0.521062
768	0.521969
769	0.522900
770	0.523824
771	0.524710
772	0.525532
773	0.526276
774	0.526941
775	0.527540
776	0.528090
777	0.528611
778	0.529110
779	0.529591
780	0.530049
781	0.530478
782	0.530876
783	0.531241
784	0.531577
785	0.531892
786	0.532195
787	0.532497
788	0.532808
789	0.533134
790	0.533478
791	0.533837
792	0.534203
793	0.534567
794	0.534923
795	0.535268
796	0.535605
797	0.535940
798	0.536282
799	0.536642
800	0.537026
801	0.537437
802	0.537872
803	0.538320
804	0.538761
805	0.539170
806	0.539522
807	0.539794
808	0.539973
809	0.540057
810	0.540058
811	0.539997
812	0.539909
813	0.539831
814	0.539800
815	0.539846
816	0.539992
817	0.540245
818	0.540599
819	0.541037
820	0.541536
821	0.542069
822	0.542608
823	0.543134
824	0.543632
825	0.544097
826	0.544530
827	0.544935
828	0.545321
829	0.545700
830	0.546085
831	0.546486
832	0.546912
833	0.547370
834	0.547861
835	0.548382
836	0.548929
837	0.549495
838	0.550074
839	0.550657
840	0.551234
841	0.551798
842	0.552343
843	0.552867
844	0.553369
845	0.553852
846	0.554316
847	0.554762
848	0.555191
849	0.555604
850	0.556004
851	0.556394
852	0.556776
853	0.557151
854	0.557521
855	0.557890
856	0.558263
857	0.558645
858	0.559037
859	0.559434
860	0.559832
861	0.560221
862	0.560598
863	0.560956
864	0.561294
865	0.561609
866	0.561903
867	0.562178
868	0.562443
869	0.562708
870	0.562977
871	0.563252
872	0.563528
873	0.563799
874	0.564057
875	0.564298
876	0.564523
877	0.564732
878	0.564927
879	0.565111
880	0.565288
881	0.565463
882	0.565641
883	0.565822
884	0.565997
885	0.566156
886	0.566282
887	0.566361
888	0.566383
889	0.566343
890	0.566238
891	0.566073
892	0.565855
893	0.565596
894	0.565313
895	0.565028
896	0.564766
897	0.564546
898	0.564386
899	0.564294
900	0.564269
901	0.564303
902	0.564384
903	0.564492
904	0.564608
905	0.564710
906	0.564774
907	0.564784
908	0.564736
909	0.564643
910	0.564541
911	0.564452
912	0.564388
913	0.564458
914	0.564790
915	0.565437
916	0.566346
917	0.567378
918	0.568355
919	0.569110
920	0.569512
921	0.569483
922	0.568982
923	0.568013
924	0.566636
925	0.564971
926	0.563182
927	0.561448
928	0.559897
929	0.558547
930	0.557313
931	0.556156
932	0.555071
933	0.554059
934	0.553115
935	0.552238
936	0.551426
937	0.550676
938	0.549987
939	0.549355
940	0.548779
941	0.548256
942	0.547784
943	0.547361
944	0.546984
945	0.546652
946	0.546362
947	0.546111
948	0.545898
949	0.545720
950	0.545575
951	0.545460
952	0.545374
953	0.545314
954	0.545278
955	0.545263
956	0.545268
957	0.545290
958	0.545327
959	0.545376
960	0.545436
961	0.545503
962	0.545576
963	0.545653
964	0.545731
965	0.545808
966	0.545881
967	0.545949
968	0.546009
969	0.546059
970	0.546097
971	0.546120
972	0.546126
973	0.546113
974	0.546078
975	0.546020
976	0.545936
977	0.545823
978	0.545680
979	0.545504
980	0.545294
981	0.545045
982	0.544775
983	0.544512
984	0.544230
985	0.543861
986	0.543332
987	0.542598
988	0.541648
989	0.540504
990	0.539202
991	0.537786
992	0.536300
993	0.534796
994	0.533333
995	0.531966
996	0.530721
997	0.529588
998	0.528520
999	0.527455
1000	0.526367
1001	0.525284
1002	0.524224
1003	0.523191
1004	0.522187
1005	0.521216
1006	0.520278
1007	0.519378
1008	0.518516
1009	0.517696
1010	0.516918
1011	0.516186
1012	0.515499
1013	0.514860
1014	0.514271
1015	0.513731
1016	0.513243
1017	0.512806
1018	0.512423
1019	0.512092
1020	0.511815
1021	0.511591
1022	0.511422
1023	0.511306
1024	0.511243
1025	0.511234
1026	0.511277
1027	0.511372
1028	0.511518
1029	0.511713
1030	0.511958
1031	0.512255
1032	0.512612
1033	0.513011
1034	0.513427
1035	0.513846
1036	0.514270
1037	0.514717
1038	0.515209
1039	0.515765
1040	0.516393
1041	0.517096
1042	0.517871
1043	0.518712
1044	0.519606
1045	0.520528
1046	0.521443
1047	0.522317
1048	0.523121
1049	0.523853
1050	0.524532
1051	0.525167
1052	0.525761
1053	0.526313
1054	0.526825
1055	0.527299
1056	0.527736
1057	0.528136
1058	0.528501
1059	0.528832
1060	0.529130
1061	0.529397
1062	0.529634
1063	0.529841
1064	0.530021
1065	0.530174
1066	0.530301
1067	0.530404
1068	0.530484
1069	0.530542
1070	0.530579
1071	0.530597
1072	0.530596
1073	0.530578
1074	0.530544
1075	0.530495
1076	0.530433
1077	0.530358
1078	0.530272
1079	0.530176
1080	0.530071
1081	0.529959
1082	0.529840
1083	0.529715
1084	0.529587
1085	0.529456
1086	0.529323
1087	0.529190
1088	0.529057
1089	0.528926
1090	0.528798
1091	0.528675
1092	0.528562
1093	0.528472
1094	0.528405
1095	0.528343
1096	0.528261
1097	0.528135
1098	0.527949
1099	0.527695
1100	0.527377
1101	0.527009
1102	0.526616
1103	0.526226
1104	0.525876
1105	0.525597
1106	0.525409
1107	0.525309
1108	0.525270
1109	0.525244
1110	0.525177
1111	0.525026
1112	0.524747
1113	0.524299
1114	0.523653
1115	0.522789
1116	0.521699
1117	0.520384
1118	0.518857
1119	0.517141
1120	0.515273
1121	0.513305
1122	0.511297
1123	0.509313
1124	0.507413
1125	0.505641
1126	0.504020
1127	0.502544
1128	0.501184
1129	0.499883
1130	0.498574
1131	0.497192
1132	0.495690
1133	0.494056
1134	0.492309
1135	0.490495
1136	0.488670
1137	0.486878
1138	0.485145
1139	0.483459
1140	0.481777
1141	0.480029
1142	0.478132
1143	0.476013
1144	0.473628
1145	0.470978
1146	0.468118
1147	0.465143
1148	0.462178
1149	0.459349
1150	0.456771
1151	0.454524
1152	0.452653
1153	0.451163
1154	0.450027
1155	0.449191
1156	0.448591
1157	0.448164
1158	0.447852
1159	0.447612
1160	0.447415
1161	0.447240
1162	0.447078
1163	0.446924
1164	0.446781
1165	0.446652
1166	0.446544
1167	0.446459
1168	0.446398
1169	0.446359
1170	0.446335
1171	0.446316
1172	0.446287
1173	0.446232
1174	0.446134
1175	0.445980
1176	0.445765
1177	0.445488
1178	0.445155
1179	0.444773
1180	0.444354
1181	0.443911
1182	0.443458
1183	0.443012
1184	0.442589
1185	0.442203
1186	0.441870
1187	0.441600
1188	0.441402
1189	0.441277
1190	0.441222
1191	0.441224
1192	0.441266
1193	0.441327
1194	0.441387
1195	0.441431
1196	0.441450
1197	0.441448
1198	0.441433
1199	0.441424
1200	0.441441
1201	0.441507
1202	0.441634
1203	0.441831
1204	0.442095
1205	0.442417
1206	0.442785
1207	0.443188
1208	0.443616
1209	0.444064
1210	0.444530
1211	0.445020
1212	0.445541
1213	0.446101
1214	0.446703
1215	0.447348
1216	0.448027
1217	0.448730
1218	0.449443
1219	0.450153
1220	0.450849
1221	0.451525
1222	0.452181
1223	0.452815
1224	0.453434
1225	0.454041
1226	0.454644
1227	0.455247
1228	0.455855
1229	0.456470
1230	0.457094
1231	0.457726
1232	0.458366
1233	0.459010
1234	0.459653
1235	0.460286
1236	0.460902
1237	0.461489
1238	0.462039
1239	0.462543
1240	0.463002
1241	0.463418
1242	0.463801
1243	0.464162
1244	0.464515
1245	0.464871
1246	0.465236
1247	0.465613
1248	0.465999
1249	0.466386
1250	0.466763
1251	0.467120
1252	0.467446
1253	0.467734
1254	0.467981
1255	0.468188
1256	0.468357
1257	0.468490
1258	0.468590
1259	0.468656
1260	0.468687
1261	0.468679
1262	0.468632
1263	0.468544
1264	0.468419
1265	0.468268
1266	0.468105
1267	0.467950
1268	0.467825
1269	0.467749
1270	0.467737
1271	0.467796
1272	0.467924
1273	0.468107
1274	0.468326
1275	0.468551
1276	0.468755
1277	0.468908
1278	0.468990
1279	0.468987
1280	0.468896
1281	0.468719
1282	0.468466
1283	0.468150
1284	0.467784
1285	0.467381
1286	0.466952
1287	0.466505
1288	0.466044
1289	0.465571
1290	0.465082
1291	0.464575
1292	0.464047
1293	0.463496
1294	0.462919
1295	0.462312
1296	0.461672
1297	0.460995
1298	0.460280
1299	0.459526
1300	0.458736
1301	0.457910
1302	0.457046
1303	0.456142
1304	0.455200
1305	0.454226
1306	0.453195
1307	0.452065
1308	0.450809
1309	0.449424
1310	0.447933
1311	0.446373
1312	0.444783
1313	0.443196
1314	0.441634
1315	0.440117
1316	0.438655
1317	0.437249
1318	0.435879
1319	0.434508
1320	0.433089
1321	0.431584
1322	0.429983
1323	0.428311
1324	0.426579
1325	0.424788
1326	0.422939
1327	0.421035
1328	0.419075
1329	0.417061
1330	0.414995
1331	0.412877
1332	0.410709
1333	0.408491
1334	0.406226
1335	0.403914
1336	0.401556
1337	0.399153
1338	0.396708
1339	0.394220
1340	0.391692
1341	0.389124
1342	0.386517
1343	0.383873
1344	0.381193
1345	0.378478
1346	0.375729
1347	0.372947
1348	0.370134
1349	0.367291
1350	0.364419
1351	0.361519
1352	0.358593
1353	0.355640
1354	0.352664
1355	0.349665
1356	0.346643
1357	0.343601
1358	0.340539
1359	0.337459
1360	0.334362
1361	0.331249
1362	0.328121
1363	0.324979
1364	0.321825
1365	0.318655
1366	0.315460
1367	0.312247
1368	0.309037
1369	0.305851
1370	0.302706
1371	0.299606
1372	0.296551
1373	0.293532
1374	0.290542
1375	0.287570
1376	0.284604
1377	0.281629
1378	0.278630
1379	0.275599
1380	0.272540
1381	0.269464
1382	0.266391
1383	0.263329
1384	0.260270
1385	0.257212
1386	0.254154
1387	0.251096
1388	0.248037
1389	0.244979
1390	0.241921
1391	0.238840
1392	0.235701
1393	0.232555
1394	0.229498
1395	0.226597
1396	0.223861
1397	0.221236
1398	0.218643
1399	0.215997
1400	0.213233
1401	0.210307
1402	0.207181
1403	0.203826
1404	0.200243
1405	0.196474
1406	0.192613
1407	0.188781
1408	0.185085
1409	0.181553
1410	0.178130
1411	0.174787
1412	0.171526
1413	0.168346
1414	0.165249
1415	0.162235
1416	0.159304
1417	0.156458
1418	0.153697
1419	0.151022
1420	0.148433
1421	0.145930
1422	0.143516
1423	0.141189
1424	0.138952
1425	0.136804
1426	0.134745
1427	0.132778
1428	0.130902
1429	0.129118
1430	0.127427
1431	0.125829
1432	0.124325
1433	0.122915
1434	0.121601
1435	0.120382
1436	0.119260
1437	0.118235
1438	0.117308
1439	0.116479
1440	0.115749
1441	0.115119
1442	0.114589
1443	0.114160
1444	0.113832
1445	0.113607
1446	0.113484
1447	0.113465
1448	0.113550
1449	0.113740
1450	0.114035
1451	0.114436
1452	0.114979
1453	0.115740
1454	0.116687
1455	0.117690
1456	0.118590
1457	0.119255
1458	0.119614
1459	0.119652
1460	0.119400
1461	0.118921
1462	0.118295
1463	0.117634
1464	0.117075
1465	0.116742
1466	0.116717
1467	0.117001
1468	0.117501
1469	0.118081
1470	0.118648
1471	0.119217
1472	0.119800
1473	0.120393
1474	0.121006
1475	0.121655
1476	0.122355
1477	0.123113
1478	0.123926
1479	0.124788
1480	0.125691
1481	0.126629
1482	0.127596
1483	0.128589
1484	0.129603
1485	0.130634
1486	0.131679
1487	0.132733
1488	0.133792
1489	0.134853
1490	0.135911
1491	0.136963
1492	0.138010
1493	0.139058
1494	0.140114
1495	0.141189
1496	0.142286
1497	0.143407
1498	0.144549
1499	0.145708
1500	0.146879
1501	0.148057
1502	0.149238
1503	0.150418
1504	0.151596
1505	0.152770
1506	0.153939
1507	0.155102
1508	0.156256
1509	0.157398
1510	0.158527
1511	0.159643
1512	0.160752
1513	0.161859
1514	0.162972
1515	0.164094
1516	0.165231
1517	0.166382
1518	0.167546
1519	0.168719
1520	0.169896
1521	0.171071
1522	0.172240
1523	0.173401
1524	0.174552
1525	0.175697
1526	0.176834
1527	0.177967
1528	0.179093
1529	0.180213
1530	0.181326
1531	0.182436
1532	0.183546
1533	0.184661
1534	0.185785
1535	0.186922
1536	0.188073
1537	0.189236
1538	0.190405
1539	0.191573
1540	0.192730
1541	0.193867
1542	0.194975
1543	0.196050
1544	0.197092
1545	0.198108
1546	0.199105
1547	0.200091
1548	0.201071
1549	0.202051
1550	0.203033
1551	0.204016
1552	0.204998
1553	0.205978
1554	0.206948
1555	0.207907
1556	0.208851
1557	0.209780
1558	0.210699
1559	0.211609
1560	0.212517
1561	0.213427
1562	0.214343
1563	0.215270
1564	0.216208
1565	0.217159
1566	0.218119
1567	0.219082
1568	0.220039
1569	0.220984
1570	0.221907
1571	0.222803
1572	0.223670
1573	0.224511
1574	0.225333
1575	0.226144
1576	0.226957
1577	0.227779
1578	0.228620
1579	0.229481
1580	0.230363
1581	0.231262
1582	0.232170
1583	0.233078
1584	0.233975
1585	0.234855
1586	0.235713
1587	0.236548
1588	0.237362
1589	0.238156
1590	0.238934
1591	0.239697
1592	0.240446
1593	0.241184
1594	0.241911
1595	0.242627
1596	0.243333
1597	0.244028
1598	0.244714
1599	0.245393
1600	0.246069
1601	0.246749
1602	0.247436
1603	0.248136
1604	0.248851
1605	0.249581
1606	0.250323
1607	0.251075
1608	0.251828
1609	0.252579
1610	0.253320
1611	0.254047
1612	0.254760
1613	0.255457
1614	0.256140
1615	0.256810
1616	0.257470
1617	0.258118
1618	0.258755
1619	0.259377
1620	0.259981
1621	0.260563
1622	0.261125
1623	0.261669
1624	0.262199
1625	0.262723
1626	0.263244
1627	0.263768
1628	0.264297
1629	0.264834
1630	0.265380
1631	0.265933
1632	0.266488
1633	0.267041
1634	0.267586
1635	0.268119
1636	0.268634
1637	0.269127
1638	0.269591
1639	0.270021
1640	0.270414
1641	0.270771
1642	0.271094
1643	0.271389
1644	0.271666
1645	0.271934
1646	0.272201
1647	0.272471
1648	0.272747
1649	0.273025
1650	0.273297
1651	0.273554
1652	0.273789
1653	0.273997
1654	0.274175
1655	0.274321
1656	0.274436
1657	0.274523
1658	0.274584
1659	0.274622
1660	0.274638
1661	0.274634
1662	0.274608
1663	0.274563
1664	0.274501
1665	0.274427
1666	0.274344
1667	0.274254
1668	0.274153
1669	0.274038
1670	0.273904
1671	0.273746
1672	0.273562
1673	0.273352
1674	0.273117
1675	0.272857
1676	0.272575
1677	0.272272
1678	0.271947
1679	0.271596
1680	0.271214
1681	0.270794
1682	0.270332
1683	0.269825
1684	0.269279
1685	0.268702
1686	0.268103
1687	0.267494
1688	0.266883
1689	0.266277
1690	0.265677
1691	0.265085
1692	0.264497
1693	0.263911
1694	0.263327
1695	0.262746
1696	0.262168
1697	0.261597
1698	0.261033
1699	0.260474
1700	0.259915
1701	0.259351
1702	0.258777
1703	0.258186
1704	0.257574
1705	0.256939
1706	0.256282
1707	0.255610
1708	0.254929
1709	0.254248
1710	0.253573
1711	0.252911
1712	0.252266
1713	0.251646
1714	0.251055
1715	0.250499
1716	0.249980
1717	0.249497
1718	0.249046
1719	0.248621
1720	0.248211
1721	0.247811
1722	0.247412
1723	0.247013
1724	0.246611
1725	0.246208
1726	0.245809
1727	0.245419
1728	0.245047
1729	0.244696
1730	0.244367
1731	0.244054
1732	0.243747
1733	0.243430
1734	0.243089
1735	0.242711
1736	0.242281
1737	0.241791
1738	0.241237
1739	0.240621
1740	0.239955
1741	0.239258
1742	0.238551
1743	0.237854
1744	0.237181
1745	0.236544
1746	0.235943
1747	0.235377
1748	0.234839
1749	0.234316
1750	0.233793
1751	0.233256
1752	0.232696
1753	0.232107
1754	0.231491
1755	0.230851
1756	0.230194
1757	0.229526
1758	0.228851
1759	0.228179
1760	0.227517
1761	0.226876
1762	0.226262
1763	0.225686
1764	0.225154
1765	0.224674
1766	0.224250
1767	0.223885
1768	0.223573
1769	0.223301
1770	0.223052
1771	0.222805
1772	0.222535
1773	0.222222
1774	0.221847
1775	0.221397
1776	0.220865
1777	0.220254
1778	0.219570
1779	0.218825
1780	0.218035
1781	0.217212
1782	0.216369
1783	0.215516
1784	0.214658
1785	0.213801
1786	0.212947
1787	0.212096
1788	0.211247
1789	0.210399
1790	0.209552
1791	0.208704
1792	0.207856
1793	0.207009
1794	0.206161
1795	0.205313
1796	0.204466
1797	0.203618
1798	0.202770
1799	0.201923
1800	0.201075
1801	0.200227
1802	0.199380
1803	0.198532
1804	0.197684
1805	0.196837
1806	0.195989
1807	0.195142
1808	0.194294
1809	0.193446
1810	0.192599
1811	0.191751
1812	0.190903
1813	0.190056
1814	0.189208
1815	0.188360
1816	0.187513
1817	0.186665
1818	0.185817
1819	0.184970
1820	0.184122
1821	0.183274
1822	0.182427
1823	0.181579
1824	0.180732
1825	0.179884
1826	0.179036
1827	0.178189
1828	0.177341
1829	0.176493
1830	0.175646
1831	0.174798
1832	0.173950
1833	0.173103
1834	0.172255
1835	0.171407
1836	0.170560
1837	0.169712
1838	0.168864
1839	0.168017
1840	0.167169
1841	0.166322
1842	0.165474
1843	0.164626
1844	0.163779
1845	0.162931
1846	0.162083
1847	0.161236
1848	0.160388
1849	0.159540
1850	0.158693
1851	0.157845
1852	0.156997
1853	0.156150
1854	0.155302
1855	0.154454
1856	0.153607
1857	0.152759
1858	0.151912
1859	0.151064
1860	0.150216
1861	0.149369
1862	0.148521
1863	0.147673
1864	0.146826
1865	0.145978
1866	0.145130
1867	0.144283
1868	0.143435
1869	0.142587
1870	0.141740
1871	0.140892
1872	0.140044
1873	0.139197
1874	0.138349
1875	0.137502
1876	0.136654
1877	0.135806
1878	0.134959
1879	0.134111
1880	0.133263
1881	0.132416
1882	0.131568
1883	0.130720
1884	0.129873
1885	0.129025
1886	0.128177
1887	0.127330
1888	0.126482
1889	0.125634
1890	0.124787
1891	0.123939
1892	0.123091
1893	0.122244
1894	0.121396
1895	0.120549
1896	0.119701
1897	0.118853
1898	0.118006
1899	0.117158
1900	0.116310
1901	0.115463
1902	0.114615
1903	0.113767
1904	0.112920
1905	0.112072
1906	0.111224
1907	0.110377
1908	0.109529
1909	0.108681
1910	0.107834
1911	0.106986
1912	0.106139
1913	0.105291
1914	0.104443
1915	0.103596
1916	0.102748
1917	0.101900
1918	0.101053
1919	0.100205
1920	0.099357
1921	0.098510
1922	0.097662
1923	0.096814
1924	0.095967
1925	0.095119
1926	0.094271
1927	0.093424
1928	0.092576
1929	0.091729
1930	0.090881
1931	0.090033
1932	0.089186
1933	0.088338
1934	0.087490
1935	0.086643
1936	0.085795
1937	0.084947
1938	0.084100
1939	0.083252
1940	0.082404
1941	0.081548
1942	0.080671
1943	0.079793
1944	0.078951
1945	0.078167
1946	0.077440
1947	0.076747
1948	0.076054
1949	0.075329
1950	0.074550
1951	0.073702
1952	0.072775
1953	0.071765
1954	0.070678
1955	0.069536
1956	0.068379
1957	0.067258
1958	0.066211
1959	0.065249
1960	0.064348
1961	0.063495
1962	0.062691
1963	0.061935
1964	0.061228
1965	0.060569
1966	0.059957
1967	0.059392
1968	0.058874
1969	0.058403
1970	0.057978
1971	0.057599
1972	0.057265
1973	0.056978
1974	0.056735
1975	0.056537
1976	0.056383
1977	0.056274
1978	0.056209
1979	0.056187
1980	0.056209
1981	0.056273
1982	0.056381
1983	0.056530
1984	0.056722
1985	0.056956
1986	0.057231
1987	0.057547
1988	0.057904
1989	0.058302
1990	0.058740
1991	0.059218
1992	0.059736
1993	0.060293
1994	0.060889
1995	0.061524
1996	0.062197
1997	0.062909
1998	0.063659
1999	0.064446
2000	0.065270
2001	0.066131
2002	0.067044
2003	0.068040
2004	0.069109
2005	0.070198
2006	0.071238
2007	0.072167
2008	0.072948
2009	0.073564
2010	0.074020
2011	0.074334
2012	0.074529
2013	0.074634
2014	0.074684
2015	0.074711
2016	0.074733
2017	0.074748
2018	0.074732
2019	0.074644
2020	0.074472
2021	0.074251
2022	0.074018
2023	0.073805
2024	0.073649
2025	0.073583
2026	0.073628
2027	0.073795
2028	0.074079
2029	0.074466
2030	0.074936
2031	0.075461
2032	0.076006
2033	0.076532
2034	0.077003
2035	0.077391
2036	0.077686
2037	0.077901
2038	0.078066
2039	0.078224
2040	0.078420
2041	0.078693
2042	0.079061
2043	0.079520
2044	0.080045
2045	0.080596
2046	0.081128
2047	0.081595
2048	0.081963
2049	0.082214
2050	0.082351
2051	0.082400
2052	0.082399
2053	0.082395
2054	0.082446
2055	0.082605
2056	0.082899
2057	0.083324
2058	0.083853
2059	0.084444
2060	0.085050
2061	0.085630
2062	0.086149
2063	0.086585
2064	0.086927
2065	0.087183
2066	0.087371
2067	0.087523
2068	0.087669
2069	0.087831
2070	0.088015
2071	0.088205
2072	0.088398
2073	0.088593
2074	0.088791
2075	0.088993
2076	0.089197
2077	0.089406
2078	0.089618
2079	0.089835
2080	0.090057
2081	0.090283
2082	0.090514
2083	0.090751
2084	0.090992
2085	0.091240
2086	0.091493
2087	0.091752
2088	0.092017
2089	0.092288
2090	0.092565
2091	0.092849
2092	0.093139
2093	0.093435
2094	0.093737
2095	0.094046
2096	0.094361
2097	0.094683
2098	0.095010
2099	0.095345
2100	0.095685
2101	0.096031
2102	0.096383
2103	0.096741
2104	0.097105
2105	0.097475
2106	0.097849
2107	0.098229
2108	0.098614
2109	0.099004
2110	0.099398
2111	0.099797
2112	0.100199
2113	0.100606
2114	0.101016
2115	0.101428
2116	0.101844
2117	0.102262
2118	0.102683
2119	0.103105
2120	0.103528
2121	0.103952
2122	0.104377
2123	0.104801
2124	0.105225
2125	0.105649
2126	0.106071
2127	0.106491
2128	0.106908
2129	0.107323
2130	0.107734
2131	0.108141
2132	0.108543
2133	0.108940
2134	0.109331
2135	0.109715
2136	0.110092
2137	0.110462
2138	0.110822
2139	0.111174
2140	0.111515
2141	0.111846
2142	0.112165
2143	0.112472
2144	0.112766
2145	0.113046
2146	0.113312
2147	0.113562
2148	0.113796
2149	0.114012
2150	0.114210
2151	0.114390
2152	0.114546
2153	0.114671
2154	0.114764
2155	0.114835
2156	0.114901
2157	0.114975
2158	0.115068
2159	0.115187
2160	0.115334
2161	0.115509
2162	0.115710
2163	0.115933
2164	0.116165
2165	0.116397
2166	0.116617
2167	0.116822
2168	0.117015
2169	0.117204
2170	0.117397
2171	0.117590
2172	0.117782
2173	0.117973
2174	0.118161
2175	0.118348
2176	0.118533
2177	0.118716
2178	0.118897
2179	0.119076
2180	0.119252
2181	0.119425
2182	0.119596
2183	0.119764
2184	0.119930
2185	0.120092
2186	0.120251
2187	0.120406
2188	0.120558
2189	0.120706
2190	0.120851
2191	0.120991
2192	0.121127
2193	0.121259
2194	0.121387
2195	0.121510
2196	0.121628
2197	0.121741
2198	0.121848
2199	0.121951
2200	0.122048
2201	0.122139
2202	0.122224
2203	0.122303
2204	0.122376
2205	0.122442
2206	0.122502
2207	0.122555
2208	0.122600
2209	0.122639
2210	0.122669
2211	0.122692
2212	0.122707
2213	0.122714
2214	0.122712
2215	0.122702
2216	0.122683
2217	0.122655
2218	0.122617
2219	0.122570
2220	0.122513
2221	0.122446
2222	0.122369
2223	0.122281
2224	0.122183
2225	0.122073
2226	0.121952
2227	0.121819
2228	0.121675
2229	0.121519
2230	0.121350
2231	0.121168
2232	0.120974
2233	0.120766
2234	0.120545
2235	0.120310
2236	0.120062
2237	0.119799
2238	0.119521
2239	0.119228
2240	0.118920
2241	0.118597
2242	0.118258
2243	0.117903
2244	0.117531
2245	0.117143
2246	0.116738
2247	0.116315
2248	0.115874
2249	0.115416
2250	0.114939
2251	0.114444
2252	0.113921
2253	0.113357
2254	0.112771
2255	0.112198
2256	0.111661
2257	0.111161
2258	0.110678
2259	0.110185
2260	0.109655
2261	0.109073
2262	0.108431
2263	0.107724
2264	0.106952
2265	0.106122
2266	0.105256
2267	0.104394
2268	0.103579
2269	0.102849
2270	0.102210
2271	0.101635
2272	0.101108
2273	0.100629
2274	0.100194
2275	0.099799
2276	0.099443
2277	0.099124
2278	0.098838
2279	0.098582
2280	0.098356
2281	0.098156
2282	0.097981
2283	0.097827
2284	0.097694
2285	0.097578
2286	0.097479
2287	0.097394
2288	0.097322
2289	0.097260
2290	0.097207
2291	0.097162
2292	0.097123
2293	0.097088
2294	0.097057
2295	0.097028
2296	0.096999
2297	0.096970
2298	0.096940
2299	0.096906
2300	0.096870
2301	0.096829
2302	0.096782
2303	0.096730
2304	0.096671
2305	0.096605
2306	0.096532
2307	0.096450
2308	0.096360
2309	0.096260
2310	0.096152
2311	0.096034
2312	0.095907
2313	0.095771
2314	0.095625
2315	0.095470
2316	0.095306
2317	0.095133
2318	0.094952
2319	0.094762
2320	0.094564
2321	0.094360
2322	0.094149
2323	0.093932
2324	0.093710
2325	0.093483
2326	0.093253
2327	0.093021
2328	0.092787
2329	0.092552
2330	0.092319
2331	0.092087
2332	0.091859
2333	0.091635
2334	0.091417
2335	0.091207
2336	0.091006
2337	0.090816
2338	0.090639
2339	0.090475
2340	0.090328
2341	0.090200
2342	0.090091
2343	0.090004
2344	0.089942
2345	0.089906
2346	0.089900
2347	0.089924
2348	0.089982
2349	0.090076
2350	0.090209
2351	0.090383
2352	0.090609
2353	0.090903
2354	0.091265
2355	0.091671
2356	0.092092
2357	0.092505
2358	0.092895
2359	0.093258
2360	0.093596
2361	0.093914
2362	0.094219
2363	0.094524
2364	0.094849
2365	0.095214
2366	0.095634
2367	0.096111
2368	0.096630
2369	0.097169
2370	0.097715
2371	0.098276
2372	0.098858
2373	0.099459
2374	0.100081
2375	0.100723
2376	0.101386
2377	0.102068
2378	0.102771
2379	0.103494
2380	0.104237
2381	0.105001
2382	0.105784
2383	0.106588
2384	0.107412
2385	0.108257
2386	0.109121
2387	0.110006
2388	0.110911
2389	0.111836
2390	0.112782
2391	0.113748
2392	0.114734
2393	0.115740
2394	0.116766
2395	0.117813
2396	0.118880
2397	0.119967
2398	0.121074
2399	0.122201
2400	0.123349
2401	0.124517
2402	0.125705
2403	0.126914
2404	0.128142
2405	0.129391
2406	0.130660
2407	0.131950
2408	0.133259
2409	0.134589
2410	0.135939
2411	0.137309
2412	0.138700
2413	0.140110
2414	0.141541
2415	0.142993
2416	0.144464
2417	0.145955
2418	0.147467
2419	0.148999
2420	0.150552
2421	0.152124
2422	0.153717
2423	0.155330
2424	0.156963
2425	0.158616
2426	0.160290
2427	0.161984
2428	0.163698
2429	0.165432
2430	0.167187
2431	0.168962
2432	0.170757
2433	0.172572
2434	0.174407
2435	0.176263
2436	0.178139
2437	0.180035
2438	0.181951
2439	0.183888
2440	0.185845
2441	0.187822
2442	0.189819
2443	0.191836
2444	0.193874
2445	0.195932
2446	0.198010
2447	0.200109
2448	0.202227
2449	0.204366
2450	0.206525
2451	0.208704
2452	0.210904
2453	0.213124
2454	0.215364
2455	0.217624
2456	0.219904
2457	0.222205
2458	0.224526
2459	0.226867
2460	0.229228
2461	0.231610
2462	0.234012
2463	0.236434
2464	0.238876
2465	0.241338
2466	0.243821
2467	0.246324
2468	0.248847
2469	0.251391
2470	0.253954
2471	0.256538
2472	0.259142
2473	0.261766
2474	0.264411
2475	0.267076
2476	0.269760
2477	0.272466
2478	0.275191
2479	0.277937
2480	0.280703
2481	0.283489
2482	0.286295
2483	0.289122
2484	0.291968
2485	0.294835
2486	0.297722
2487	0.300630
2488	0.303558
2489	0.306506
2490	0.309474
2491	0.312462
2492	0.315471
2493	0.318499
2494	0.321548
2495	0.324618
2496	0.327707
2497	0.330817
2498	0.333947
2499	0.337097
2500	0.340267
