350	0.984533
351	0.984516
352	0.984496
353	0.984474
354	0.984449
355	0.984420
356	0.984389
357	0.984356
358	0.984319
359	0.984279
360	0.984237
361	0.984195
362	0.984150
363	0.984099
364	0.984040
365	0.983974
366	0.983901
367	0.983824
368	0.983748
369	0.983674
370	0.983607
371	0.983546
372	0.983491
373	0.983440
374	0.983391
375	0.983341
376	0.983286
377	0.983221
378	0.983146
379	0.983061
380	0.982969
381	0.982875
382	0.982782
383	0.982694
384	0.982612
385	0.982536
386	0.982470
387	0.982415
388	0.982375
389	0.982349
390	0.982332
391	0.982318
392	0.982301
393	0.982276
394	0.982243
395	0.982201
396	0.982149
397	0.982090
398	0.982029
399	0.981974
400	0.981931
401	0.981908
402	0.981904
403	0.981916
404	0.981939
405	0.981965
406	0.981986
407	0.981997
408	0.981991
409	0.981965
410	0.981920
411	0.981859
412	0.981789
413	0.981716
414	0.981649
415	0.981590
416	0.981543
417	0.981508
418	0.981484
419	0.981467
420	0.981455
421	0.981443
422	0.981430
423	0.981415
424	0.981399
425	0.981384
426	0.981370
427	0.981357
428	0.981343
429	0.981327
430	0.981309
431	0.981287
432	0.981261
433	0.981231
434	0.981198
435	0.981165
436	0.981133
437	0.981106
438	0.981082
439	0.981059
440	0.981037
441	0.981011
442	0.980983
443	0.980950
444	0.980914
445	0.980877
446	0.980839
447	0.980805
448	0.980775
449	0.980752
450	0.980736
451	0.980726
452	0.980721
453	0.980718
454	0.980714
455	0.980709
456	0.980702
457	0.980691
458	0.980677
459	0.980659
460	0.980639
461	0.980616
462	0.980592
463	0.980568
464	0.980544
465	0.980521
466	0.980500
467	0.980481
468	0.980465
469	0.980452
470	0.980441
471	0.980433
472	0.980426
473	0.980417
474	0.980406
475	0.980391
476	0.980373
477	0.980353
478	0.980331
479	0.980309
480	0.980290
481	0.980274
482	0.980263
483	0.980257
484	0.980253
485	0.980250
486	0.980243
487	0.980231
488	0.980213
489	0.980189
490	0.980162
491	0.980135
492	0.980108
493	0.980085
494	0.980068
495	0.980057
496	0.980050
497	0.980047
498	0.980045
499	0.980040
500	0.980031
501	0.980017
502	0.980002
503	0.979985
504	0.979969
505	0.979956
506	0.979946
507	0.979940
508	0.979937
509	0.979938
510	0.979939
511	0.979939
512	0.979936
513	0.979930
514	0.979921
515	0.979911
516	0.979901
517	0.979893
518	0.979885
519	0.979878
520	0.979870
521	0.979861
522	0.979852
523	0.979839
524	0.979824
525	0.979806
526	0.979786
527	0.979767
528	0.979750
529	0.979735
530	0.979723
531	0.979715
532	0.979709
533	0.979707
534	0.979708
535	0.979710
536	0.979714
537	0.979718
538	0.979720
539	0.979720
540	0.979716
541	0.979709
542	0.979699
543	0.979686
544	0.979672
545	0.979659
546	0.979647
547	0.979637
548	0.979629
549	0.979621
550	0.979613
551	0.979603
552	0.979592
553	0.979580
554	0.979566
555	0.979554
556	0.979543
557	0.979535
558	0.979531
559	0.979531
560	0.979535
561	0.979542
562	0.979551
563	0.979560
564	0.979568
565	0.979575
566	0.979578
567	0.979578
568	0.979573
569	0.979564
570	0.979551
571	0.979534
572	0.979515
573	0.979495
574	0.979475
575	0.979457
576	0.979442
577	0.979429
578	0.979419
579	0.979411
580	0.979405
581	0.979400
582	0.979397
583	0.979394
584	0.979391
585	0.979389
586	0.979388
587	0.979387
588	0.979388
589	0.979388
590	0.979389
591	0.979389
592	0.979389
593	0.979386
594	0.979381
595	0.979373
596	0.979362
597	0.979349
598	0.979334
599	0.979318
600	0.979303
601	0.979291
602	0.979281
603	0.979274
604	0.979269
605	0.979265
606	0.979259
607	0.979249
608	0.979236
609	0.979220
610	0.979204
611	0.979189
612	0.979176
613	0.979168
614	0.979164
615	0.979164
616	0.979167
617	0.979171
618	0.979172
619	0.979170
620	0.979164
621	0.979152
622	0.979137
623	0.979119
624	0.979100
625	0.979079
626	0.979059
627	0.979039
628	0.979024
629	0.979013
630	0.979007
631	0.979008
632	0.979015
633	0.979025
634	0.979038
635	0.979049
636	0.979058
637	0.979064
638	0.979065
639	0.979063
640	0.979059
641	0.979055
642	0.979050
643	0.979047
644	0.979043
645	0.979039
646	0.979033
647	0.979025
648	0.979014
649	0.979001
650	0.978987
651	0.978973
652	0.978960
653	0.978947
654	0.978936
655	0.978924
656	0.978914
657	0.978904
658	0.978896
659	0.978889
660	0.978886
661	0.978886
662	0.978889
663	0.978893
664	0.978897
665	0.978900
666	0.978901
667	0.978899
668	0.978894
669	0.978888
670	0.978879
671	0.978871
672	0.978862
673	0.978855
674	0.978847
675	0.978840
676	0.978834
677	0.978827
678	0.978821
679	0.978817
680	0.978815
681	0.978815
682	0.978816
683	0.978817
684	0.978817
685	0.978815
686	0.978808
687	0.978798
688	0.978783
689	0.978765
690	0.978743
691	0.978720
692	0.978696
693	0.978673
694	0.978652
695	0.978634
696	0.978619
697	0.978607
698	0.978596
699	0.978588
700	0.978583
701	0.978580
702	0.978580
703	0.978583
704	0.978588
705	0.978594
706	0.978600
707	0.978604
708	0.978604
709	0.978598
710	0.978584
711	0.978564
712	0.978537
713	0.978507
714	0.978477
715	0.978449
716	0.978424
717	0.978405
718	0.978389
719	0.978375
720	0.978363
721	0.978350
722	0.978337
723	0.978324
724	0.978312
725	0.978304
726	0.978300
727	0.978301
728	0.978308
729	0.978319
730	0.978331
731	0.978342
732	0.978347
733	0.978346
734	0.978340
735	0.978329
736	0.978316
737	0.978304
738	0.978293
739	0.978285
740	0.978282
741	0.978283
742	0.978287
743	0.978291
744	0.978294
745	0.978295
746	0.978291
747	0.978285
748	0.978277
749	0.978267
750	0.978256
751	0.978243
752	0.978225
753	0.978202
754	0.978172
755	0.978133
756	0.978087
757	0.978035
758	0.977982
759	0.977932
760	0.977890
761	0.977861
762	0.977850
763	0.977857
764	0.977879
765	0.977913
766	0.977953
767	0.977993
768	0.978028
769	0.978057
770	0.978076
771	0.978085
772	0.978085
773	0.978078
774	0.978066
775	0.978055
776	0.978045
777	0.978038
778	0.978034
779	0.978032
780	0.978028
781	0.978023
782	0.978012
783	0.977997
784	0.977975
785	0.977949
786	0.977921
787	0.977896
788	0.977876
789	0.977865
790	0.977866
791	0.977878
792	0.977898
793	0.977925
794	0.977953
795	0.977978
796	0.977997
797	0.978006
798	0.978005
799	0.977993
800	0.977972
801	0.977944
802	0.977911
803	0.977877
804	0.977845
805	0.977818
806	0.977798
807	0.977785
808	0.977778
809	0.977775
810	0.977774
811	0.977773
812	0.977769
813	0.977762
814	0.977751
815	0.977737
816	0.977722
817	0.977707
818	0.977696
819	0.977691
820	0.977691
821	0.977698
822	0.977710
823	0.977725
824	0.977742
825	0.977759
826	0.977775
827	0.977787
828	0.977798
829	0.977807
830	0.977816
831	0.977825
832	0.977837
833	0.977849
834	0.977862
835	0.977873
836	0.977882
837	0.977886
838	0.977885
839	0.977876
840	0.977860
841	0.977838
842	0.977811
843	0.977782
844	0.977754
845	0.977729
846	0.977709
847	0.977695
848	0.977688
849	0.977686
850	0.977690
851	0.977699
852	0.977710
853	0.977724
854	0.977738
855	0.977752
856	0.977767
857	0.977781
858	0.977795
859	0.977806
860	0.977813
861	0.977813
862	0.977806
863	0.977793
864	0.977773
865	0.977748
866	0.977720
867	0.977689
868	0.977660
869	0.977634
870	0.977617
871	0.977608
872	0.977609
873	0.977618
874	0.977635
875	0.977657
876	0.977683
877	0.977711
878	0.977736
879	0.977753
880	0.977758
881	0.977752
882	0.977736
883	0.977714
884	0.977689
885	0.977662
886	0.977636
887	0.977611
888	0.977590
889	0.977573
890	0.977558
891	0.977542
892	0.977519
893	0.977489
894	0.977449
895	0.977403
896	0.977353
897	0.977304
898	0.977257
899	0.977218
900	0.977191
901	0.977181
902	0.977191
903	0.977222
904	0.977267
905	0.977319
906	0.977366
907	0.977397
908	0.977407
909	0.977392
910	0.977355
911	0.977303
912	0.977243
913	0.977195
914	0.977178
915	0.977201
916	0.977263
917	0.977350
918	0.977444
919	0.977524
920	0.977575
921	0.977587
922	0.977554
923	0.977479
924	0.977367
925	0.977231
926	0.977087
927	0.976950
928	0.976830
929	0.976727
930	0.976634
931	0.976547
932	0.976468
933	0.976396
934	0.976329
935	0.976269
936	0.976215
937	0.976167
938	0.976125
939	0.976088
940	0.976056
941	0.976029
942	0.976007
943	0.975990
944	0.975978
945	0.975970
946	0.975966
947	0.975966
948	0.975969
949	0.975976
950	0.975987
951	0.976001
952	0.976018
953	0.976037
954	0.976059
955	0.976084
956	0.976111
957	0.976140
958	0.976171
959	0.976203
960	0.976237
961	0.976272
962	0.976309
963	0.976346
964	0.976384
965	0.976422
966	0.976461
967	0.976500
968	0.976539
969	0.976578
970	0.976616
971	0.976654
972	0.976691
973	0.976726
974	0.976761
975	0.976794
976	0.976826
977	0.976856
978	0.976884
979	0.976910
980	0.976934
981	0.976955
982	0.976973
983	0.976985
984	0.976992
985	0.976997
986	0.977003
987	0.977015
988	0.977032
989	0.977056
990	0.977085
991	0.977119
992	0.977157
993	0.977196
994	0.977234
995	0.977269
996	0.977298
997	0.977322
998	0.977342
999	0.977362
1000	0.977382
1001	0.977403
1002	0.977422
1003	0.977441
1004	0.977458
1005	0.977475
1006	0.977491
1007	0.977505
1008	0.977519
1009	0.977532
1010	0.977543
1011	0.977553
1012	0.977563
1013	0.977571
1014	0.977578
1015	0.977584
1016	0.977589
1017	0.977592
1018	0.977595
1019	0.977596
1020	0.977597
1021	0.977596
1022	0.977594
1023	0.977591
1024	0.977587
1025	0.977582
1026	0.977576
1027	0.977568
1028	0.977560
1029	0.977551
1030	0.977540
1031	0.977529
1032	0.977516
1033	0.977502
1034	0.977489
1035	0.977475
1036	0.977463
1037	0.977450
1038	0.977437
1039	0.977422
1040	0.977406
1041	0.977387
1042	0.977367
1043	0.977343
1044	0.977318
1045	0.977291
1046	0.977263
1047	0.977236
1048	0.977210
1049	0.977186
1050	0.977163
1051	0.977141
1052	0.977120
1053	0.977099
1054	0.977079
1055	0.977060
1056	0.977042
1057	0.977025
1058	0.977009
1059	0.976993
1060	0.976979
1061	0.976965
1062	0.976952
1063	0.976940
1064	0.976929
1065	0.976918
1066	0.976909
1067	0.976900
1068	0.976893
1069	0.976886
1070	0.976880
1071	0.976874
1072	0.976870
1073	0.976867
1074	0.976864
1075	0.976863
1076	0.976862
1077	0.976862
1078	0.976863
1079	0.976865
1080	0.976867
1081	0.976871
1082	0.976876
1083	0.976881
1084	0.976887
1085	0.976895
1086	0.976903
1087	0.976912
1088	0.976922
1089	0.976933
1090	0.976944
1091	0.976957
1092	0.976971
1093	0.976989
1094	0.977008
1095	0.977025
1096	0.977036
1097	0.977042
1098	0.977044
1099	0.977047
1100	0.977054
1101	0.977068
1102	0.977088
1103	0.977114
1104	0.977141
1105	0.977165
1106	0.977180
1107	0.977180
1108	0.977161
1109	0.977123
1110	0.977075
1111	0.977028
1112	0.976995
1113	0.976980
1114	0.976989
1115	0.977022
1116	0.977075
1117	0.977144
1118	0.977216
1119	0.977277
1120	0.977312
1121	0.977306
1122	0.977250
1123	0.977133
1124	0.976953
1125	0.976712
1126	0.976425
1127	0.976120
1128	0.975830
1129	0.975593
1130	0.975437
1131	0.975377
1132	0.975416
1133	0.975543
1134	0.975739
1135	0.975976
1136	0.976222
1137	0.976449
1138	0.976634
1139	0.976768
1140	0.976853
1141	0.976894
1142	0.976900
1143	0.976873
1144	0.976812
1145	0.976715
1146	0.976582
1147	0.976417
1148	0.976225
1149	0.976015
1150	0.975796
1151	0.975580
1152	0.975380
1153	0.975212
1154	0.975091
1155	0.975028
1156	0.975030
1157	0.975099
1158	0.975233
1159	0.975424
1160	0.975660
1161	0.975923
1162	0.976192
1163	0.976445
1164	0.976660
1165	0.976819
1166	0.976914
1167	0.976948
1168	0.976929
1169	0.976875
1170	0.976806
1171	0.976744
1172	0.976707
1173	0.976705
1174	0.976745
1175	0.976820
1176	0.976919
1177	0.977024
1178	0.977116
1179	0.977177
1180	0.977200
1181	0.977180
1182	0.977125
1183	0.977045
1184	0.976953
1185	0.976863
1186	0.976785
1187	0.976727
1188	0.976691
1189	0.976676
1190	0.976677
1191	0.976689
1192	0.976709
1193	0.976736
1194	0.976770
1195	0.976815
1196	0.976868
1197	0.976928
1198	0.976993
1199	0.977055
1200	0.977111
1201	0.977156
1202	0.977186
1203	0.977200
1204	0.977199
1205	0.977186
1206	0.977164
1207	0.977138
1208	0.977109
1209	0.977079
1210	0.977047
1211	0.977013
1212	0.976976
1213	0.976939
1214	0.976905
1215	0.976879
1216	0.976863
1217	0.976862
1218	0.976874
1219	0.976899
1220	0.976932
1221	0.976964
1222	0.976988
1223	0.976996
1224	0.976982
1225	0.976944
1226	0.976884
1227	0.976808
1228	0.976725
1229	0.976645
1230	0.976576
1231	0.976527
1232	0.976502
1233	0.976499
1234	0.976515
1235	0.976543
1236	0.976576
1237	0.976606
1238	0.976629
1239	0.976644
1240	0.976653
1241	0.976661
1242	0.976676
1243	0.976703
1244	0.976745
1245	0.976802
1246	0.976868
1247	0.976933
1248	0.976987
1249	0.977022
1250	0.977035
1251	0.977026
1252	0.977004
1253	0.976978
1254	0.976960
1255	0.976960
1256	0.976984
1257	0.977034
1258	0.977103
1259	0.977181
1260	0.977256
1261	0.977316
1262	0.977351
1263	0.977355
1264	0.977326
1265	0.977266
1266	0.977177
1267	0.977063
1268	0.976927
1269	0.976775
1270	0.976615
1271	0.976456
1272	0.976310
1273	0.976193
1274	0.976116
1275	0.976088
1276	0.976113
1277	0.976186
1278	0.976295
1279	0.976421
1280	0.976546
1281	0.976654
1282	0.976736
1283	0.976788
1284	0.976815
1285	0.976824
1286	0.976826
1287	0.976829
1288	0.976836
1289	0.976845
1290	0.976852
1291	0.976849
1292	0.976830
1293	0.976795
1294	0.976748
1295	0.976699
1296	0.976657
1297	0.976633
1298	0.976629
1299	0.976648
1300	0.976686
1301	0.976738
1302	0.976795
1303	0.976849
1304	0.976893
1305	0.976923
1306	0.976936
1307	0.976929
1308	0.976901
1309	0.976852
1310	0.976785
1311	0.976702
1312	0.976609
1313	0.976511
1314	0.976413
1315	0.976320
1316	0.976236
1317	0.976165
1318	0.976107
1319	0.976061
1320	0.976023
1321	0.975988
1322	0.975956
1323	0.975927
1324	0.975902
1325	0.975881
1326	0.975864
1327	0.975851
1328	0.975841
1329	0.975834
1330	0.975830
1331	0.975829
1332	0.975831
1333	0.975835
1334	0.975842
1335	0.975851
1336	0.975862
1337	0.975875
1338	0.975889
1339	0.975905
1340	0.975923
1341	0.975941
1342	0.975961
1343	0.975981
1344	0.976002
1345	0.976024
1346	0.976046
1347	0.976068
1348	0.976089
1349	0.976111
1350	0.976133
1351	0.976153
1352	0.976174
1353	0.976193
1354	0.976211
1355	0.976228
1356	0.976243
1357	0.976257
1358	0.976270
1359	0.976280
1360	0.976288
1361	0.976294
1362	0.976297
1363	0.976298
1364	0.976296
1365	0.976290
1366	0.976279
1367	0.976261
1368	0.976242
1369	0.976224
1370	0.976212
1371	0.976205
1372	0.976206
1373	0.976212
1374	0.976224
1375	0.976240
1376	0.976258
1377	0.976276
1378	0.976291
1379	0.976301
1380	0.976306
1381	0.976308
1382	0.976310
1383	0.976315
1384	0.976319
1385	0.976324
1386	0.976329
1387	0.976334
1388	0.976338
1389	0.976343
1390	0.976348
1391	0.976354
1392	0.976365
1393	0.976375
1394	0.976380
1395	0.976373
1396	0.976356
1397	0.976331
1398	0.976305
1399	0.976284
1400	0.976271
1401	0.976270
1402	0.976283
1403	0.976311
1404	0.976354
1405	0.976409
1406	0.976469
1407	0.976524
1408	0.976569
1409	0.976601
1410	0.976625
1411	0.976643
1412	0.976655
1413	0.976661
1414	0.976662
1415	0.976658
1416	0.976650
1417	0.976636
1418	0.976619
1419	0.976597
1420	0.976571
1421	0.976541
1422	0.976508
1423	0.976472
1424	0.976433
1425	0.976391
1426	0.976346
1427	0.976299
1428	0.976250
1429	0.976199
1430	0.976146
1431	0.976092
1432	0.976037
1433	0.975981
1434	0.975924
1435	0.975866
1436	0.975809
1437	0.975751
1438	0.975693
1439	0.975636
1440	0.975579
1441	0.975523
1442	0.975469
1443	0.975415
1444	0.975363
1445	0.975313
1446	0.975265
1447	0.975219
1448	0.975176
1449	0.975135
1450	0.975097
1451	0.975062
1452	0.975031
1453	0.975002
1454	0.974977
1455	0.974958
1456	0.974944
1457	0.974935
1458	0.974929
1459	0.974924
1460	0.974922
1461	0.974929
1462	0.974952
1463	0.975000
1464	0.975076
1465	0.975184
1466	0.975324
1467	0.975495
1468	0.975694
1469	0.975912
1470	0.976131
1471	0.976331
1472	0.976487
1473	0.976583
1474	0.976610
1475	0.976568
1476	0.976467
1477	0.976321
1478	0.976148
1479	0.975973
1480	0.975819
1481	0.975704
1482	0.975638
1483	0.975618
1484	0.975633
1485	0.975669
1486	0.975710
1487	0.975749
1488	0.975781
1489	0.975810
1490	0.975839
1491	0.975872
1492	0.975914
1493	0.975965
1494	0.976025
1495	0.976088
1496	0.976153
1497	0.976217
1498	0.976278
1499	0.976338
1500	0.976396
1501	0.976455
1502	0.976515
1503	0.976579
1504	0.976648
1505	0.976725
1506	0.976808
1507	0.976896
1508	0.976985
1509	0.977067
1510	0.977133
1511	0.977172
1512	0.977175
1513	0.977137
1514	0.977057
1515	0.976947
1516	0.976823
1517	0.976703
1518	0.976608
1519	0.976551
1520	0.976538
1521	0.976565
1522	0.976622
1523	0.976691
1524	0.976758
1525	0.976809
1526	0.976840
1527	0.976852
1528	0.976854
1529	0.976853
1530	0.976858
1531	0.976875
1532	0.976905
1533	0.976943
1534	0.976983
1535	0.977014
1536	0.977029
1537	0.977023
1538	0.976997
1539	0.976954
1540	0.976902
1541	0.976848
1542	0.976802
1543	0.976769
1544	0.976752
1545	0.976752
1546	0.976767
1547	0.976794
1548	0.976831
1549	0.976875
1550	0.976923
1551	0.976973
1552	0.977019
1553	0.977057
1554	0.977083
1555	0.977095
1556	0.977093
1557	0.977077
1558	0.977048
1559	0.977009
1560	0.976962
1561	0.976913
1562	0.976866
1563	0.976821
1564	0.976778
1565	0.976735
1566	0.976690
1567	0.976643
1568	0.976597
1569	0.976556
1570	0.976524
1571	0.976504
1572	0.976498
1573	0.976507
1574	0.976529
1575	0.976561
1576	0.976600
1577	0.976640
1578	0.976674
1579	0.976697
1580	0.976706
1581	0.976704
1582	0.976697
1583	0.976695
1584	0.976707
1585	0.976741
1586	0.976800
1587	0.976885
1588	0.976990
1589	0.977106
1590	0.977218
1591	0.977309
1592	0.977363
1593	0.977370
1594	0.977328
1595	0.977244
1596	0.977132
1597	0.977006
1598	0.976877
1599	0.976755
1600	0.976646
1601	0.976551
1602	0.976474
1603	0.976413
1604	0.976370
1605	0.976346
1606	0.976345
1607	0.976375
1608	0.976442
1609	0.976548
1610	0.976686
1611	0.976845
1612	0.977004
1613	0.977144
1614	0.977244
1615	0.977290
1616	0.977275
1617	0.977201
1618	0.977081
1619	0.976931
1620	0.976776
1621	0.976635
1622	0.976528
1623	0.976466
1624	0.976451
1625	0.976478
1626	0.976535
1627	0.976606
1628	0.976677
1629	0.976737
1630	0.976781
1631	0.976810
1632	0.976827
1633	0.976836
1634	0.976840
1635	0.976841
1636	0.976840
1637	0.976836
1638	0.976828
1639	0.976813
1640	0.976789
1641	0.976756
1642	0.976718
1643	0.976681
1644	0.976649
1645	0.976624
1646	0.976608
1647	0.976601
1648	0.976602
1649	0.976615
1650	0.976640
1651	0.976679
1652	0.976731
1653	0.976793
1654	0.976858
1655	0.976918
1656	0.976964
1657	0.976987
1658	0.976977
1659	0.976931
1660	0.976849
1661	0.976741
1662	0.976620
1663	0.976503
1664	0.976405
1665	0.976336
1666	0.976302
1667	0.976301
1668	0.976330
1669	0.976380
1670	0.976445
1671	0.976516
1672	0.976590
1673	0.976660
1674	0.976723
1675	0.976777
1676	0.976818
1677	0.976842
1678	0.976846
1679	0.976828
1680	0.976791
1681	0.976743
1682	0.976696
1683	0.976663
1684	0.976657
1685	0.976686
1686	0.976752
1687	0.976849
1688	0.976965
1689	0.977088
1690	0.977206
1691	0.977308
1692	0.977386
1693	0.977435
1694	0.977451
1695	0.977429
1696	0.977368
1697	0.977271
1698	0.977142
1699	0.976989
1700	0.976822
1701	0.976652
1702	0.976488
1703	0.976341
1704	0.976217
1705	0.976119
1706	0.976048
1707	0.975999
1708	0.975966
1709	0.975945
1710	0.975934
1711	0.975936
1712	0.975954
1713	0.975990
1714	0.976041
1715	0.976096
1716	0.976143
1717	0.976169
1718	0.976165
1719	0.976126
1720	0.976050
1721	0.975938
1722	0.975796
1723	0.975634
1724	0.975468
1725	0.975317
1726	0.975202
1727	0.975138
1728	0.975131
1729	0.975182
1730	0.975285
1731	0.975427
1732	0.975592
1733	0.975757
1734	0.975901
1735	0.976001
1736	0.976040
1737	0.976011
1738	0.975917
1739	0.975769
1740	0.975585
1741	0.975389
1742	0.975203
1743	0.975052
1744	0.974955
1745	0.974930
1746	0.974987
1747	0.975128
1748	0.975344
1749	0.975612
1750	0.975895
1751	0.976151
1752	0.976339
1753	0.976427
1754	0.976398
1755	0.976256
1756	0.976020
1757	0.975725
1758	0.975413
1759	0.975129
1760	0.974915
1761	0.974795
1762	0.974780
1763	0.974860
1764	0.975014
1765	0.975213
1766	0.975431
1767	0.975642
1768	0.975823
1769	0.975950
1770	0.976003
1771	0.975967
1772	0.975835
1773	0.975611
1774	0.975312
1775	0.974964
1776	0.974597
1777	0.974244
1778	0.973934
1779	0.973687
1780	0.973516
1781	0.973418
1782	0.973383
1783	0.973392
1784	0.973425
1785	0.973466
1786	0.973503
1787	0.973534
1788	0.973558
1789	0.973578
1790	0.973599
1791	0.973619
1792	0.973639
1793	0.973659
1794	0.973679
1795	0.973699
1796	0.973720
1797	0.973740
1798	0.973760
1799	0.973780
1800	0.973800
1801	0.973820
1802	0.973840
1803	0.973861
1804	0.973881
1805	0.973901
1806	0.973921
1807	0.973941
1808	0.973961
1809	0.973982
1810	0.974002
1811	0.974022
1812	0.974042
1813	0.974062
1814	0.974082
1815	0.974103
1816	0.974123
1817	0.974143
1818	0.974163
1819	0.974183
1820	0.974203
1821	0.974223
1822	0.974244
1823	0.974264
1824	0.974284
1825	0.974304
1826	0.974324
1827	0.974344
1828	0.974365
1829	0.974385
1830	0.974405
1831	0.974425
1832	0.974445
1833	0.974465
1834	0.974486
1835	0.974506
1836	0.974526
1837	0.974546
1838	0.974566
1839	0.974586
1840	0.974606
1841	0.974627
1842	0.974647
1843	0.974667
1844	0.974687
1845	0.974707
1846	0.974727
1847	0.974748
1848	0.974768
1849	0.974788
1850	0.974808
1851	0.974828
1852	0.974848
1853	0.974869
1854	0.974889
1855	0.974909
1856	0.974929
1857	0.974949
1858	0.974969
1859	0.974989
1860	0.975010
1861	0.975030
1862	0.975050
1863	0.975070
1864	0.975090
1865	0.975110
1866	0.975131
1867	0.975151
1868	0.975171
1869	0.975191
1870	0.975211
1871	0.975231
1872	0.975252
1873	0.975272
1874	0.975292
1875	0.975312
1876	0.975332
1877	0.975352
1878	0.975372
1879	0.975393
1880	0.975413
1881	0.975433
1882	0.975453
1883	0.975473
1884	0.975493
1885	0.975514
1886	0.975534
1887	0.975554
1888	0.975574
1889	0.975594
1890	0.975614
1891	0.975635
1892	0.975655
1893	0.975675
1894	0.975695
1895	0.975715
1896	0.975735
1897	0.975755
1898	0.975776
1899	0.975796
1900	0.975816
1901	0.975836
1902	0.975856
1903	0.975876
1904	0.975897
1905	0.975917
1906	0.975937
1907	0.975957
1908	0.975977
1909	0.975997
1910	0.976018
1911	0.976038
1912	0.976058
1913	0.976078
1914	0.976098
1915	0.976118
1916	0.976138
1917	0.976159
1918	0.976179
1919	0.976199
1920	0.976219
1921	0.976239
1922	0.976259
1923	0.976280
1924	0.976300
1925	0.976320
1926	0.976340
1927	0.976360
1928	0.976380
1929	0.976401
1930	0.976421
1931	0.976441
1932	0.976461
1933	0.976481
1934	0.976501
1935	0.976521
1936	0.976542
1937	0.976562
1938	0.976582
1939	0.976602
1940	0.976622
1941	0.976644
1942	0.976671
1943	0.976698
1944	0.976717
1945	0.976723
1946	0.976716
1947	0.976702
1948	0.976688
1949	0.976680
1950	0.976685
1951	0.976704
1952	0.976740
1953	0.976795
1954	0.976867
1955	0.976950
1956	0.977038
1957	0.977117
1958	0.977181
1959	0.977227
1960	0.977260
1961	0.977284
1962	0.977298
1963	0.977302
1964	0.977298
1965	0.977285
1966	0.977264
1967	0.977234
1968	0.977196
1969	0.977151
1970	0.977098
1971	0.977037
1972	0.976970
1973	0.976896
1974	0.976815
1975	0.976728
1976	0.976635
1977	0.976536
1978	0.976431
1979	0.976322
1980	0.976207
1981	0.976087
1982	0.975963
1983	0.975834
1984	0.975701
1985	0.975565
1986	0.975425
1987	0.975281
1988	0.975135
1989	0.974986
1990	0.974834
1991	0.974679
1992	0.974523
1993	0.974364
1994	0.974204
1995	0.974043
1996	0.973881
1997	0.973717
1998	0.973553
1999	0.973389
2000	0.973224
2001	0.973060
2002	0.972898
2003	0.972747
2004	0.972607
2005	0.972463
2006	0.972291
2007	0.972063
2008	0.971771
2009	0.971431
2010	0.971085
2011	0.970789
2012	0.970610
2013	0.970610
2014	0.970840
2015	0.971327
2016	0.972059
2017	0.972975
2018	0.973974
2019	0.974937
2020	0.975762
2021	0.976396
2022	0.976844
2023	0.977146
2024	0.977359
2025	0.977541
2026	0.977731
2027	0.977947
2028	0.978177
2029	0.978386
2030	0.978528
2031	0.978557
2032	0.978456
2033	0.978236
2034	0.977939
2035	0.977624
2036	0.977340
2037	0.977120
2038	0.976971
2039	0.976880
2040	0.976821
2041	0.976768
2042	0.976697
2043	0.976599
2044	0.976471
2045	0.976322
2046	0.976159
2047	0.975985
2048	0.975797
2049	0.975589
2050	0.975364
2051	0.975143
2052	0.974956
2053	0.974847
2054	0.974898
2055	0.975187
2056	0.975738
2057	0.976510
2058	0.977413
2059	0.978334
2060	0.979161
2061	0.979801
2062	0.980193
2063	0.980309
2064	0.980159
2065	0.979791
2066	0.979287
2067	0.978743
2068	0.978246
2069	0.977848
2070	0.977547
2071	0.977302
2072	0.977092
2073	0.976916
2074	0.976771
2075	0.976655
2076	0.976566
2077	0.976502
2078	0.976461
2079	0.976441
2080	0.976439
2081	0.976455
2082	0.976486
2083	0.976531
2084	0.976587
2085	0.976654
2086	0.976729
2087	0.976812
2088	0.976901
2089	0.976994
2090	0.977091
2091	0.977189
2092	0.977288
2093	0.977387
2094	0.977484
2095	0.977579
2096	0.977670
2097	0.977758
2098	0.977840
2099	0.977916
2100	0.977986
2101	0.978049
2102	0.978104
2103	0.978150
2104	0.978188
2105	0.978217
2106	0.978237
2107	0.978246
2108	0.978246
2109	0.978236
2110	0.978215
2111	0.978185
2112	0.978144
2113	0.978093
2114	0.978032
2115	0.977961
2116	0.977881
2117	0.977792
2118	0.977694
2119	0.977587
2120	0.977473
2121	0.977352
2122	0.977224
2123	0.977090
2124	0.976951
2125	0.976808
2126	0.976661
2127	0.976512
2128	0.976361
2129	0.976209
2130	0.976059
2131	0.975910
2132	0.975764
2133	0.975623
2134	0.975487
2135	0.975359
2136	0.975239
2137	0.975129
2138	0.975031
2139	0.974946
2140	0.974877
2141	0.974824
2142	0.974790
2143	0.974777
2144	0.974787
2145	0.974821
2146	0.974882
2147	0.974971
2148	0.975092
2149	0.975246
2150	0.975436
2151	0.975664
2152	0.975930
2153	0.976239
2154	0.976619
2155	0.977092
2156	0.977649
2157	0.978250
2158	0.978833
2159	0.979336
2160	0.979707
2161	0.979914
2162	0.979940
2163	0.979785
2164	0.979467
2165	0.979021
2166	0.978505
2167	0.977981
2168	0.977505
2169	0.977106
2170	0.976776
2171	0.976490
2172	0.976235
2173	0.976010
2174	0.975812
2175	0.975641
2176	0.975494
2177	0.975371
2178	0.975268
2179	0.975184
2180	0.975119
2181	0.975070
2182	0.975037
2183	0.975017
2184	0.975009
2185	0.975012
2186	0.975025
2187	0.975046
2188	0.975074
2189	0.975109
2190	0.975149
2191	0.975192
2192	0.975238
2193	0.975287
2194	0.975336
2195	0.975386
2196	0.975434
2197	0.975481
2198	0.975526
2199	0.975568
2200	0.975606
2201	0.975640
2202	0.975669
2203	0.975693
2204	0.975710
2205	0.975722
2206	0.975726
2207	0.975723
2208	0.975713
2209	0.975695
2210	0.975669
2211	0.975635
2212	0.975593
2213	0.975542
2214	0.975483
2215	0.975415
2216	0.975339
2217	0.975254
2218	0.975161
2219	0.975060
2220	0.974951
2221	0.974834
2222	0.974710
2223	0.974579
2224	0.974441
2225	0.974297
2226	0.974147
2227	0.973991
2228	0.973831
2229	0.973667
2230	0.973499
2231	0.973329
2232	0.973156
2233	0.972982
2234	0.972807
2235	0.972632
2236	0.972459
2237	0.972288
2238	0.972120
2239	0.971956
2240	0.971798
2241	0.971646
2242	0.971501
2243	0.971365
2244	0.971239
2245	0.971124
2246	0.971021
2247	0.970933
2248	0.970860
2249	0.970804
2250	0.970766
2251	0.970748
2252	0.970730
2253	0.970676
2254	0.970626
2255	0.970671
2256	0.970892
2257	0.971323
2258	0.971946
2259	0.972707
2260	0.973542
2261	0.974387
2262	0.975190
2263	0.975892
2264	0.976437
2265	0.976787
2266	0.976940
2267	0.976945
2268	0.976891
2269	0.976866
2270	0.976906
2271	0.976966
2272	0.977024
2273	0.977077
2274	0.977126
2275	0.977171
2276	0.977209
2277	0.977241
2278	0.977265
2279	0.977282
2280	0.977291
2281	0.977290
2282	0.977280
2283	0.977260
2284	0.977229
2285	0.977187
2286	0.977134
2287	0.977068
2288	0.976990
2289	0.976899
2290	0.976795
2291	0.976677
2292	0.976545
2293	0.976399
2294	0.976238
2295	0.976063
2296	0.975872
2297	0.975666
2298	0.975445
2299	0.975208
2300	0.974955
2301	0.974686
2302	0.974401
2303	0.974100
2304	0.973782
2305	0.973449
2306	0.973099
2307	0.972733
2308	0.972350
2309	0.971952
2310	0.971537
2311	0.971106
2312	0.970660
2313	0.970197
2314	0.969720
2315	0.969226
2316	0.968718
2317	0.968194
2318	0.967656
2319	0.967104
2320	0.966537
2321	0.965957
2322	0.965363
2323	0.964756
2324	0.964137
2325	0.963505
2326	0.962862
2327	0.962207
2328	0.961542
2329	0.960866
2330	0.960180
2331	0.959485
2332	0.958782
2333	0.958070
2334	0.957351
2335	0.956626
2336	0.955894
2337	0.955157
2338	0.954415
2339	0.953669
2340	0.952920
2341	0.952169
2342	0.951416
2343	0.950662
2344	0.949909
2345	0.949156
2346	0.948405
2347	0.947658
2348	0.946913
2349	0.946174
2350	0.945441
2351	0.944714
2352	0.943998
2353	0.943299
2354	0.942617
2355	0.941944
2356	0.941266
2357	0.940575
2358	0.939865
2359	0.939134
2360	0.938383
2361	0.937615
2362	0.936832
2363	0.936039
2364	0.935244
2365	0.934456
2366	0.933680
2367	0.932917
2368	0.932161
2369	0.931403
2370	0.930638
2371	0.929870
2372	0.929099
2373	0.928327
2374	0.927554
2375	0.926778
2376	0.926001
2377	0.925223
2378	0.924442
2379	0.923660
2380	0.922876
2381	0.922091
2382	0.921303
2383	0.920514
2384	0.919724
2385	0.918931
2386	0.918137
2387	0.917342
2388	0.916544
2389	0.915745
2390	0.914944
2391	0.914142
2392	0.913337
2393	0.912531
2394	0.911724
2395	0.910914
2396	0.910103
2397	0.909291
2398	0.908476
2399	0.907660
2400	0.906842
2401	0.906023
2402	0.905202
2403	0.904379
2404	0.903554
2405	0.902728
2406	0.901900
2407	0.901070
2408	0.900239
2409	0.899405
2410	0.898571
2411	0.897734
2412	0.896896
2413	0.896056
2414	0.895214
2415	0.894371
2416	0.893526
2417	0.892679
2418	0.891831
2419	0.890981
2420	0.890129
2421	0.889276
2422	0.888420
2423	0.887564
2424	0.886705
2425	0.885845
2426	0.884983
2427	0.884119
2428	0.883254
2429	0.882387
2430	0.881518
2431	0.880647
2432	0.879775
2433	0.878901
2434	0.878026
2435	0.877149
2436	0.876270
2437	0.875389
2438	0.874507
2439	0.873623
2440	0.872737
2441	0.871849
2442	0.870960
2443	0.870069
2444	0.869177
2445	0.868283
2446	0.867387
2447	0.866489
2448	0.865590
2449	0.864689
2450	0.863786
2451	0.862881
2452	0.861975
2453	0.861067
2454	0.860158
2455	0.859247
2456	0.858334
2457	0.857419
2458	0.856503
2459	0.855585
2460	0.854665
2461	0.853744
2462	0.852821
2463	0.851896
2464	0.850969
2465	0.850041
2466	0.849111
2467	0.848180
2468	0.847246
2469	0.846311
2470	0.845375
2471	0.844436
2472	0.843496
2473	0.842554
2474	0.841611
2475	0.840666
2476	0.839719
2477	0.838770
2478	0.837820
2479	0.836868
2480	0.835914
2481	0.834959
2482	0.834002
2483	0.833043
2484	0.832082
2485	0.831120
2486	0.830156
2487	0.829191
2488	0.828224
2489	0.827255
2490	0.826284
2491	0.825312
2492	0.824337
2493	0.823362
2494	0.822384
2495	0.821405
2496	0.820424
2497	0.819442
2498	0.818457
2499	0.817471
2500	0.816484
