350	0.035824
351	0.035898
352	0.035981
353	0.036073
354	0.036174
355	0.036285
356	0.036405
357	0.036533
358	0.036671
359	0.036819
360	0.036978
361	0.037152
362	0.037330
363	0.037504
364	0.037669
365	0.037821
366	0.037961
367	0.038089
368	0.038211
369	0.038334
370	0.038463
371	0.038603
372	0.038758
373	0.038928
374	0.039111
375	0.039304
376	0.039502
377	0.039704
378	0.039910
379	0.040122
380	0.040343
381	0.040572
382	0.040810
383	0.041054
384	0.041304
385	0.041556
386	0.041809
387	0.042063
388	0.042320
389	0.042581
390	0.042850
391	0.043131
392	0.043425
393	0.043734
394	0.044054
395	0.044380
396	0.044706
397	0.045024
398	0.045328
399	0.045616
400	0.045886
401	0.046141
402	0.046386
403	0.046626
404	0.046869
405	0.047120
406	0.047386
407	0.047670
408	0.047972
409	0.048290
410	0.048622
411	0.048963
412	0.049309
413	0.049657
414	0.050006
415	0.050355
416	0.050705
417	0.051057
418	0.051413
419	0.051775
420	0.052144
421	0.052520
422	0.052900
423	0.053285
424	0.053670
425	0.054056
426	0.054439
427	0.054820
428	0.055197
429	0.055570
430	0.055938
431	0.056301
432	0.056658
433	0.057011
434	0.057358
435	0.057702
436	0.058042
437	0.058381
438	0.058720
439	0.059062
440	0.059409
441	0.059761
442	0.060118
443	0.060479
444	0.060843
445	0.061209
446	0.061574
447	0.061936
448	0.062295
449	0.062648
450	0.062994
451	0.063332
452	0.063663
453	0.063986
454	0.064300
455	0.064605
456	0.064899
457	0.065184
458	0.065457
459	0.065719
460	0.065970
461	0.066211
462	0.066442
463	0.066666
464	0.066884
465	0.067098
466	0.067310
467	0.067522
468	0.067735
469	0.067948
470	0.068163
471	0.068378
472	0.068594
473	0.068810
474	0.069027
475	0.069245
476	0.069465
477	0.069687
478	0.069913
479	0.070141
480	0.070375
481	0.070613
482	0.070858
483	0.071110
484	0.071370
485	0.071640
486	0.071920
487	0.072211
488	0.072513
489	0.072826
490	0.073150
491	0.073486
492	0.073836
493	0.074199
494	0.074580
495	0.074978
496	0.075398
497	0.075840
498	0.076307
499	0.076801
500	0.077322
501	0.077871
502	0.078451
503	0.079063
504	0.079708
505	0.080390
506	0.081112
507	0.081876
508	0.082686
509	0.083545
510	0.084456
511	0.085423
512	0.086445
513	0.087522
514	0.088654
515	0.089837
516	0.091067
517	0.092340
518	0.093647
519	0.094982
520	0.096339
521	0.097708
522	0.099082
523	0.100454
524	0.101816
525	0.103159
526	0.104475
527	0.105757
528	0.106999
529	0.108196
530	0.109343
531	0.110437
532	0.111479
533	0.112466
534	0.113402
535	0.114287
536	0.115126
537	0.115922
538	0.116678
539	0.117402
540	0.118098
541	0.118773
542	0.119434
543	0.120087
544	0.120735
545	0.121383
546	0.122032
547	0.122681
548	0.123329
549	0.123972
550	0.124607
551	0.125228
552	0.125826
553	0.126395
554	0.126921
555	0.127392
556	0.127792
557	0.128104
558	0.128316
559	0.128417
560	0.128405
561	0.128284
562	0.128065
563	0.127766
564	0.127409
565	0.127018
566	0.126613
567	0.126215
568	0.125837
569	0.125492
570	0.125186
571	0.124924
572	0.124711
573	0.124547
574	0.124430
575	0.124356
576	0.124314
577	0.124294
578	0.124281
579	0.124264
580	0.124234
581	0.124190
582	0.124136
583	0.124086
584	0.124053
585	0.124055
586	0.124104
587	0.124208
588	0.124368
589	0.124576
590	0.124821
591	0.125087
592	0.125359
593	0.125626
594	0.125875
595	0.126103
596	0.126305
597	0.126480
598	0.126627
599	0.126745
600	0.126834
601	0.126892
602	0.126920
603	0.126918
604	0.126888
605	0.126832
606	0.126752
607	0.126651
608	0.126532
609	0.126398
610	0.126250
611	0.126092
612	0.125926
613	0.125758
614	0.125592
615	0.125434
616	0.125293
617	0.125174
618	0.125083
619	0.125027
620	0.125009
621	0.125029
622	0.125087
623	0.125182
624	0.125308
625	0.125463
626	0.125639
627	0.125830
628	0.126029
629	0.126228
630	0.126417
631	0.126589
632	0.126734
633	0.126843
634	0.126909
635	0.126925
636	0.126885
637	0.126788
638	0.126634
639	0.126425
640	0.126168
641	0.125869
642	0.125539
643	0.125189
644	0.124831
645	0.124479
646	0.124145
647	0.123838
648	0.123567
649	0.123334
650	0.123136
651	0.122968
652	0.122819
653	0.122676
654	0.122524
655	0.122350
656	0.122144
657	0.121899
658	0.121613
659	0.121291
660	0.120938
661	0.120567
662	0.120188
663	0.119817
664	0.119465
665	0.119144
666	0.118866
667	0.118636
668	0.118458
669	0.118336
670	0.118268
671	0.118252
672	0.118284
673	0.118360
674	0.118476
675	0.118630
676	0.118825
677	0.119066
678	0.119366
679	0.119740
680	0.120209
681	0.120795
682	0.121522
683	0.122417
684	0.123503
685	0.124805
686	0.126343
687	0.128133
688	0.130190
689	0.132525
690	0.135146
691	0.138059
692	0.141265
693	0.144760
694	0.148532
695	0.152565
696	0.156835
697	0.161312
698	0.165965
699	0.170757
700	0.175651
701	0.180614
702	0.185618
703	0.190639
704	0.195662
705	0.200678
706	0.205681
707	0.210667
708	0.215640
709	0.220604
710	0.225566
711	0.230535
712	0.235520
713	0.240529
714	0.245565
715	0.250633
716	0.255731
717	0.260851
718	0.265980
719	0.271098
720	0.276184
721	0.281217
722	0.286180
723	0.291060
724	0.295847
725	0.300529
726	0.305099
727	0.309548
728	0.313871
729	0.318059
730	0.322106
731	0.326004
732	0.329746
733	0.333329
734	0.336754
735	0.340023
736	0.343138
737	0.346104
738	0.348922
739	0.351593
740	0.354118
741	0.356499
742	0.358738
743	0.360839
744	0.362806
745	0.364646
746	0.366363
747	0.367960
748	0.369443
749	0.370818
750	0.372098
751	0.373298
752	0.374432
753	0.375516
754	0.376560
755	0.377570
756	0.378545
757	0.379480
758	0.380361
759	0.381173
760	0.381901
761	0.382536
762	0.383083
763	0.383561
764	0.383994
765	0.384409
766	0.384827
767	0.385264
768	0.385729
769	0.386223
770	0.386739
771	0.387267
772	0.387792
773	0.388305
774	0.388799
775	0.389277
776	0.389742
777	0.390200
778	0.390655
779	0.391107
780	0.391556
781	0.392000
782	0.392435
783	0.392861
784	0.393275
785	0.393680
786	0.394076
787	0.394468
788	0.394859
789	0.395252
790	0.395646
791	0.396042
792	0.396435
793	0.396824
794	0.397206
795	0.397582
796	0.397952
797	0.398318
798	0.398685
799	0.399058
800	0.399439
801	0.399830
802	0.400230
803	0.400636
804	0.401043
805	0.401443
806	0.401833
807	0.402208
808	0.402565
809	0.402906
810	0.403231
811	0.403546
812	0.403857
813	0.404171
814	0.404491
815	0.404821
816	0.405163
817	0.405517
818	0.405882
819	0.406257
820	0.406641
821	0.407031
822	0.407420
823	0.407807
824	0.408189
825	0.408564
826	0.408932
827	0.409292
828	0.409640
829	0.409978
830	0.410307
831	0.410629
832	0.410951
833	0.411274
834	0.411604
835	0.411942
836	0.412290
837	0.412648
838	0.413017
839	0.413393
840	0.413775
841	0.414159
842	0.414542
843	0.414923
844	0.415303
845	0.415683
846	0.416064
847	0.416446
848	0.416827
849	0.417208
850	0.417586
851	0.417960
852	0.418328
853	0.418686
854	0.419035
855	0.419375
856	0.419710
857	0.420041
858	0.420372
859	0.420705
860	0.421039
861	0.421374
862	0.421712
863	0.422049
864	0.422384
865	0.422714
866	0.423034
867	0.423344
868	0.423643
869	0.423933
870	0.424215
871	0.424489
872	0.424756
873	0.425017
874	0.425271
875	0.425521
876	0.425769
877	0.426015
878	0.426264
879	0.426516
880	0.426771
881	0.427030
882	0.427294
883	0.427561
884	0.427827
885	0.428088
886	0.428339
887	0.428577
888	0.428803
889	0.429021
890	0.429238
891	0.429460
892	0.429690
893	0.429923
894	0.430155
895	0.430377
896	0.430585
897	0.430772
898	0.430937
899	0.431082
900	0.431214
901	0.431342
902	0.431481
903	0.431643
904	0.431835
905	0.432058
906	0.432302
907	0.432554
908	0.432800
909	0.433033
910	0.433252
911	0.433451
912	0.433622
913	0.433817
914	0.434105
915	0.434528
916	0.435073
917	0.435686
918	0.436289
919	0.436805
920	0.437173
921	0.437353
922	0.437320
923	0.437067
924	0.436616
925	0.436017
926	0.435350
927	0.434704
928	0.434150
929	0.433699
930	0.433307
931	0.432954
932	0.432636
933	0.432354
934	0.432106
935	0.431890
936	0.431705
937	0.431549
938	0.431421
939	0.431320
940	0.431243
941	0.431191
942	0.431161
943	0.431151
944	0.431161
945	0.431189
946	0.431233
947	0.431292
948	0.431365
949	0.431451
950	0.431547
951	0.431652
952	0.431765
953	0.431885
954	0.432010
955	0.432138
956	0.432268
957	0.432400
958	0.432530
959	0.432659
960	0.432784
961	0.432904
962	0.433017
963	0.433123
964	0.433219
965	0.433305
966	0.433378
967	0.433438
968	0.433483
969	0.433511
970	0.433521
971	0.433513
972	0.433483
973	0.433431
974	0.433356
975	0.433255
976	0.433128
977	0.432973
978	0.432789
979	0.432574
980	0.432327
981	0.432046
982	0.431742
983	0.431438
984	0.431115
985	0.430721
986	0.430206
987	0.429535
988	0.428703
989	0.427725
990	0.426630
991	0.425449
992	0.424214
993	0.422966
994	0.421748
995	0.420600
996	0.419541
997	0.418564
998	0.417635
999	0.416708
1000	0.415766
1001	0.414829
1002	0.413911
1003	0.413014
1004	0.412140
1005	0.411292
1006	0.410472
1007	0.409682
1008	0.408923
1009	0.408197
1010	0.407507
1011	0.406852
1012	0.406235
1013	0.405657
1014	0.405119
1015	0.404622
1016	0.404166
1017	0.403753
1018	0.403383
1019	0.403057
1020	0.402774
1021	0.402536
1022	0.402342
1023	0.402192
1024	0.402086
1025	0.402024
1026	0.402005
1027	0.402030
1028	0.402097
1029	0.402205
1030	0.402354
1031	0.402548
1032	0.402793
1033	0.403074
1034	0.403368
1035	0.403661
1036	0.403957
1037	0.404271
1038	0.404622
1039	0.405029
1040	0.405500
1041	0.406039
1042	0.406643
1043	0.407309
1044	0.408026
1045	0.408772
1046	0.409518
1047	0.410231
1048	0.410887
1049	0.411482
1050	0.412034
1051	0.412553
1052	0.413038
1053	0.413491
1054	0.413913
1055	0.414306
1056	0.414671
1057	0.415008
1058	0.415319
1059	0.415605
1060	0.415868
1061	0.416107
1062	0.416325
1063	0.416523
1064	0.416702
1065	0.416863
1066	0.417007
1067	0.417135
1068	0.417248
1069	0.417348
1070	0.417436
1071	0.417513
1072	0.417580
1073	0.417639
1074	0.417689
1075	0.417733
1076	0.417772
1077	0.417807
1078	0.417839
1079	0.417869
1080	0.417898
1081	0.417928
1082	0.417960
1083	0.417994
1084	0.418033
1085	0.418076
1086	0.418126
1087	0.418183
1088	0.418249
1089	0.418325
1090	0.418411
1091	0.418510
1092	0.418626
1093	0.418773
1094	0.418949
1095	0.419141
1096	0.419325
1097	0.419474
1098	0.419568
1099	0.419598
1100	0.419567
1101	0.419491
1102	0.419394
1103	0.419310
1104	0.419277
1105	0.419330
1106	0.419492
1107	0.419770
1108	0.420145
1109	0.420577
1110	0.421017
1111	0.421424
1112	0.421755
1113	0.421977
1114	0.422066
1115	0.422010
1116	0.421807
1117	0.421461
1118	0.420985
1119	0.420393
1120	0.419706
1121	0.418948
1122	0.418142
1123	0.417307
1124	0.416453
1125	0.415584
1126	0.414699
1127	0.413791
1128	0.412852
1129	0.411873
1130	0.410847
1131	0.409776
1132	0.408673
1133	0.407567
1134	0.406497
1135	0.405505
1136	0.404623
1137	0.403865
1138	0.403215
1139	0.402632
1140	0.402052
1141	0.401396
1142	0.400584
1143	0.399554
1144	0.398269
1145	0.396736
1146	0.394997
1147	0.393133
1148	0.391239
1149	0.389417
1150	0.387753
1151	0.386310
1152	0.385123
1153	0.384197
1154	0.383515
1155	0.383041
1156	0.382736
1157	0.382558
1158	0.382473
1159	0.382455
1160	0.382484
1161	0.382547
1162	0.382634
1163	0.382739
1164	0.382856
1165	0.382980
1166	0.383110
1167	0.383244
1168	0.383382
1169	0.383521
1170	0.383661
1171	0.383795
1172	0.383919
1173	0.384024
1174	0.384107
1175	0.384162
1176	0.384187
1177	0.384182
1178	0.384148
1179	0.384088
1180	0.384006
1181	0.383905
1182	0.383792
1183	0.383671
1184	0.383549
1185	0.383433
1186	0.383331
1187	0.383254
1188	0.383209
1189	0.383204
1190	0.383243
1191	0.383326
1192	0.383445
1193	0.383591
1194	0.383752
1195	0.383915
1196	0.384071
1197	0.384211
1198	0.384336
1199	0.384446
1200	0.384550
1201	0.384658
1202	0.384780
1203	0.384925
1204	0.385099
1205	0.385304
1206	0.385540
1207	0.385804
1208	0.386092
1209	0.386403
1210	0.386731
1211	0.387074
1212	0.387429
1213	0.387791
1214	0.388159
1215	0.388530
1216	0.388901
1217	0.389268
1218	0.389630
1219	0.389986
1220	0.390338
1221	0.390689
1222	0.391042
1223	0.391402
1224	0.391769
1225	0.392143
1226	0.392525
1227	0.392910
1228	0.393297
1229	0.393682
1230	0.394063
1231	0.394437
1232	0.394802
1233	0.395160
1234	0.395511
1235	0.395856
1236	0.396198
1237	0.396535
1238	0.396869
1239	0.397197
1240	0.397520
1241	0.397835
1242	0.398142
1243	0.398439
1244	0.398728
1245	0.399010
1246	0.399286
1247	0.399557
1248	0.399827
1249	0.400096
1250	0.400366
1251	0.400637
1252	0.400908
1253	0.401179
1254	0.401446
1255	0.401703
1256	0.401947
1257	0.402171
1258	0.402368
1259	0.402533
1260	0.402659
1261	0.402740
1262	0.402773
1263	0.402758
1264	0.402701
1265	0.402610
1266	0.402501
1267	0.402393
1268	0.402307
1269	0.402262
1270	0.402275
1271	0.402355
1272	0.402504
1273	0.402715
1274	0.402969
1275	0.403244
1276	0.403514
1277	0.403751
1278	0.403938
1279	0.404062
1280	0.404118
1281	0.404111
1282	0.404050
1283	0.403947
1284	0.403815
1285	0.403669
1286	0.403516
1287	0.403364
1288	0.403215
1289	0.403069
1290	0.402920
1291	0.402765
1292	0.402599
1293	0.402417
1294	0.402213
1295	0.401984
1296	0.401727
1297	0.401441
1298	0.401129
1299	0.400796
1300	0.400449
1301	0.400091
1302	0.399725
1303	0.399347
1304	0.398957
1305	0.398555
1306	0.398110
1307	0.397578
1308	0.396931
1309	0.396168
1310	0.395314
1311	0.394409
1312	0.393495
1313	0.392608
1314	0.391774
1315	0.391011
1316	0.390331
1317	0.389729
1318	0.389186
1319	0.388662
1320	0.388110
1321	0.387493
1322	0.386803
1323	0.386061
1324	0.385279
1325	0.384457
1326	0.383596
1327	0.382698
1328	0.381761
1329	0.380788
1330	0.379778
1331	0.378732
1332	0.377652
1333	0.376537
1334	0.375388
1335	0.374206
1336	0.372991
1337	0.371745
1338	0.370467
1339	0.369159
1340	0.367821
1341	0.366453
1342	0.365057
1343	0.363632
1344	0.362180
1345	0.360702
1346	0.359197
1347	0.357667
1348	0.356111
1349	0.354532
1350	0.352929
1351	0.351303
1352	0.349654
1353	0.347984
1354	0.346293
1355	0.344581
1356	0.342850
1357	0.341099
1358	0.339330
1359	0.337543
1360	0.335739
1361	0.333918
1362	0.332081
1363	0.330229
1364	0.328362
1365	0.326476
1366	0.324559
1367	0.322620
1368	0.320678
1369	0.318759
1370	0.316880
1371	0.315048
1372	0.313263
1373	0.311518
1374	0.309804
1375	0.308113
1376	0.306430
1377	0.304738
1378	0.303023
1379	0.301274
1380	0.299494
1381	0.297697
1382	0.295901
1383	0.294117
1384	0.292338
1385	0.290558
1386	0.288779
1387	0.286999
1388	0.285220
1389	0.283440
1390	0.281661
1391	0.279866
1392	0.278031
1393	0.276191
1394	0.274413
1395	0.272743
1396	0.271187
1397	0.269707
1398	0.268246
1399	0.266746
1400	0.265164
1401	0.263468
1402	0.261633
1403	0.259640
1404	0.257491
1405	0.255217
1406	0.252882
1407	0.250572
1408	0.248359
1409	0.246263
1410	0.244244
1411	0.242282
1412	0.240378
1413	0.238530
1414	0.236740
1415	0.235006
1416	0.233329
1417	0.231709
1418	0.230146
1419	0.228640
1420	0.227190
1421	0.225797
1422	0.224460
1423	0.223180
1424	0.221956
1425	0.220789
1426	0.219678
1427	0.218623
1428	0.217624
1429	0.216682
1430	0.215795
1431	0.214965
1432	0.214190
1433	0.213472
1434	0.212809
1435	0.212202
1436	0.211650
1437	0.211155
1438	0.210715
1439	0.210330
1440	0.210001
1441	0.209728
1442	0.209510
1443	0.209347
1444	0.209239
1445	0.209187
1446	0.209190
1447	0.209247
1448	0.209360
1449	0.209528
1450	0.209751
1451	0.210028
1452	0.210379
1453	0.210840
1454	0.211389
1455	0.211954
1456	0.212460
1457	0.212855
1458	0.213119
1459	0.213263
1460	0.213310
1461	0.213291
1462	0.213233
1463	0.213171
1464	0.213148
1465	0.213201
1466	0.213348
1467	0.213574
1468	0.213833
1469	0.214071
1470	0.214270
1471	0.214477
1472	0.214723
1473	0.215026
1474	0.215395
1475	0.215833
1476	0.216335
1477	0.216885
1478	0.217467
1479	0.218062
1480	0.218659
1481	0.219251
1482	0.219836
1483	0.220415
1484	0.220995
1485	0.221583
1486	0.222189
1487	0.222821
1488	0.223486
1489	0.224188
1490	0.224926
1491	0.225700
1492	0.226505
1493	0.227335
1494	0.228182
1495	0.229041
1496	0.229903
1497	0.230762
1498	0.231613
1499	0.232454
1500	0.233281
1501	0.234098
1502	0.234907
1503	0.235715
1504	0.236529
1505	0.237356
1506	0.238201
1507	0.239064
1508	0.239944
1509	0.240836
1510	0.241736
1511	0.242636
1512	0.243531
1513	0.244414
1514	0.245280
1515	0.246128
1516	0.246958
1517	0.247770
1518	0.248565
1519	0.249344
1520	0.250109
1521	0.250861
1522	0.251607
1523	0.252353
1524	0.253107
1525	0.253876
1526	0.254665
1527	0.255475
1528	0.256301
1529	0.257139
1530	0.257978
1531	0.258810
1532	0.259626
1533	0.260420
1534	0.261191
1535	0.261942
1536	0.262678
1537	0.263409
1538	0.264141
1539	0.264883
1540	0.265638
1541	0.266407
1542	0.267187
1543	0.267975
1544	0.268764
1545	0.269550
1546	0.270326
1547	0.271087
1548	0.271828
1549	0.272546
1550	0.273242
1551	0.273917
1552	0.274580
1553	0.275235
1554	0.275891
1555	0.276554
1556	0.277231
1557	0.277926
1558	0.278639
1559	0.279366
1560	0.280102
1561	0.280836
1562	0.281557
1563	0.282258
1564	0.282932
1565	0.283577
1566	0.284195
1567	0.284789
1568	0.285365
1569	0.285929
1570	0.286483
1571	0.287032
1572	0.287578
1573	0.288124
1574	0.288676
1575	0.289239
1576	0.289818
1577	0.290420
1578	0.291049
1579	0.291708
1580	0.292395
1581	0.293104
1582	0.293822
1583	0.294533
1584	0.295224
1585	0.295882
1586	0.296502
1587	0.297084
1588	0.297633
1589	0.298158
1590	0.298667
1591	0.299170
1592	0.299675
1593	0.300187
1594	0.300708
1595	0.301235
1596	0.301766
1597	0.302296
1598	0.302821
1599	0.303341
1600	0.303855
1601	0.304364
1602	0.304868
1603	0.305368
1604	0.305864
1605	0.306355
1606	0.306841
1607	0.307323
1608	0.307804
1609	0.308286
1610	0.308776
1611	0.309277
1612	0.309792
1613	0.310323
1614	0.310870
1615	0.311428
1616	0.311991
1617	0.312551
1618	0.313098
1619	0.313623
1620	0.314124
1621	0.314600
1622	0.315055
1623	0.315497
1624	0.315932
1625	0.316368
1626	0.316811
1627	0.317262
1628	0.317723
1629	0.318192
1630	0.318665
1631	0.319135
1632	0.319597
1633	0.320048
1634	0.320482
1635	0.320898
1636	0.321293
1637	0.321664
1638	0.322009
1639	0.322326
1640	0.322615
1641	0.322878
1642	0.323121
1643	0.323348
1644	0.323569
1645	0.323791
1646	0.324023
1647	0.324271
1648	0.324538
1649	0.324823
1650	0.325119
1651	0.325418
1652	0.325707
1653	0.325977
1654	0.326220
1655	0.326429
1656	0.326603
1657	0.326745
1658	0.326860
1659	0.326958
1660	0.327047
1661	0.327134
1662	0.327223
1663	0.327313
1664	0.327401
1665	0.327479
1666	0.327541
1667	0.327581
1668	0.327596
1669	0.327587
1670	0.327556
1671	0.327508
1672	0.327448
1673	0.327382
1674	0.327312
1675	0.327238
1676	0.327156
1677	0.327059
1678	0.326942
1679	0.326802
1680	0.326641
1681	0.326464
1682	0.326279
1683	0.326091
1684	0.325908
1685	0.325730
1686	0.325558
1687	0.325383
1688	0.325197
1689	0.324989
1690	0.324750
1691	0.324478
1692	0.324180
1693	0.323868
1694	0.323557
1695	0.323262
1696	0.322996
1697	0.322766
1698	0.322572
1699	0.322411
1700	0.322273
1701	0.322144
1702	0.322014
1703	0.321872
1704	0.321712
1705	0.321533
1706	0.321336
1707	0.321126
1708	0.320907
1709	0.320684
1710	0.320461
1711	0.320241
1712	0.320026
1713	0.319816
1714	0.319610
1715	0.319407
1716	0.319203
1717	0.318994
1718	0.318775
1719	0.318543
1720	0.318294
1721	0.318025
1722	0.317739
1723	0.317438
1724	0.317127
1725	0.316811
1726	0.316495
1727	0.316187
1728	0.315896
1729	0.315632
1730	0.315401
1731	0.315204
1732	0.315035
1733	0.314879
1734	0.314718
1735	0.314532
1736	0.314305
1737	0.314024
1738	0.313684
1739	0.313290
1740	0.312854
1741	0.312399
1742	0.311947
1743	0.311522
1744	0.311135
1745	0.310789
1746	0.310476
1747	0.310179
1748	0.309879
1749	0.309560
1750	0.309211
1751	0.308826
1752	0.308407
1753	0.307958
1754	0.307493
1755	0.307023
1756	0.306565
1757	0.306129
1758	0.305725
1759	0.305358
1760	0.305030
1761	0.304744
1762	0.304501
1763	0.304299
1764	0.304136
1765	0.304007
1766	0.303907
1767	0.303829
1768	0.303769
1769	0.303722
1770	0.303683
1771	0.303647
1772	0.303605
1773	0.303547
1774	0.303459
1775	0.303325
1776	0.303130
1777	0.302861
1778	0.302513
1779	0.302086
1780	0.301587
1781	0.301028
1782	0.300424
1783	0.299790
1784	0.299141
1785	0.298488
1786	0.297839
1787	0.297195
1788	0.296556
1789	0.295920
1790	0.295284
1791	0.294648
1792	0.294012
1793	0.293376
1794	0.292741
1795	0.292105
1796	0.291469
1797	0.290833
1798	0.290197
1799	0.289562
1800	0.288926
1801	0.288290
1802	0.287654
1803	0.287018
1804	0.286382
1805	0.285747
1806	0.285111
1807	0.284475
1808	0.283839
1809	0.283203
1810	0.282568
1811	0.281932
1812	0.281296
1813	0.280660
1814	0.280024
1815	0.279388
1816	0.278753
1817	0.278117
1818	0.277481
1819	0.276845
1820	0.276209
1821	0.275574
1822	0.274938
1823	0.274302
1824	0.273666
1825	0.273030
1826	0.272394
1827	0.271759
1828	0.271123
1829	0.270487
1830	0.269851
1831	0.269215
1832	0.268580
1833	0.267944
1834	0.267308
1835	0.266672
1836	0.266036
1837	0.265401
1838	0.264765
1839	0.264129
1840	0.263493
1841	0.262857
1842	0.262221
1843	0.261586
1844	0.260950
1845	0.260314
1846	0.259678
1847	0.259042
1848	0.258407
1849	0.257771
1850	0.257135
1851	0.256499
1852	0.255863
1853	0.255227
1854	0.254592
1855	0.253956
1856	0.253320
1857	0.252684
1858	0.252048
1859	0.251413
1860	0.250777
1861	0.250141
1862	0.249505
1863	0.248869
1864	0.248233
1865	0.247598
1866	0.246962
1867	0.246326
1868	0.245690
1869	0.245054
1870	0.244419
1871	0.243783
1872	0.243147
1873	0.242511
1874	0.241875
1875	0.241240
1876	0.240604
1877	0.239968
1878	0.239332
1879	0.238696
1880	0.238060
1881	0.237425
1882	0.236789
1883	0.236153
1884	0.235517
1885	0.234881
1886	0.234246
1887	0.233610
1888	0.232974
1889	0.232338
1890	0.231702
1891	0.231066
1892	0.230431
1893	0.229795
1894	0.229159
1895	0.228523
1896	0.227887
1897	0.227252
1898	0.226616
1899	0.225980
1900	0.225344
1901	0.224708
1902	0.224072
1903	0.223437
1904	0.222801
1905	0.222165
1906	0.221529
1907	0.220893
1908	0.220258
1909	0.219622
1910	0.218986
1911	0.218350
1912	0.217714
1913	0.217079
1914	0.216443
1915	0.215807
1916	0.215171
1917	0.214535
1918	0.213899
1919	0.213264
1920	0.212628
1921	0.211992
1922	0.211356
1923	0.210720
1924	0.210085
1925	0.209449
1926	0.208813
1927	0.208177
1928	0.207541
1929	0.206905
1930	0.206270
1931	0.205634
1932	0.204998
1933	0.204362
1934	0.203726
1935	0.203091
1936	0.202455
1937	0.201819
1938	0.201183
1939	0.200547
1940	0.199911
1941	0.199271
1942	0.198618
1943	0.197965
1944	0.197333
1945	0.196736
1946	0.196172
1947	0.195626
1948	0.195077
1949	0.194506
1950	0.193899
1951	0.193249
1952	0.192552
1953	0.191805
1954	0.191014
1955	0.190195
1956	0.189371
1957	0.188574
1958	0.187828
1959	0.187137
1960	0.186487
1961	0.185871
1962	0.185289
1963	0.184739
1964	0.184223
1965	0.183740
1966	0.183289
1967	0.182870
1968	0.182483
1969	0.182128
1970	0.181804
1971	0.181511
1972	0.181250
1973	0.181019
1974	0.180818
1975	0.180647
1976	0.180506
1977	0.180395
1978	0.180313
1979	0.180260
1980	0.180236
1981	0.180240
1982	0.180273
1983	0.180334
1984	0.180422
1985	0.180538
1986	0.180680
1987	0.180850
1988	0.181047
1989	0.181269
1990	0.181518
1991	0.181793
1992	0.182093
1993	0.182419
1994	0.182769
1995	0.183145
1996	0.183545
1997	0.183969
1998	0.184417
1999	0.184889
2000	0.185384
2001	0.185902
2002	0.186429
2003	0.186931
2004	0.187417
2005	0.187944
2006	0.188591
2007	0.189431
2008	0.190507
2009	0.191818
2010	0.193324
2011	0.194954
2012	0.196619
2013	0.198214
2014	0.199633
2015	0.200785
2016	0.201613
2017	0.202115
2018	0.202348
2019	0.202407
2020	0.202375
2021	0.202282
2022	0.202143
2023	0.201970
2024	0.201766
2025	0.201543
2026	0.201320
2027	0.201126
2028	0.200997
2029	0.200962
2030	0.201036
2031	0.201219
2032	0.201487
2033	0.201803
2034	0.202124
2035	0.202409
2036	0.202631
2037	0.202781
2038	0.202869
2039	0.202917
2040	0.202954
2041	0.203004
2042	0.203080
2043	0.203184
2044	0.203303
2045	0.203419
2046	0.203513
2047	0.203574
2048	0.203595
2049	0.203581
2050	0.203543
2051	0.203502
2052	0.203476
2053	0.203485
2054	0.203565
2055	0.203752
2056	0.204065
2057	0.204493
2058	0.205006
2059	0.205565
2060	0.206127
2061	0.206656
2062	0.207125
2063	0.207511
2064	0.207803
2065	0.208005
2066	0.208134
2067	0.208224
2068	0.208312
2069	0.208426
2070	0.208571
2071	0.208731
2072	0.208898
2073	0.209073
2074	0.209255
2075	0.209443
2076	0.209639
2077	0.209842
2078	0.210052
2079	0.210268
2080	0.210492
2081	0.210721
2082	0.210958
2083	0.211200
2084	0.211449
2085	0.211704
2086	0.211965
2087	0.212232
2088	0.212505
2089	0.212783
2090	0.213067
2091	0.213356
2092	0.213651
2093	0.213950
2094	0.214254
2095	0.214563
2096	0.214877
2097	0.215195
2098	0.215517
2099	0.215843
2100	0.216173
2101	0.216507
2102	0.216844
2103	0.217185
2104	0.217528
2105	0.217875
2106	0.218224
2107	0.218576
2108	0.218929
2109	0.219285
2110	0.219643
2111	0.220002
2112	0.220362
2113	0.220724
2114	0.221086
2115	0.221449
2116	0.221812
2117	0.222176
2118	0.222539
2119	0.222901
2120	0.223263
2121	0.223624
2122	0.223984
2123	0.224342
2124	0.224698
2125	0.225052
2126	0.225404
2127	0.225753
2128	0.226099
2129	0.226441
2130	0.226780
2131	0.227115
2132	0.227446
2133	0.227772
2134	0.228093
2135	0.228408
2136	0.228718
2137	0.229022
2138	0.229320
2139	0.229611
2140	0.229895
2141	0.230172
2142	0.230441
2143	0.230701
2144	0.230953
2145	0.231197
2146	0.231431
2147	0.231655
2148	0.231869
2149	0.232073
2150	0.232266
2151	0.232447
2152	0.232610
2153	0.232743
2154	0.232860
2155	0.232989
2156	0.233151
2157	0.233351
2158	0.233575
2159	0.233802
2160	0.234008
2161	0.234176
2162	0.234294
2163	0.234351
2164	0.234337
2165	0.234251
2166	0.234104
2167	0.233921
2168	0.233738
2169	0.233584
2170	0.233468
2171	0.233374
2172	0.233292
2173	0.233221
2174	0.233162
2175	0.233114
2176	0.233076
2177	0.233048
2178	0.233030
2179	0.233020
2180	0.233020
2181	0.233027
2182	0.233042
2183	0.233064
2184	0.233093
2185	0.233128
2186	0.233169
2187	0.233215
2188	0.233266
2189	0.233321
2190	0.233380
2191	0.233443
2192	0.233508
2193	0.233575
2194	0.233644
2195	0.233715
2196	0.233786
2197	0.233857
2198	0.233929
2199	0.233999
2200	0.234069
2201	0.234136
2202	0.234202
2203	0.234264
2204	0.234324
2205	0.234379
2206	0.234430
2207	0.234477
2208	0.234517
2209	0.234552
2210	0.234581
2211	0.234602
2212	0.234616
2213	0.234621
2214	0.234619
2215	0.234606
2216	0.234584
2217	0.234552
2218	0.234509
2219	0.234455
2220	0.234388
2221	0.234309
2222	0.234217
2223	0.234112
2224	0.233992
2225	0.233857
2226	0.233707
2227	0.233541
2228	0.233358
2229	0.233159
2230	0.232941
2231	0.232706
2232	0.232451
2233	0.232178
2234	0.231884
2235	0.231569
2236	0.231233
2237	0.230876
2238	0.230496
2239	0.230093
2240	0.229666
2241	0.229216
2242	0.228740
2243	0.228239
2244	0.227712
2245	0.227158
2246	0.226577
2247	0.225968
2248	0.225330
2249	0.224664
2250	0.223967
2251	0.223240
2252	0.222453
2253	0.221548
2254	0.220564
2255	0.219615
2256	0.218817
2257	0.218244
2258	0.217912
2259	0.217789
2260	0.217826
2261	0.217966
2262	0.218157
2263	0.218333
2264	0.218415
2265	0.218337
2266	0.218069
2267	0.217646
2268	0.217159
2269	0.216716
2270	0.216367
2271	0.216062
2272	0.215774
2273	0.215501
2274	0.215244
2275	0.214999
2276	0.214768
2277	0.214547
2278	0.214337
2279	0.214137
2280	0.213946
2281	0.213762
2282	0.213585
2283	0.213415
2284	0.213251
2285	0.213091
2286	0.212936
2287	0.212785
2288	0.212637
2289	0.212492
2290	0.212349
2291	0.212209
2292	0.212070
2293	0.211933
2294	0.211796
2295	0.211661
2296	0.211527
2297	0.211393
2298	0.211259
2299	0.211126
2300	0.210994
2301	0.210862
2302	0.210731
2303	0.210601
2304	0.210472
2305	0.210344
2306	0.210217
2307	0.210092
2308	0.209970
2309	0.209850
2310	0.209733
2311	0.209619
2312	0.209509
2313	0.209404
2314	0.209304
2315	0.209210
2316	0.209123
2317	0.209042
2318	0.208970
2319	0.208907
2320	0.208854
2321	0.208811
2322	0.208780
2323	0.208762
2324	0.208758
2325	0.208768
2326	0.208794
2327	0.208838
2328	0.208900
2329	0.208981
2330	0.209084
2331	0.209209
2332	0.209358
2333	0.209532
2334	0.209732
2335	0.209961
2336	0.210220
2337	0.210510
2338	0.210833
2339	0.211191
2340	0.211586
2341	0.212019
2342	0.212492
2343	0.213007
2344	0.213566
2345	0.214171
2346	0.214825
2347	0.215528
2348	0.216283
2349	0.217093
2350	0.217959
2351	0.218883
2352	0.219876
2353	0.220951
2354	0.222108
2355	0.223325
2356	0.224576
2357	0.225841
2358	0.227106
2359	0.228368
2360	0.229629
2361	0.230893
2362	0.232167
2363	0.233464
2364	0.234800
2365	0.236194
2366	0.237659
2367	0.239197
2368	0.240794
2369	0.242430
2370	0.244094
2371	0.245794
2372	0.247532
2373	0.249311
2374	0.251129
2375	0.252987
2376	0.254884
2377	0.256821
2378	0.258798
2379	0.260814
2380	0.262870
2381	0.264966
2382	0.267101
2383	0.269276
2384	0.271491
2385	0.273745
2386	0.276039
2387	0.278372
2388	0.280746
2389	0.283159
2390	0.285611
2391	0.288103
2392	0.290635
2393	0.293207
2394	0.295818
2395	0.298469
2396	0.301159
2397	0.303889
2398	0.306659
2399	0.309468
2400	0.312317
2401	0.315206
2402	0.318134
2403	0.321102
2404	0.324110
2405	0.327157
2406	0.330244
2407	0.333371
2408	0.336537
2409	0.339743
2410	0.342989
2411	0.346274
2412	0.349599
2413	0.352964
2414	0.356368
2415	0.359812
2416	0.363295
2417	0.366818
2418	0.370381
2419	0.373984
2420	0.377626
2421	0.381308
2422	0.385029
2423	0.388790
2424	0.392591
2425	0.396431
2426	0.400311
2427	0.404231
2428	0.408190
2429	0.412189
2430	0.416228
2431	0.420306
2432	0.424424
2433	0.428582
2434	0.432779
2435	0.437016
2436	0.441293
2437	0.445609
2438	0.449965
2439	0.454360
2440	0.458795
2441	0.463270
2442	0.467785
2443	0.472339
2444	0.476933
2445	0.481566
2446	0.486239
2447	0.490952
2448	0.495704
2449	0.500496
2450	0.505328
2451	0.510200
2452	0.515111
2453	0.520061
2454	0.525052
2455	0.530082
2456	0.535151
2457	0.540260
2458	0.545409
2459	0.550598
2460	0.555826
2461	0.561094
2462	0.566402
2463	0.571749
2464	0.577136
2465	0.582562
2466	0.588028
2467	0.593534
2468	0.599080
2469	0.604665
2470	0.610290
2471	0.615954
2472	0.621658
2473	0.627402
2474	0.633185
2475	0.639008
2476	0.644871
2477	0.650773
2478	0.656715
2479	0.662697
2480	0.668718
2481	0.674779
2482	0.680880
2483	0.687020
2484	0.693200
2485	0.699419
2486	0.705679
2487	0.711978
2488	0.718316
2489	0.724694
2490	0.731112
2491	0.737570
2492	0.744067
2493	0.750603
2494	0.757180
2495	0.763796
2496	0.770452
2497	0.777147
2498	0.783882
2499	0.790657
2500	0.797471
