350	0.041783
351	0.041878
352	0.041985
353	0.042105
354	0.042237
355	0.042382
356	0.042539
357	0.042708
358	0.042889
359	0.043083
360	0.043290
361	0.043517
362	0.043755
363	0.043999
364	0.044245
365	0.044489
366	0.044728
367	0.044963
368	0.045197
369	0.045434
370	0.045679
371	0.045938
372	0.046213
373	0.046504
374	0.046808
375	0.047120
376	0.047434
377	0.047746
378	0.048054
379	0.048360
380	0.048670
381	0.048991
382	0.049328
383	0.049684
384	0.050060
385	0.050452
386	0.050851
387	0.051251
388	0.051645
389	0.052028
390	0.052401
391	0.052766
392	0.053129
393	0.053499
394	0.053881
395	0.054276
396	0.054684
397	0.055095
398	0.055500
399	0.055890
400	0.056257
401	0.056599
402	0.056915
403	0.057209
404	0.057486
405	0.057756
406	0.058027
407	0.058306
408	0.058598
409	0.058907
410	0.059230
411	0.059566
412	0.059912
413	0.060267
414	0.060627
415	0.060990
416	0.061355
417	0.061719
418	0.062083
419	0.062447
420	0.062814
421	0.063184
422	0.063560
423	0.063944
424	0.064339
425	0.064748
426	0.065171
427	0.065610
428	0.066065
429	0.066533
430	0.067012
431	0.067499
432	0.067990
433	0.068480
434	0.068967
435	0.069449
436	0.069923
437	0.070392
438	0.070856
439	0.071318
440	0.071778
441	0.072236
442	0.072691
443	0.073143
444	0.073590
445	0.074030
446	0.074462
447	0.074882
448	0.075291
449	0.075687
450	0.076072
451	0.076447
452	0.076812
453	0.077168
454	0.077515
455	0.077854
456	0.078183
457	0.078505
458	0.078819
459	0.079124
460	0.079421
461	0.079710
462	0.079992
463	0.080269
464	0.080541
465	0.080810
466	0.081075
467	0.081337
468	0.081595
469	0.081850
470	0.082103
471	0.082354
472	0.082605
473	0.082856
474	0.083111
475	0.083370
476	0.083634
477	0.083907
478	0.084187
479	0.084475
480	0.084770
481	0.085074
482	0.085387
483	0.085708
484	0.086037
485	0.086376
486	0.086726
487	0.087085
488	0.087454
489	0.087831
490	0.088216
491	0.088609
492	0.089007
493	0.089411
494	0.089821
495	0.090235
496	0.090655
497	0.091079
498	0.091510
499	0.091947
500	0.092391
501	0.092841
502	0.093298
503	0.093762
504	0.094231
505	0.094706
506	0.095185
507	0.095669
508	0.096155
509	0.096645
510	0.097139
511	0.097638
512	0.098142
513	0.098653
514	0.099171
515	0.099696
516	0.100228
517	0.100765
518	0.101308
519	0.101853
520	0.102401
521	0.102949
522	0.103497
523	0.104045
524	0.104592
525	0.105137
526	0.105682
527	0.106226
528	0.106769
529	0.107311
530	0.107854
531	0.108398
532	0.108942
533	0.109488
534	0.110034
535	0.110580
536	0.111124
537	0.111667
538	0.112209
539	0.112749
540	0.113289
541	0.113831
542	0.114376
543	0.114928
544	0.115488
545	0.116057
546	0.116639
547	0.117234
548	0.117844
549	0.118469
550	0.119110
551	0.119769
552	0.120442
553	0.121128
554	0.121819
555	0.122509
556	0.123188
557	0.123846
558	0.124475
559	0.125072
560	0.125633
561	0.126163
562	0.126667
563	0.127155
564	0.127639
565	0.128130
566	0.128635
567	0.129159
568	0.129703
569	0.130265
570	0.130840
571	0.131423
572	0.132007
573	0.132585
574	0.133150
575	0.133697
576	0.134220
577	0.134714
578	0.135176
579	0.135604
580	0.135996
581	0.136357
582	0.136691
583	0.137005
584	0.137309
585	0.137613
586	0.137925
587	0.138252
588	0.138599
589	0.138969
590	0.139363
591	0.139779
592	0.140215
593	0.140667
594	0.141129
595	0.141597
596	0.142061
597	0.142516
598	0.142952
599	0.143364
600	0.143747
601	0.144100
602	0.144423
603	0.144720
604	0.144996
605	0.145257
606	0.145509
607	0.145756
608	0.146004
609	0.146252
610	0.146501
611	0.146750
612	0.146998
613	0.147243
614	0.147484
615	0.147723
616	0.147959
617	0.148193
618	0.148426
619	0.148658
620	0.148890
621	0.149123
622	0.149356
623	0.149590
624	0.149825
625	0.150062
626	0.150300
627	0.150539
628	0.150780
629	0.151024
630	0.151269
631	0.151514
632	0.151758
633	0.152000
634	0.152238
635	0.152471
636	0.152698
637	0.152919
638	0.153132
639	0.153337
640	0.153534
641	0.153724
642	0.153909
643	0.154091
644	0.154272
645	0.154456
646	0.154644
647	0.154838
648	0.155040
649	0.155250
650	0.155467
651	0.155688
652	0.155910
653	0.156132
654	0.156350
655	0.156565
656	0.156773
657	0.156976
658	0.157173
659	0.157364
660	0.157550
661	0.157734
662	0.157917
663	0.158101
664	0.158289
665	0.158483
666	0.158683
667	0.158890
668	0.159105
669	0.159326
670	0.159551
671	0.159779
672	0.160006
673	0.160233
674	0.160459
675	0.160685
676	0.160912
677	0.161142
678	0.161377
679	0.161617
680	0.161865
681	0.162121
682	0.162386
683	0.162659
684	0.162941
685	0.163230
686	0.163528
687	0.163836
688	0.164156
689	0.164492
690	0.164844
691	0.165217
692	0.165612
693	0.166031
694	0.166475
695	0.166944
696	0.167435
697	0.167944
698	0.168468
699	0.169002
700	0.169543
701	0.170090
702	0.170639
703	0.171193
704	0.171750
705	0.172313
706	0.172880
707	0.173448
708	0.174012
709	0.174565
710	0.175100
711	0.175612
712	0.176102
713	0.176572
714	0.177030
715	0.177484
716	0.177946
717	0.178426
718	0.178930
719	0.179460
720	0.180011
721	0.180573
722	0.181138
723	0.181697
724	0.182245
725	0.182784
726	0.183316
727	0.183844
728	0.184373
729	0.184909
730	0.185451
731	0.185999
732	0.186549
733	0.187094
734	0.187626
735	0.188142
736	0.188638
737	0.189115
738	0.189573
739	0.190012
740	0.190433
741	0.190836
742	0.191221
743	0.191587
744	0.191934
745	0.192263
746	0.192577
747	0.192879
748	0.193175
749	0.193467
750	0.193754
751	0.194033
752	0.194297
753	0.194541
754	0.194760
755	0.194952
756	0.195119
757	0.195267
758	0.195407
759	0.195553
760	0.195719
761	0.195917
762	0.196151
763	0.196417
764	0.196707
765	0.197009
766	0.197309
767	0.197598
768	0.197867
769	0.198112
770	0.198335
771	0.198538
772	0.198729
773	0.198915
774	0.199101
775	0.199292
776	0.199488
777	0.199687
778	0.199888
779	0.200088
780	0.200284
781	0.200473
782	0.200652
783	0.200821
784	0.200979
785	0.201128
786	0.201270
787	0.201410
788	0.201553
789	0.201703
790	0.201863
791	0.202031
792	0.202207
793	0.202386
794	0.202565
795	0.202740
796	0.202908
797	0.203066
798	0.203215
799	0.203359
800	0.203501
801	0.203646
802	0.203796
803	0.203953
804	0.204113
805	0.204269
806	0.204414
807	0.204540
808	0.204640
809	0.204715
810	0.204765
811	0.204798
812	0.204821
813	0.204845
814	0.204882
815	0.204942
816	0.205031
817	0.205151
818	0.205298
819	0.205465
820	0.205645
821	0.205829
822	0.206012
823	0.206189
824	0.206357
825	0.206514
826	0.206661
827	0.206799
828	0.206934
829	0.207070
830	0.207209
831	0.207354
832	0.207504
833	0.207659
834	0.207817
835	0.207976
836	0.208136
837	0.208294
838	0.208447
839	0.208597
840	0.208741
841	0.208881
842	0.209018
843	0.209152
844	0.209283
845	0.209410
846	0.209534
847	0.209652
848	0.209765
849	0.209871
850	0.209971
851	0.210066
852	0.210159
853	0.210253
854	0.210349
855	0.210450
856	0.210557
857	0.210669
858	0.210785
859	0.210903
860	0.211021
861	0.211137
862	0.211249
863	0.211354
864	0.211454
865	0.211551
866	0.211647
867	0.211743
868	0.211841
869	0.211942
870	0.212043
871	0.212146
872	0.212252
873	0.212359
874	0.212468
875	0.212578
876	0.212688
877	0.212796
878	0.212904
879	0.213010
880	0.213116
881	0.213220
882	0.213324
883	0.213426
884	0.213528
885	0.213627
886	0.213721
887	0.213803
888	0.213864
889	0.213898
890	0.213899
891	0.213863
892	0.213796
893	0.213707
894	0.213609
895	0.213521
896	0.213460
897	0.213441
898	0.213473
899	0.213556
900	0.213683
901	0.213840
902	0.214012
903	0.214183
904	0.214341
905	0.214478
906	0.214588
907	0.214672
908	0.214735
909	0.214786
910	0.214838
911	0.214899
912	0.214976
913	0.215088
914	0.215251
915	0.215466
916	0.215716
917	0.215971
918	0.216198
919	0.216365
920	0.216454
921	0.216452
922	0.216360
923	0.216186
924	0.215948
925	0.215673
926	0.215393
927	0.215137
928	0.214924
929	0.214753
930	0.214610
931	0.214488
932	0.214388
933	0.214308
934	0.214248
935	0.214207
936	0.214186
937	0.214182
938	0.214197
939	0.214229
940	0.214279
941	0.214344
942	0.214425
943	0.214522
944	0.214633
945	0.214758
946	0.214897
947	0.215050
948	0.215215
949	0.215392
950	0.215580
951	0.215780
952	0.215991
953	0.216211
954	0.216441
955	0.216679
956	0.216926
957	0.217182
958	0.217444
959	0.217713
960	0.217989
961	0.218270
962	0.218557
963	0.218848
964	0.219144
965	0.219443
966	0.219746
967	0.220051
968	0.220358
969	0.220667
970	0.220977
971	0.221288
972	0.221598
973	0.221908
974	0.222217
975	0.222524
976	0.222829
977	0.223132
978	0.223431
979	0.223727
980	0.224019
981	0.224305
982	0.224585
983	0.224853
984	0.225110
985	0.225363
986	0.225620
987	0.225887
988	0.226168
989	0.226462
990	0.226768
991	0.227084
992	0.227408
993	0.227736
994	0.228061
995	0.228378
996	0.228684
997	0.228977
998	0.229262
999	0.229545
1000	0.229830
1001	0.230113
1002	0.230394
1003	0.230672
1004	0.230947
1005	0.231220
1006	0.231489
1007	0.231754
1008	0.232017
1009	0.232276
1010	0.232531
1011	0.232783
1012	0.233031
1013	0.233275
1014	0.233516
1015	0.233752
1016	0.233985
1017	0.234213
1018	0.234437
1019	0.234657
1020	0.234873
1021	0.235085
1022	0.235292
1023	0.235495
1024	0.235694
1025	0.235888
1026	0.236078
1027	0.236264
1028	0.236445
1029	0.236622
1030	0.236794
1031	0.236962
1032	0.237125
1033	0.237284
1034	0.237439
1035	0.237591
1036	0.237739
1037	0.237883
1038	0.238023
1039	0.238158
1040	0.238289
1041	0.238414
1042	0.238534
1043	0.238650
1044	0.238760
1045	0.238866
1046	0.238969
1047	0.239069
1048	0.239167
1049	0.239262
1050	0.239355
1051	0.239446
1052	0.239534
1053	0.239620
1054	0.239704
1055	0.239785
1056	0.239864
1057	0.239941
1058	0.240015
1059	0.240087
1060	0.240157
1061	0.240226
1062	0.240292
1063	0.240356
1064	0.240418
1065	0.240478
1066	0.240536
1067	0.240593
1068	0.240647
1069	0.240700
1070	0.240751
1071	0.240801
1072	0.240848
1073	0.240895
1074	0.240939
1075	0.240982
1076	0.241024
1077	0.241064
1078	0.241103
1079	0.241141
1080	0.241177
1081	0.241212
1082	0.241245
1083	0.241278
1084	0.241309
1085	0.241339
1086	0.241368
1087	0.241396
1088	0.241423
1089	0.241449
1090	0.241474
1091	0.241499
1092	0.241522
1093	0.241544
1094	0.241564
1095	0.241584
1096	0.241608
1097	0.241636
1098	0.241671
1099	0.241710
1100	0.241747
1101	0.241772
1102	0.241776
1103	0.241749
1104	0.241682
1105	0.241570
1106	0.241408
1107	0.241194
1108	0.240928
1109	0.240616
1110	0.240263
1111	0.239874
1112	0.239448
1113	0.238985
1114	0.238489
1115	0.237968
1116	0.237443
1117	0.236942
1118	0.236496
1119	0.236137
1120	0.235894
1121	0.235789
1122	0.235837
1123	0.236040
1124	0.236390
1125	0.236862
1126	0.237429
1127	0.238058
1128	0.238720
1129	0.239392
1130	0.240051
1131	0.240677
1132	0.241245
1133	0.241727
1134	0.242098
1135	0.242330
1136	0.242404
1137	0.242313
1138	0.242062
1139	0.241675
1140	0.241194
1141	0.240675
1142	0.240184
1143	0.239782
1144	0.239523
1145	0.239440
1146	0.239546
1147	0.239835
1148	0.240282
1149	0.240853
1150	0.241505
1151	0.242197
1152	0.242889
1153	0.243552
1154	0.244165
1155	0.244718
1156	0.245208
1157	0.245637
1158	0.246009
1159	0.246332
1160	0.246614
1161	0.246867
1162	0.247100
1163	0.247321
1164	0.247536
1165	0.247747
1166	0.247954
1167	0.248158
1168	0.248356
1169	0.248548
1170	0.248732
1171	0.248906
1172	0.249068
1173	0.249220
1174	0.249363
1175	0.249501
1176	0.249639
1177	0.249777
1178	0.249918
1179	0.250061
1180	0.250202
1181	0.250340
1182	0.250471
1183	0.250591
1184	0.250697
1185	0.250790
1186	0.250871
1187	0.250944
1188	0.251012
1189	0.251079
1190	0.251149
1191	0.251221
1192	0.251300
1193	0.251385
1194	0.251478
1195	0.251580
1196	0.251694
1197	0.251823
1198	0.251968
1199	0.252131
1200	0.252313
1201	0.252509
1202	0.252715
1203	0.252923
1204	0.253125
1205	0.253313
1206	0.253481
1207	0.253624
1208	0.253740
1209	0.253831
1210	0.253898
1211	0.253949
1212	0.253991
1213	0.254033
1214	0.254085
1215	0.254154
1216	0.254244
1217	0.254358
1218	0.254492
1219	0.254643
1220	0.254804
1221	0.254970
1222	0.255135
1223	0.255295
1224	0.255448
1225	0.255596
1226	0.255738
1227	0.255877
1228	0.256013
1229	0.256146
1230	0.256275
1231	0.256397
1232	0.256511
1233	0.256616
1234	0.256714
1235	0.256808
1236	0.256904
1237	0.257006
1238	0.257118
1239	0.257242
1240	0.257378
1241	0.257521
1242	0.257666
1243	0.257806
1244	0.257936
1245	0.258052
1246	0.258150
1247	0.258232
1248	0.258302
1249	0.258363
1250	0.258423
1251	0.258484
1252	0.258552
1253	0.258628
1254	0.258711
1255	0.258803
1256	0.258903
1257	0.259014
1258	0.259139
1259	0.259278
1260	0.259436
1261	0.259612
1262	0.259805
1263	0.260011
1264	0.260222
1265	0.260431
1266	0.260629
1267	0.260808
1268	0.260964
1269	0.261096
1270	0.261204
1271	0.261291
1272	0.261362
1273	0.261423
1274	0.261481
1275	0.261542
1276	0.261613
1277	0.261695
1278	0.261792
1279	0.261904
1280	0.262028
1281	0.262164
1282	0.262305
1283	0.262445
1284	0.262576
1285	0.262693
1286	0.262789
1287	0.262862
1288	0.262912
1289	0.262937
1290	0.262939
1291	0.262920
1292	0.262881
1293	0.262825
1294	0.262757
1295	0.262681
1296	0.262603
1297	0.262528
1298	0.262459
1299	0.262401
1300	0.262351
1301	0.262305
1302	0.262256
1303	0.262194
1304	0.262111
1305	0.262001
1306	0.261862
1307	0.261698
1308	0.261518
1309	0.261333
1310	0.261153
1311	0.260985
1312	0.260835
1313	0.260704
1314	0.260589
1315	0.260486
1316	0.260390
1317	0.260295
1318	0.260198
1319	0.260098
1320	0.259995
1321	0.259891
1322	0.259787
1323	0.259683
1324	0.259579
1325	0.259474
1326	0.259370
1327	0.259265
1328	0.259160
1329	0.259055
1330	0.258950
1331	0.258844
1332	0.258738
1333	0.258632
1334	0.258526
1335	0.258419
1336	0.258312
1337	0.258205
1338	0.258098
1339	0.257990
1340	0.257882
1341	0.257774
1342	0.257665
1343	0.257556
1344	0.257447
1345	0.257338
1346	0.257228
1347	0.257118
1348	0.257007
1349	0.256897
1350	0.256786
1351	0.256674
1352	0.256563
1353	0.256450
1354	0.256338
1355	0.256225
1356	0.256112
1357	0.255999
1358	0.255885
1359	0.255770
1360	0.255656
1361	0.255541
1362	0.255425
1363	0.255309
1364	0.255193
1365	0.255076
1366	0.254959
1367	0.254841
1368	0.254722
1369	0.254604
1370	0.254486
1371	0.254370
1372	0.254255
1373	0.254140
1374	0.254026
1375	0.253913
1376	0.253800
1377	0.253687
1378	0.253574
1379	0.253460
1380	0.253345
1381	0.253230
1382	0.253115
1383	0.253000
1384	0.252885
1385	0.252770
1386	0.252655
1387	0.252540
1388	0.252425
1389	0.252310
1390	0.252196
1391	0.252073
1392	0.251931
1393	0.251787
1394	0.251674
1395	0.251615
1396	0.251610
1397	0.251640
1398	0.251676
1399	0.251690
1400	0.251661
1401	0.251575
1402	0.251420
1403	0.251190
1404	0.250886
1405	0.250525
1406	0.250141
1407	0.249776
1408	0.249464
1409	0.249214
1410	0.249005
1411	0.248825
1412	0.248674
1413	0.248550
1414	0.248453
1415	0.248381
1416	0.248333
1417	0.248309
1418	0.248308
1419	0.248328
1420	0.248368
1421	0.248427
1422	0.248505
1423	0.248599
1424	0.248710
1425	0.248837
1426	0.248977
1427	0.249131
1428	0.249296
1429	0.249473
1430	0.249660
1431	0.249856
1432	0.250060
1433	0.250270
1434	0.250487
1435	0.250709
1436	0.250935
1437	0.251163
1438	0.251394
1439	0.251625
1440	0.251856
1441	0.252086
1442	0.252313
1443	0.252538
1444	0.252758
1445	0.252972
1446	0.253181
1447	0.253382
1448	0.253574
1449	0.253758
1450	0.253930
1451	0.254091
1452	0.254244
1453	0.254395
1454	0.254538
1455	0.254655
1456	0.254727
1457	0.254740
1458	0.254688
1459	0.254579
1460	0.254429
1461	0.254263
1462	0.254105
1463	0.253985
1464	0.253927
1465	0.253952
1466	0.254066
1467	0.254261
1468	0.254512
1469	0.254792
1470	0.255074
1471	0.255349
1472	0.255609
1473	0.255847
1474	0.256059
1475	0.256245
1476	0.256408
1477	0.256557
1478	0.256700
1479	0.256852
1480	0.257027
1481	0.257243
1482	0.257512
1483	0.257844
1484	0.258237
1485	0.258683
1486	0.259164
1487	0.259659
1488	0.260148
1489	0.260617
1490	0.261060
1491	0.261480
1492	0.261884
1493	0.262280
1494	0.262677
1495	0.263077
1496	0.263479
1497	0.263877
1498	0.264262
1499	0.264627
1500	0.264966
1501	0.265277
1502	0.265566
1503	0.265841
1504	0.266114
1505	0.266393
1506	0.266680
1507	0.266973
1508	0.267263
1509	0.267541
1510	0.267799
1511	0.268033
1512	0.268241
1513	0.268426
1514	0.268592
1515	0.268745
1516	0.268896
1517	0.269052
1518	0.269221
1519	0.269407
1520	0.269613
1521	0.269837
1522	0.270076
1523	0.270328
1524	0.270587
1525	0.270846
1526	0.271098
1527	0.271335
1528	0.271548
1529	0.271736
1530	0.271898
1531	0.272038
1532	0.272163
1533	0.272282
1534	0.272402
1535	0.272529
1536	0.272670
1537	0.272827
1538	0.273001
1539	0.273187
1540	0.273380
1541	0.273574
1542	0.273762
1543	0.273941
1544	0.274109
1545	0.274266
1546	0.274413
1547	0.274555
1548	0.274694
1549	0.274835
1550	0.274979
1551	0.275123
1552	0.275266
1553	0.275400
1554	0.275522
1555	0.275630
1556	0.275727
1557	0.275819
1558	0.275913
1559	0.276017
1560	0.276139
1561	0.276281
1562	0.276444
1563	0.276623
1564	0.276810
1565	0.276994
1566	0.277165
1567	0.277315
1568	0.277443
1569	0.277552
1570	0.277649
1571	0.277742
1572	0.277844
1573	0.277964
1574	0.278112
1575	0.278294
1576	0.278511
1577	0.278759
1578	0.279030
1579	0.279311
1580	0.279590
1581	0.279854
1582	0.280093
1583	0.280300
1584	0.280472
1585	0.280611
1586	0.280723
1587	0.280815
1588	0.280896
1589	0.280974
1590	0.281055
1591	0.281142
1592	0.281238
1593	0.281342
1594	0.281455
1595	0.281575
1596	0.281703
1597	0.281839
1598	0.281981
1599	0.282128
1600	0.282275
1601	0.282415
1602	0.282542
1603	0.282650
1604	0.282737
1605	0.282801
1606	0.282847
1607	0.282883
1608	0.282919
1609	0.282965
1610	0.283030
1611	0.283117
1612	0.283227
1613	0.283356
1614	0.283498
1615	0.283648
1616	0.283800
1617	0.283951
1618	0.284101
1619	0.284250
1620	0.284401
1621	0.284555
1622	0.284710
1623	0.284862
1624	0.285006
1625	0.285139
1626	0.285261
1627	0.285376
1628	0.285490
1629	0.285610
1630	0.285745
1631	0.285900
1632	0.286078
1633	0.286275
1634	0.286484
1635	0.286694
1636	0.286893
1637	0.287072
1638	0.287227
1639	0.287361
1640	0.287480
1641	0.287593
1642	0.287712
1643	0.287843
1644	0.287993
1645	0.288164
1646	0.288355
1647	0.288564
1648	0.288783
1649	0.289006
1650	0.289230
1651	0.289449
1652	0.289663
1653	0.289868
1654	0.290060
1655	0.290234
1656	0.290386
1657	0.290512
1658	0.290609
1659	0.290678
1660	0.290722
1661	0.290744
1662	0.290753
1663	0.290758
1664	0.290770
1665	0.290801
1666	0.290858
1667	0.290943
1668	0.291051
1669	0.291174
1670	0.291300
1671	0.291417
1672	0.291516
1673	0.291587
1674	0.291629
1675	0.291640
1676	0.291625
1677	0.291593
1678	0.291552
1679	0.291510
1680	0.291471
1681	0.291439
1682	0.291419
1683	0.291416
1684	0.291436
1685	0.291488
1686	0.291579
1687	0.291712
1688	0.291887
1689	0.292092
1690	0.292315
1691	0.292538
1692	0.292743
1693	0.292917
1694	0.293049
1695	0.293139
1696	0.293191
1697	0.293218
1698	0.293233
1699	0.293249
1700	0.293272
1701	0.293300
1702	0.293324
1703	0.293332
1704	0.293312
1705	0.293259
1706	0.293176
1707	0.293073
1708	0.292968
1709	0.292881
1710	0.292832
1711	0.292835
1712	0.292896
1713	0.293010
1714	0.293163
1715	0.293329
1716	0.293485
1717	0.293607
1718	0.293683
1719	0.293710
1720	0.293693
1721	0.293642
1722	0.293571
1723	0.293493
1724	0.293419
1725	0.293363
1726	0.293332
1727	0.293331
1728	0.293358
1729	0.293410
1730	0.293477
1731	0.293555
1732	0.293635
1733	0.293709
1734	0.293769
1735	0.293806
1736	0.293816
1737	0.293802
1738	0.293774
1739	0.293748
1740	0.293738
1741	0.293759
1742	0.293818
1743	0.293918
1744	0.294057
1745	0.294221
1746	0.294394
1747	0.294551
1748	0.294671
1749	0.294734
1750	0.294729
1751	0.294656
1752	0.294527
1753	0.294364
1754	0.294195
1755	0.294051
1756	0.293956
1757	0.293926
1758	0.293964
1759	0.294068
1760	0.294224
1761	0.294419
1762	0.294635
1763	0.294858
1764	0.295074
1765	0.295271
1766	0.295441
1767	0.295576
1768	0.295664
1769	0.295694
1770	0.295652
1771	0.295529
1772	0.295329
1773	0.295065
1774	0.294763
1775	0.294451
1776	0.294153
1777	0.293886
1778	0.293662
1779	0.293483
1780	0.293344
1781	0.293237
1782	0.293148
1783	0.293062
1784	0.292970
1785	0.292868
1786	0.292758
1787	0.292645
1788	0.292532
1789	0.292421
1790	0.292310
1791	0.292199
1792	0.292088
1793	0.291977
1794	0.291866
1795	0.291755
1796	0.291644
1797	0.291533
1798	0.291422
1799	0.291311
1800	0.291200
1801	0.291089
1802	0.290978
1803	0.290867
1804	0.290757
1805	0.290646
1806	0.290535
1807	0.290424
1808	0.290313
1809	0.290202
1810	0.290091
1811	0.289980
1812	0.289869
1813	0.289758
1814	0.289647
1815	0.289536
1816	0.289425
1817	0.289314
1818	0.289203
1819	0.289092
1820	0.288982
1821	0.288871
1822	0.288760
1823	0.288649
1824	0.288538
1825	0.288427
1826	0.288316
1827	0.288205
1828	0.288094
1829	0.287983
1830	0.287872
1831	0.287761
1832	0.287650
1833	0.287539
1834	0.287428
1835	0.287317
1836	0.287207
1837	0.287096
1838	0.286985
1839	0.286874
1840	0.286763
1841	0.286652
1842	0.286541
1843	0.286430
1844	0.286319
1845	0.286208
1846	0.286097
1847	0.285986
1848	0.285875
1849	0.285764
1850	0.285653
1851	0.285542
1852	0.285432
1853	0.285321
1854	0.285210
1855	0.285099
1856	0.284988
1857	0.284877
1858	0.284766
1859	0.284655
1860	0.284544
1861	0.284433
1862	0.284322
1863	0.284211
1864	0.284100
1865	0.283989
1866	0.283878
1867	0.283767
1868	0.283657
1869	0.283546
1870	0.283435
1871	0.283324
1872	0.283213
1873	0.283102
1874	0.282991
1875	0.282880
1876	0.282769
1877	0.282658
1878	0.282547
1879	0.282436
1880	0.282325
1881	0.282214
1882	0.282103
1883	0.281993
1884	0.281882
1885	0.281771
1886	0.281660
1887	0.281549
1888	0.281438
1889	0.281327
1890	0.281216
1891	0.281105
1892	0.280994
1893	0.280883
1894	0.280772
1895	0.280661
1896	0.280550
1897	0.280439
1898	0.280328
1899	0.280218
1900	0.280107
1901	0.279996
1902	0.279885
1903	0.279774
1904	0.279663
1905	0.279552
1906	0.279441
1907	0.279330
1908	0.279219
1909	0.279108
1910	0.278997
1911	0.278886
1912	0.278775
1913	0.278664
1914	0.278553
1915	0.278443
1916	0.278332
1917	0.278221
1918	0.278110
1919	0.277999
1920	0.277888
1921	0.277777
1922	0.277666
1923	0.277555
1924	0.277444
1925	0.277333
1926	0.277222
1927	0.277111
1928	0.277000
1929	0.276889
1930	0.276778
1931	0.276668
1932	0.276557
1933	0.276446
1934	0.276335
1935	0.276224
1936	0.276113
1937	0.276002
1938	0.275891
1939	0.275780
1940	0.275669
1941	0.275551
1942	0.275417
1943	0.275282
1944	0.275175
1945	0.275115
1946	0.275100
1947	0.275112
1948	0.275124
1949	0.275110
1950	0.275054
1951	0.274943
1952	0.274771
1953	0.274534
1954	0.274236
1955	0.273896
1956	0.273546
1957	0.273223
1958	0.272960
1959	0.272763
1960	0.272612
1961	0.272498
1962	0.272418
1963	0.272374
1964	0.272362
1965	0.272383
1966	0.272435
1967	0.272518
1968	0.272630
1969	0.272772
1970	0.272940
1971	0.273136
1972	0.273357
1973	0.273603
1974	0.273873
1975	0.274166
1976	0.274481
1977	0.274817
1978	0.275172
1979	0.275547
1980	0.275941
1981	0.276351
1982	0.276778
1983	0.277219
1984	0.277676
1985	0.278145
1986	0.278627
1987	0.279121
1988	0.279625
1989	0.280139
1990	0.280661
1991	0.281191
1992	0.281728
1993	0.282270
1994	0.282818
1995	0.283369
1996	0.283923
1997	0.284479
1998	0.285036
1999	0.285593
2000	0.286150
2001	0.286704
2002	0.287266
2003	0.287856
2004	0.288457
2005	0.289024
2006	0.289508
2007	0.289878
2008	0.290129
2009	0.290284
2010	0.290389
2011	0.290503
2012	0.290683
2013	0.290984
2014	0.291439
2015	0.292055
2016	0.292811
2017	0.293649
2018	0.294484
2019	0.295220
2020	0.295783
2021	0.296148
2022	0.296307
2023	0.296279
2024	0.296109
2025	0.295863
2026	0.295610
2027	0.295407
2028	0.295302
2029	0.295333
2030	0.295523
2031	0.295882
2032	0.296390
2033	0.297008
2034	0.297677
2035	0.298337
2036	0.298937
2037	0.299441
2038	0.299832
2039	0.300110
2040	0.300284
2041	0.300379
2042	0.300426
2043	0.300462
2044	0.300526
2045	0.300648
2046	0.300846
2047	0.301119
2048	0.301444
2049	0.301787
2050	0.302105
2051	0.302355
2052	0.302506
2053	0.302539
2054	0.302456
2055	0.302280
2056	0.302062
2057	0.301862
2058	0.301740
2059	0.301742
2060	0.301892
2061	0.302191
2062	0.302620
2063	0.303147
2064	0.303734
2065	0.304345
2066	0.304947
2067	0.305518
2068	0.306048
2069	0.306540
2070	0.307001
2071	0.307439
2072	0.307857
2073	0.308257
2074	0.308638
2075	0.309003
2076	0.309352
2077	0.309686
2078	0.310006
2079	0.310314
2080	0.310610
2081	0.310894
2082	0.311169
2083	0.311433
2084	0.311690
2085	0.311938
2086	0.312179
2087	0.312414
2088	0.312643
2089	0.312867
2090	0.313086
2091	0.313301
2092	0.313512
2093	0.313720
2094	0.313925
2095	0.314129
2096	0.314330
2097	0.314530
2098	0.314728
2099	0.314926
2100	0.315123
2101	0.315320
2102	0.315517
2103	0.315713
2104	0.315910
2105	0.316106
2106	0.316303
2107	0.316501
2108	0.316698
2109	0.316896
2110	0.317094
2111	0.317292
2112	0.317490
2113	0.317687
2114	0.317885
2115	0.318081
2116	0.318277
2117	0.318472
2118	0.318665
2119	0.318856
2120	0.319045
2121	0.319232
2122	0.319415
2123	0.319594
2124	0.319770
2125	0.319941
2126	0.320106
2127	0.320266
2128	0.320419
2129	0.320565
2130	0.320703
2131	0.320833
2132	0.320953
2133	0.321063
2134	0.321162
2135	0.321249
2136	0.321323
2137	0.321383
2138	0.321428
2139	0.321458
2140	0.321471
2141	0.321466
2142	0.321442
2143	0.321399
2144	0.321334
2145	0.321246
2146	0.321135
2147	0.320999
2148	0.320837
2149	0.320647
2150	0.320428
2151	0.320179
2152	0.319875
2153	0.319472
2154	0.319000
2155	0.318550
2156	0.318211
2157	0.318034
2158	0.318020
2159	0.318138
2160	0.318339
2161	0.318574
2162	0.318800
2163	0.318963
2164	0.319004
2165	0.318875
2166	0.318564
2167	0.318104
2168	0.317576
2169	0.317071
2170	0.316629
2171	0.316210
2172	0.315795
2173	0.315383
2174	0.314977
2175	0.314577
2176	0.314183
2177	0.313796
2178	0.313417
2179	0.313048
2180	0.312687
2181	0.312337
2182	0.311998
2183	0.311670
2184	0.311353
2185	0.311049
2186	0.310758
2187	0.310481
2188	0.310217
2189	0.309967
2190	0.309731
2191	0.309511
2192	0.309305
2193	0.309114
2194	0.308940
2195	0.308781
2196	0.308637
2197	0.308510
2198	0.308399
2199	0.308304
2200	0.308225
2201	0.308162
2202	0.308115
2203	0.308085
2204	0.308070
2205	0.308071
2206	0.308088
2207	0.308120
2208	0.308167
2209	0.308229
2210	0.308306
2211	0.308397
2212	0.308502
2213	0.308621
2214	0.308752
2215	0.308896
2216	0.309052
2217	0.309220
2218	0.309399
2219	0.309588
2220	0.309787
2221	0.309995
2222	0.310211
2223	0.310436
2224	0.310667
2225	0.310904
2226	0.311147
2227	0.311394
2228	0.311644
2229	0.311897
2230	0.312152
2231	0.312408
2232	0.312663
2233	0.312917
2234	0.313169
2235	0.313417
2236	0.313660
2237	0.313897
2238	0.314127
2239	0.314349
2240	0.314561
2241	0.314762
2242	0.314951
2243	0.315126
2244	0.315286
2245	0.315430
2246	0.315555
2247	0.315661
2248	0.315746
2249	0.315808
2250	0.315846
2251	0.315858
2252	0.315840
2253	0.315783
2254	0.315682
2255	0.315541
2256	0.315375
2257	0.315202
2258	0.315043
2259	0.314915
2260	0.314829
2261	0.314792
2262	0.314804
2263	0.314860
2264	0.314949
2265	0.315053
2266	0.315154
2267	0.315237
2268	0.315295
2269	0.315331
2270	0.315351
2271	0.315361
2272	0.315360
2273	0.315350
2274	0.315331
2275	0.315304
2276	0.315271
2277	0.315231
2278	0.315186
2279	0.315136
2280	0.315083
2281	0.315026
2282	0.314967
2283	0.314907
2284	0.314845
2285	0.314784
2286	0.314723
2287	0.314662
2288	0.314604
2289	0.314548
2290	0.314495
2291	0.314446
2292	0.314401
2293	0.314361
2294	0.314326
2295	0.314298
2296	0.314275
2297	0.314260
2298	0.314253
2299	0.314253
2300	0.314262
2301	0.314280
2302	0.314308
2303	0.314345
2304	0.314393
2305	0.314452
2306	0.314522
2307	0.314603
2308	0.314697
2309	0.314802
2310	0.314921
2311	0.315053
2312	0.315197
2313	0.315356
2314	0.315529
2315	0.315716
2316	0.315917
2317	0.316134
2318	0.316365
2319	0.316612
2320	0.316874
2321	0.317152
2322	0.317445
2323	0.317755
2324	0.318081
2325	0.318424
2326	0.318783
2327	0.319159
2328	0.319551
2329	0.319961
2330	0.320387
2331	0.320830
2332	0.321291
2333	0.321768
2334	0.322263
2335	0.322775
2336	0.323304
2337	0.323850
2338	0.324413
2339	0.324993
2340	0.325591
2341	0.326205
2342	0.326836
2343	0.327485
2344	0.328149
2345	0.328831
2346	0.329528
2347	0.330242
2348	0.330972
2349	0.331719
2350	0.332480
2351	0.333258
2352	0.334050
2353	0.334856
2354	0.335676
2355	0.336512
2356	0.337363
2357	0.338232
2358	0.339119
2359	0.340026
2360	0.340951
2361	0.341894
2362	0.342856
2363	0.343836
2364	0.344833
2365	0.345845
2366	0.346872
2367	0.347914
2368	0.348972
2369	0.350046
2370	0.351137
2371	0.352245
2372	0.353369
2373	0.354510
2374	0.355668
2375	0.356842
2376	0.358033
2377	0.359240
2378	0.360464
2379	0.361705
2380	0.362962
2381	0.364235
2382	0.365525
2383	0.366832
2384	0.368155
2385	0.369495
2386	0.370852
2387	0.372224
2388	0.373614
2389	0.375020
2390	0.376443
2391	0.377882
2392	0.379338
2393	0.380810
2394	0.382299
2395	0.383804
2396	0.385326
2397	0.386865
2398	0.388420
2399	0.389992
2400	0.391580
2401	0.393185
2402	0.394806
2403	0.396444
2404	0.398099
2405	0.399770
2406	0.401457
2407	0.403162
2408	0.404882
2409	0.406620
2410	0.408374
2411	0.410144
2412	0.411931
2413	0.413735
2414	0.415555
2415	0.417391
2416	0.419245
2417	0.421114
2418	0.423001
2419	0.424904
2420	0.426823
2421	0.428759
2422	0.430712
2423	0.432681
2424	0.434667
2425	0.436669
2426	0.438688
2427	0.440723
2428	0.442775
2429	0.444844
2430	0.446929
2431	0.449031
2432	0.451149
2433	0.453284
2434	0.455435
2435	0.457603
2436	0.459788
2437	0.461989
2438	0.464206
2439	0.466440
2440	0.468691
2441	0.470958
2442	0.473242
2443	0.475543
2444	0.477860
2445	0.480193
2446	0.482543
2447	0.484910
2448	0.487293
2449	0.489693
2450	0.492109
2451	0.494542
2452	0.496992
2453	0.499458
2454	0.501941
2455	0.504440
2456	0.506955
2457	0.509488
2458	0.512037
2459	0.514602
2460	0.517184
2461	0.519782
2462	0.522398
2463	0.525029
2464	0.527677
2465	0.530342
2466	0.533024
2467	0.535722
2468	0.538436
2469	0.541167
2470	0.543915
2471	0.546679
2472	0.549459
2473	0.552257
2474	0.555071
2475	0.557901
2476	0.560748
2477	0.563612
2478	0.566492
2479	0.569388
2480	0.572301
2481	0.575231
2482	0.578178
2483	0.581141
2484	0.584120
2485	0.587116
2486	0.590129
2487	0.593158
2488	0.596203
2489	0.599266
2490	0.602345
2491	0.605440
2492	0.608552
2493	0.611680
2494	0.614826
2495	0.617987
2496	0.621165
2497	0.624360
2498	0.627571
2499	0.630799
2500	0.634044
