350	0.041344
351	0.041487
352	0.041640
353	0.041803
354	0.041974
355	0.042153
356	0.042342
357	0.042540
358	0.042746
359	0.042962
360	0.043188
361	0.043422
362	0.043662
363	0.043905
364	0.044151
365	0.044395
366	0.044638
367	0.044878
368	0.045117
369	0.045357
370	0.045600
371	0.045847
372	0.046100
373	0.046359
374	0.046626
375	0.046904
376	0.047193
377	0.047493
378	0.047804
379	0.048125
380	0.048457
381	0.048803
382	0.049162
383	0.049533
384	0.049914
385	0.050300
386	0.050687
387	0.051071
388	0.051447
389	0.051815
390	0.052173
391	0.052526
392	0.052878
393	0.053236
394	0.053605
395	0.053988
396	0.054382
397	0.054782
398	0.055181
399	0.055570
400	0.055943
401	0.056293
402	0.056619
403	0.056923
404	0.057213
405	0.057496
406	0.057784
407	0.058082
408	0.058395
409	0.058723
410	0.059064
411	0.059413
412	0.059768
413	0.060122
414	0.060472
415	0.060816
416	0.061156
417	0.061494
418	0.061833
419	0.062177
420	0.062529
421	0.062891
422	0.063265
423	0.063652
424	0.064054
425	0.064471
426	0.064903
427	0.065350
428	0.065811
429	0.066283
430	0.066763
431	0.067249
432	0.067736
433	0.068222
434	0.068702
435	0.069176
436	0.069642
437	0.070102
438	0.070556
439	0.071007
440	0.071455
441	0.071901
442	0.072345
443	0.072787
444	0.073225
445	0.073658
446	0.074084
447	0.074503
448	0.074912
449	0.075312
450	0.075702
451	0.076081
452	0.076451
453	0.076810
454	0.077161
455	0.077501
456	0.077833
457	0.078155
458	0.078469
459	0.078772
460	0.079067
461	0.079351
462	0.079627
463	0.079894
464	0.080154
465	0.080410
466	0.080664
467	0.080917
468	0.081171
469	0.081426
470	0.081682
471	0.081939
472	0.082198
473	0.082458
474	0.082720
475	0.082984
476	0.083250
477	0.083520
478	0.083796
479	0.084078
480	0.084368
481	0.084667
482	0.084976
483	0.085295
484	0.085626
485	0.085968
486	0.086321
487	0.086683
488	0.087055
489	0.087433
490	0.087816
491	0.088205
492	0.088597
493	0.088994
494	0.089396
495	0.089805
496	0.090220
497	0.090644
498	0.091075
499	0.091513
500	0.091958
501	0.092409
502	0.092865
503	0.093325
504	0.093788
505	0.094254
506	0.094724
507	0.095197
508	0.095676
509	0.096160
510	0.096652
511	0.097152
512	0.097660
513	0.098176
514	0.098699
515	0.099229
516	0.099765
517	0.100303
518	0.100841
519	0.101379
520	0.101914
521	0.102448
522	0.102979
523	0.103511
524	0.104044
525	0.104580
526	0.105119
527	0.105661
528	0.106208
529	0.106756
530	0.107304
531	0.107851
532	0.108394
533	0.108934
534	0.109471
535	0.110006
536	0.110541
537	0.111076
538	0.111613
539	0.112152
540	0.112696
541	0.113242
542	0.113793
543	0.114347
544	0.114906
545	0.115472
546	0.116047
547	0.116634
548	0.117235
549	0.117852
550	0.118488
551	0.119142
552	0.119813
553	0.120498
554	0.121190
555	0.121882
556	0.122562
557	0.123222
558	0.123853
559	0.124451
560	0.125013
561	0.125541
562	0.126042
563	0.126526
564	0.127003
565	0.127486
566	0.127983
567	0.128499
568	0.129035
569	0.129591
570	0.130162
571	0.130741
572	0.131323
573	0.131899
574	0.132464
575	0.133010
576	0.133531
577	0.134024
578	0.134484
579	0.134908
580	0.135297
581	0.135653
582	0.135980
583	0.136286
584	0.136581
585	0.136874
586	0.137176
587	0.137494
588	0.137835
589	0.138202
590	0.138596
591	0.139016
592	0.139458
593	0.139917
594	0.140386
595	0.140858
596	0.141324
597	0.141777
598	0.142210
599	0.142617
600	0.142995
601	0.143343
602	0.143663
603	0.143959
604	0.144235
605	0.144496
606	0.144748
607	0.144996
608	0.145241
609	0.145486
610	0.145731
611	0.145975
612	0.146217
613	0.146457
614	0.146695
615	0.146929
616	0.147162
617	0.147393
618	0.147624
619	0.147856
620	0.148088
621	0.148320
622	0.148552
623	0.148784
624	0.149016
625	0.149248
626	0.149480
627	0.149715
628	0.149952
629	0.150194
630	0.150438
631	0.150686
632	0.150933
633	0.151179
634	0.151421
635	0.151656
636	0.151882
637	0.152099
638	0.152306
639	0.152504
640	0.152694
641	0.152880
642	0.153064
643	0.153248
644	0.153435
645	0.153625
646	0.153821
647	0.154022
648	0.154229
649	0.154439
650	0.154652
651	0.154866
652	0.155079
653	0.155290
654	0.155498
655	0.155702
656	0.155903
657	0.156100
658	0.156295
659	0.156487
660	0.156678
661	0.156870
662	0.157065
663	0.157262
664	0.157464
665	0.157671
666	0.157881
667	0.158096
668	0.158314
669	0.158534
670	0.158756
671	0.158979
672	0.159202
673	0.159426
674	0.159650
675	0.159875
676	0.160102
677	0.160330
678	0.160560
679	0.160792
680	0.161028
681	0.161270
682	0.161519
683	0.161778
684	0.162048
685	0.162330
686	0.162627
687	0.162939
688	0.163268
689	0.163615
690	0.163981
691	0.164365
692	0.164768
693	0.165191
694	0.165634
695	0.166096
696	0.166576
697	0.167073
698	0.167583
699	0.168105
700	0.168638
701	0.169178
702	0.169725
703	0.170276
704	0.170832
705	0.171392
706	0.171956
707	0.172520
708	0.173078
709	0.173625
710	0.174154
711	0.174661
712	0.175147
713	0.175614
714	0.176068
715	0.176517
716	0.176973
717	0.177445
718	0.177941
719	0.178463
720	0.179007
721	0.179563
722	0.180124
723	0.180681
724	0.181230
725	0.181771
726	0.182305
727	0.182836
728	0.183368
729	0.183904
730	0.184447
731	0.184993
732	0.185539
733	0.186078
734	0.186602
735	0.187106
736	0.187590
737	0.188054
738	0.188499
739	0.188926
740	0.189337
741	0.189733
742	0.190115
743	0.190484
744	0.190838
745	0.191178
746	0.191506
747	0.191825
748	0.192136
749	0.192441
750	0.192738
751	0.193022
752	0.193286
753	0.193525
754	0.193736
755	0.193917
756	0.194072
757	0.194209
758	0.194337
759	0.194473
760	0.194630
761	0.194819
762	0.195045
763	0.195303
764	0.195584
765	0.195876
766	0.196168
767	0.196449
768	0.196713
769	0.196957
770	0.197182
771	0.197392
772	0.197594
773	0.197792
774	0.197990
775	0.198191
776	0.198393
777	0.198593
778	0.198790
779	0.198982
780	0.199166
781	0.199344
782	0.199514
783	0.199679
784	0.199838
785	0.199992
786	0.200144
787	0.200295
788	0.200448
789	0.200604
790	0.200765
791	0.200931
792	0.201100
793	0.201271
794	0.201440
795	0.201607
796	0.201770
797	0.201928
798	0.202082
799	0.202233
800	0.202385
801	0.202538
802	0.202696
803	0.202856
804	0.203016
805	0.203170
806	0.203311
807	0.203430
808	0.203525
809	0.203593
810	0.203638
811	0.203665
812	0.203682
813	0.203701
814	0.203731
815	0.203784
816	0.203868
817	0.203984
818	0.204132
819	0.204302
820	0.204487
821	0.204678
822	0.204867
823	0.205048
824	0.205218
825	0.205372
826	0.205512
827	0.205640
828	0.205762
829	0.205885
830	0.206012
831	0.206147
832	0.206290
833	0.206442
834	0.206603
835	0.206772
836	0.206948
837	0.207128
838	0.207307
839	0.207481
840	0.207648
841	0.207805
842	0.207952
843	0.208086
844	0.208208
845	0.208318
846	0.208418
847	0.208512
848	0.208603
849	0.208697
850	0.208795
851	0.208900
852	0.209012
853	0.209131
854	0.209255
855	0.209381
856	0.209504
857	0.209620
858	0.209725
859	0.209819
860	0.209903
861	0.209980
862	0.210051
863	0.210122
864	0.210195
865	0.210272
866	0.210356
867	0.210448
868	0.210549
869	0.210656
870	0.210768
871	0.210883
872	0.210999
873	0.211113
874	0.211223
875	0.211328
876	0.211427
877	0.211520
878	0.211608
879	0.211693
880	0.211780
881	0.211871
882	0.211968
883	0.212073
884	0.212181
885	0.212291
886	0.212394
887	0.212486
888	0.212561
889	0.212611
890	0.212636
891	0.212633
892	0.212605
893	0.212558
894	0.212504
895	0.212453
896	0.212418
897	0.212409
898	0.212433
899	0.212494
900	0.212590
901	0.212714
902	0.212858
903	0.213009
904	0.213156
905	0.213287
906	0.213394
907	0.213477
908	0.213536
909	0.213580
910	0.213620
911	0.213666
912	0.213730
913	0.213831
914	0.213983
915	0.214186
916	0.214421
917	0.214658
918	0.214864
919	0.215013
920	0.215085
921	0.215073
922	0.214977
923	0.214806
924	0.214580
925	0.214324
926	0.214069
927	0.213838
928	0.213647
929	0.213495
930	0.213368
931	0.213262
932	0.213176
933	0.213109
934	0.213061
935	0.213032
936	0.213021
937	0.213027
938	0.213050
939	0.213090
940	0.213146
941	0.213216
942	0.213302
943	0.213402
944	0.213516
945	0.213644
946	0.213784
947	0.213936
948	0.214101
949	0.214276
950	0.214463
951	0.214659
952	0.214865
953	0.215081
954	0.215305
955	0.215537
956	0.215777
957	0.216024
958	0.216278
959	0.216538
960	0.216804
961	0.217074
962	0.217349
963	0.217629
964	0.217911
965	0.218197
966	0.218485
967	0.218776
968	0.219067
969	0.219360
970	0.219653
971	0.219946
972	0.220239
973	0.220530
974	0.220820
975	0.221108
976	0.221393
977	0.221675
978	0.221953
979	0.222227
980	0.222496
981	0.222760
982	0.223016
983	0.223257
984	0.223486
985	0.223712
986	0.223945
987	0.224195
988	0.224467
989	0.224759
990	0.225071
991	0.225398
992	0.225737
993	0.226081
994	0.226424
995	0.226756
996	0.227072
997	0.227373
998	0.227664
999	0.227954
1000	0.228247
1001	0.228541
1002	0.228833
1003	0.229123
1004	0.229410
1005	0.229694
1006	0.229976
1007	0.230256
1008	0.230532
1009	0.230805
1010	0.231074
1011	0.231340
1012	0.231603
1013	0.231862
1014	0.232118
1015	0.232369
1016	0.232616
1017	0.232860
1018	0.233099
1019	0.233334
1020	0.233565
1021	0.233791
1022	0.234013
1023	0.234230
1024	0.234443
1025	0.234650
1026	0.234854
1027	0.235052
1028	0.235246
1029	0.235435
1030	0.235619
1031	0.235798
1032	0.235971
1033	0.236138
1034	0.236303
1035	0.236466
1036	0.236627
1037	0.236785
1038	0.236938
1039	0.237085
1040	0.237225
1041	0.237357
1042	0.237480
1043	0.237594
1044	0.237700
1045	0.237797
1046	0.237889
1047	0.237978
1048	0.238066
1049	0.238152
1050	0.238237
1051	0.238320
1052	0.238401
1053	0.238479
1054	0.238555
1055	0.238629
1056	0.238701
1057	0.238772
1058	0.238840
1059	0.238906
1060	0.238970
1061	0.239033
1062	0.239094
1063	0.239153
1064	0.239210
1065	0.239266
1066	0.239320
1067	0.239372
1068	0.239424
1069	0.239473
1070	0.239521
1071	0.239568
1072	0.239614
1073	0.239658
1074	0.239701
1075	0.239743
1076	0.239784
1077	0.239823
1078	0.239862
1079	0.239900
1080	0.239936
1081	0.239972
1082	0.240007
1083	0.240041
1084	0.240074
1085	0.240107
1086	0.240139
1087	0.240170
1088	0.240201
1089	0.240231
1090	0.240260
1091	0.240290
1092	0.240319
1093	0.240350
1094	0.240381
1095	0.240412
1096	0.240441
1097	0.240465
1098	0.240485
1099	0.240498
1100	0.240503
1101	0.240499
1102	0.240481
1103	0.240447
1104	0.240395
1105	0.240321
1106	0.240220
1107	0.240087
1108	0.239913
1109	0.239691
1110	0.239420
1111	0.239105
1112	0.238758
1113	0.238393
1114	0.238030
1115	0.237690
1116	0.237396
1117	0.237166
1118	0.237012
1119	0.236933
1120	0.236916
1121	0.236941
1122	0.236988
1123	0.237044
1124	0.237108
1125	0.237190
1126	0.237307
1127	0.237478
1128	0.237720
1129	0.238044
1130	0.238449
1131	0.238914
1132	0.239404
1133	0.239868
1134	0.240255
1135	0.240526
1136	0.240661
1137	0.240661
1138	0.240546
1139	0.240346
1140	0.240101
1141	0.239854
1142	0.239643
1143	0.239502
1144	0.239451
1145	0.239501
1146	0.239649
1147	0.239888
1148	0.240205
1149	0.240585
1150	0.241011
1151	0.241461
1152	0.241914
1153	0.242348
1154	0.242749
1155	0.243108
1156	0.243424
1157	0.243702
1158	0.243951
1159	0.244185
1160	0.244418
1161	0.244662
1162	0.244922
1163	0.245200
1164	0.245493
1165	0.245794
1166	0.246098
1167	0.246398
1168	0.246689
1169	0.246964
1170	0.247221
1171	0.247457
1172	0.247671
1173	0.247862
1174	0.248030
1175	0.248171
1176	0.248287
1177	0.248380
1178	0.248457
1179	0.248527
1180	0.248597
1181	0.248676
1182	0.248766
1183	0.248871
1184	0.248987
1185	0.249112
1186	0.249237
1187	0.249357
1188	0.249464
1189	0.249556
1190	0.249637
1191	0.249712
1192	0.249788
1193	0.249876
1194	0.249982
1195	0.250112
1196	0.250268
1197	0.250445
1198	0.250637
1199	0.250832
1200	0.251017
1201	0.251181
1202	0.251315
1203	0.251414
1204	0.251480
1205	0.251520
1206	0.251546
1207	0.251571
1208	0.251608
1209	0.251671
1210	0.251765
1211	0.251894
1212	0.252052
1213	0.252233
1214	0.252424
1215	0.252616
1216	0.252797
1217	0.252962
1218	0.253108
1219	0.253232
1220	0.253336
1221	0.253421
1222	0.253491
1223	0.253549
1224	0.253604
1225	0.253662
1226	0.253731
1227	0.253819
1228	0.253931
1229	0.254072
1230	0.254242
1231	0.254439
1232	0.254655
1233	0.254879
1234	0.255102
1235	0.255313
1236	0.255506
1237	0.255680
1238	0.255834
1239	0.255973
1240	0.256099
1241	0.256216
1242	0.256328
1243	0.256437
1244	0.256546
1245	0.256656
1246	0.256766
1247	0.256879
1248	0.256993
1249	0.257108
1250	0.257224
1251	0.257336
1252	0.257441
1253	0.257534
1254	0.257614
1255	0.257679
1256	0.257732
1257	0.257778
1258	0.257824
1259	0.257877
1260	0.257945
1261	0.258034
1262	0.258150
1263	0.258292
1264	0.258459
1265	0.258645
1266	0.258845
1267	0.259050
1268	0.259254
1269	0.259453
1270	0.259642
1271	0.259823
1272	0.259996
1273	0.260164
1274	0.260333
1275	0.260503
1276	0.260675
1277	0.260845
1278	0.261007
1279	0.261154
1280	0.261279
1281	0.261376
1282	0.261446
1283	0.261492
1284	0.261520
1285	0.261539
1286	0.261558
1287	0.261581
1288	0.261606
1289	0.261630
1290	0.261642
1291	0.261634
1292	0.261596
1293	0.261526
1294	0.261425
1295	0.261300
1296	0.261161
1297	0.261022
1298	0.260893
1299	0.260781
1300	0.260687
1301	0.260608
1302	0.260539
1303	0.260471
1304	0.260400
1305	0.260323
1306	0.260237
1307	0.260138
1308	0.260028
1309	0.259909
1310	0.259784
1311	0.259660
1312	0.259539
1313	0.259424
1314	0.259315
1315	0.259214
1316	0.259122
1317	0.259040
1318	0.258966
1319	0.258898
1320	0.258831
1321	0.258762
1322	0.258689
1323	0.258614
1324	0.258538
1325	0.258461
1326	0.258384
1327	0.258305
1328	0.258226
1329	0.258146
1330	0.258065
1331	0.257982
1332	0.257899
1333	0.257815
1334	0.257729
1335	0.257643
1336	0.257555
1337	0.257467
1338	0.257377
1339	0.257285
1340	0.257193
1341	0.257100
1342	0.257005
1343	0.256909
1344	0.256811
1345	0.256712
1346	0.256612
1347	0.256510
1348	0.256407
1349	0.256303
1350	0.256197
1351	0.256090
1352	0.255981
1353	0.255870
1354	0.255758
1355	0.255644
1356	0.255529
1357	0.255412
1358	0.255294
1359	0.255173
1360	0.255051
1361	0.254928
1362	0.254802
1363	0.254675
1364	0.254546
1365	0.254414
1366	0.254278
1367	0.254140
1368	0.254000
1369	0.253863
1370	0.253729
1371	0.253600
1372	0.253477
1373	0.253358
1374	0.253243
1375	0.253130
1376	0.253019
1377	0.252907
1378	0.252793
1379	0.252675
1380	0.252553
1381	0.252429
1382	0.252306
1383	0.252184
1384	0.252062
1385	0.251940
1386	0.251819
1387	0.251697
1388	0.251575
1389	0.251454
1390	0.251332
1391	0.251202
1392	0.251052
1393	0.250900
1394	0.250780
1395	0.250717
1396	0.250710
1397	0.250740
1398	0.250777
1399	0.250792
1400	0.250761
1401	0.250670
1402	0.250508
1403	0.250267
1404	0.249948
1405	0.249570
1406	0.249167
1407	0.248782
1408	0.248454
1409	0.248190
1410	0.247967
1411	0.247776
1412	0.247614
1413	0.247480
1414	0.247375
1415	0.247295
1416	0.247241
1417	0.247211
1418	0.247204
1419	0.247220
1420	0.247257
1421	0.247314
1422	0.247390
1423	0.247484
1424	0.247596
1425	0.247723
1426	0.247865
1427	0.248021
1428	0.248189
1429	0.248370
1430	0.248561
1431	0.248762
1432	0.248971
1433	0.249188
1434	0.249412
1435	0.249641
1436	0.249874
1437	0.250111
1438	0.250350
1439	0.250591
1440	0.250831
1441	0.251071
1442	0.251309
1443	0.251544
1444	0.251775
1445	0.252002
1446	0.252222
1447	0.252435
1448	0.252640
1449	0.252835
1450	0.253021
1451	0.253195
1452	0.253362
1453	0.253531
1454	0.253696
1455	0.253837
1456	0.253928
1457	0.253948
1458	0.253885
1459	0.253739
1460	0.253522
1461	0.253259
1462	0.252978
1463	0.252716
1464	0.252507
1465	0.252381
1466	0.252355
1467	0.252430
1468	0.252590
1469	0.252807
1470	0.253059
1471	0.253334
1472	0.253624
1473	0.253922
1474	0.254229
1475	0.254545
1476	0.254874
1477	0.255214
1478	0.255559
1479	0.255905
1480	0.256249
1481	0.256591
1482	0.256930
1483	0.257269
1484	0.257610
1485	0.257957
1486	0.258316
1487	0.258692
1488	0.259090
1489	0.259509
1490	0.259943
1491	0.260383
1492	0.260818
1493	0.261237
1494	0.261631
1495	0.261993
1496	0.262322
1497	0.262619
1498	0.262893
1499	0.263154
1500	0.263413
1501	0.263679
1502	0.263957
1503	0.264249
1504	0.264552
1505	0.264860
1506	0.265166
1507	0.265462
1508	0.265741
1509	0.265998
1510	0.266229
1511	0.266435
1512	0.266619
1513	0.266790
1514	0.266958
1515	0.267134
1516	0.267329
1517	0.267549
1518	0.267795
1519	0.268063
1520	0.268345
1521	0.268631
1522	0.268905
1523	0.269157
1524	0.269375
1525	0.269555
1526	0.269699
1527	0.269811
1528	0.269901
1529	0.269979
1530	0.270053
1531	0.270127
1532	0.270208
1533	0.270297
1534	0.270399
1535	0.270515
1536	0.270647
1537	0.270797
1538	0.270962
1539	0.271142
1540	0.271335
1541	0.271535
1542	0.271738
1543	0.271938
1544	0.272131
1545	0.272315
1546	0.272491
1547	0.272664
1548	0.272841
1549	0.273029
1550	0.273232
1551	0.273451
1552	0.273679
1553	0.273909
1554	0.274130
1555	0.274332
1556	0.274507
1557	0.274648
1558	0.274757
1559	0.274838
1560	0.274905
1561	0.274971
1562	0.275050
1563	0.275152
1564	0.275280
1565	0.275429
1566	0.275591
1567	0.275755
1568	0.275914
1569	0.276061
1570	0.276197
1571	0.276324
1572	0.276450
1573	0.276584
1574	0.276733
1575	0.276899
1576	0.277082
1577	0.277275
1578	0.277467
1579	0.277649
1580	0.277813
1581	0.277957
1582	0.278082
1583	0.278193
1584	0.278300
1585	0.278412
1586	0.278539
1587	0.278688
1588	0.278861
1589	0.279056
1590	0.279265
1591	0.279477
1592	0.279678
1593	0.279858
1594	0.280005
1595	0.280116
1596	0.280188
1597	0.280230
1598	0.280250
1599	0.280263
1600	0.280283
1601	0.280322
1602	0.280386
1603	0.280477
1604	0.280595
1605	0.280734
1606	0.280891
1607	0.281059
1608	0.281232
1609	0.281408
1610	0.281583
1611	0.281759
1612	0.281938
1613	0.282122
1614	0.282312
1615	0.282509
1616	0.282708
1617	0.282903
1618	0.283085
1619	0.283242
1620	0.283367
1621	0.283452
1622	0.283495
1623	0.283502
1624	0.283486
1625	0.283464
1626	0.283457
1627	0.283485
1628	0.283560
1629	0.283686
1630	0.283857
1631	0.284059
1632	0.284272
1633	0.284478
1634	0.284660
1635	0.284810
1636	0.284926
1637	0.285020
1638	0.285108
1639	0.285209
1640	0.285343
1641	0.285519
1642	0.285740
1643	0.285996
1644	0.286272
1645	0.286546
1646	0.286796
1647	0.287003
1648	0.287158
1649	0.287264
1650	0.287333
1651	0.287385
1652	0.287443
1653	0.287528
1654	0.287653
1655	0.287822
1656	0.288027
1657	0.288251
1658	0.288473
1659	0.288671
1660	0.288826
1661	0.288931
1662	0.288989
1663	0.289009
1664	0.289010
1665	0.289011
1666	0.289029
1667	0.289075
1668	0.289152
1669	0.289254
1670	0.289367
1671	0.289473
1672	0.289557
1673	0.289607
1674	0.289621
1675	0.289602
1676	0.289563
1677	0.289517
1678	0.289483
1679	0.289472
1680	0.289493
1681	0.289547
1682	0.289630
1683	0.289733
1684	0.289846
1685	0.289963
1686	0.290075
1687	0.290180
1688	0.290273
1689	0.290352
1690	0.290418
1691	0.290469
1692	0.290508
1693	0.290537
1694	0.290560
1695	0.290583
1696	0.290614
1697	0.290662
1698	0.290733
1699	0.290829
1700	0.290943
1701	0.291065
1702	0.291180
1703	0.291274
1704	0.291337
1705	0.291365
1706	0.291359
1707	0.291323
1708	0.291267
1709	0.291200
1710	0.291136
1711	0.291084
1712	0.291051
1713	0.291041
1714	0.291050
1715	0.291078
1716	0.291122
1717	0.291185
1718	0.291268
1719	0.291375
1720	0.291504
1721	0.291655
1722	0.291824
1723	0.292002
1724	0.292182
1725	0.292350
1726	0.292496
1727	0.292608
1728	0.292679
1729	0.292706
1730	0.292693
1731	0.292650
1732	0.292588
1733	0.292523
1734	0.292463
1735	0.292415
1736	0.292382
1737	0.292361
1738	0.292352
1739	0.292351
1740	0.292359
1741	0.292375
1742	0.292405
1743	0.292457
1744	0.292540
1745	0.292662
1746	0.292822
1747	0.293009
1748	0.293206
1749	0.293388
1750	0.293531
1751	0.293615
1752	0.293628
1753	0.293565
1754	0.293434
1755	0.293251
1756	0.293040
1757	0.292831
1758	0.292646
1759	0.292501
1760	0.292396
1761	0.292327
1762	0.292282
1763	0.292246
1764	0.292211
1765	0.292173
1766	0.292132
1767	0.292098
1768	0.292080
1769	0.292087
1770	0.292118
1771	0.292164
1772	0.292201
1773	0.292199
1774	0.292133
1775	0.291990
1776	0.291772
1777	0.291494
1778	0.291181
1779	0.290861
1780	0.290560
1781	0.290300
1782	0.290094
1783	0.289944
1784	0.289840
1785	0.289767
1786	0.289705
1787	0.289640
1788	0.289565
1789	0.289483
1790	0.289399
1791	0.289315
1792	0.289231
1793	0.289147
1794	0.289063
1795	0.288979
1796	0.288895
1797	0.288811
1798	0.288727
1799	0.288643
1800	0.288560
1801	0.288476
1802	0.288392
1803	0.288308
1804	0.288224
1805	0.288140
1806	0.288056
1807	0.287972
1808	0.287888
1809	0.287804
1810	0.287720
1811	0.287636
1812	0.287553
1813	0.287469
1814	0.287385
1815	0.287301
1816	0.287217
1817	0.287133
1818	0.287049
1819	0.286965
1820	0.286881
1821	0.286797
1822	0.286713
1823	0.286629
1824	0.286545
1825	0.286462
1826	0.286378
1827	0.286294
1828	0.286210
1829	0.286126
1830	0.286042
1831	0.285958
1832	0.285874
1833	0.285790
1834	0.285706
1835	0.285622
1836	0.285538
1837	0.285454
1838	0.285371
1839	0.285287
1840	0.285203
1841	0.285119
1842	0.285035
1843	0.284951
1844	0.284867
1845	0.284783
1846	0.284699
1847	0.284615
1848	0.284531
1849	0.284447
1850	0.284364
1851	0.284280
1852	0.284196
1853	0.284112
1854	0.284028
1855	0.283944
1856	0.283860
1857	0.283776
1858	0.283692
1859	0.283608
1860	0.283524
1861	0.283440
1862	0.283356
1863	0.283273
1864	0.283189
1865	0.283105
1866	0.283021
1867	0.282937
1868	0.282853
1869	0.282769
1870	0.282685
1871	0.282601
1872	0.282517
1873	0.282433
1874	0.282349
1875	0.282265
1876	0.282182
1877	0.282098
1878	0.282014
1879	0.281930
1880	0.281846
1881	0.281762
1882	0.281678
1883	0.281594
1884	0.281510
1885	0.281426
1886	0.281342
1887	0.281258
1888	0.281175
1889	0.281091
1890	0.281007
1891	0.280923
1892	0.280839
1893	0.280755
1894	0.280671
1895	0.280587
1896	0.280503
1897	0.280419
1898	0.280335
1899	0.280251
1900	0.280167
1901	0.280084
1902	0.280000
1903	0.279916
1904	0.279832
1905	0.279748
1906	0.279664
1907	0.279580
1908	0.279496
1909	0.279412
1910	0.279328
1911	0.279244
1912	0.279160
1913	0.279076
1914	0.278993
1915	0.278909
1916	0.278825
1917	0.278741
1918	0.278657
1919	0.278573
1920	0.278489
1921	0.278405
1922	0.278321
1923	0.278237
1924	0.278153
1925	0.278069
1926	0.277986
1927	0.277902
1928	0.277818
1929	0.277734
1930	0.277650
1931	0.277566
1932	0.277482
1933	0.277398
1934	0.277314
1935	0.277230
1936	0.277146
1937	0.277062
1938	0.276978
1939	0.276895
1940	0.276811
1941	0.276727
1942	0.276644
1943	0.276561
1944	0.276477
1945	0.276391
1946	0.276302
1947	0.276213
1948	0.276125
1949	0.276038
1950	0.275952
1951	0.275869
1952	0.275788
1953	0.275708
1954	0.275630
1955	0.275552
1956	0.275472
1957	0.275391
1958	0.275306
1959	0.275218
1960	0.275130
1961	0.275043
1962	0.274958
1963	0.274874
1964	0.274794
1965	0.274718
1966	0.274647
1967	0.274582
1968	0.274523
1969	0.274472
1970	0.274429
1971	0.274395
1972	0.274370
1973	0.274357
1974	0.274355
1975	0.274365
1976	0.274389
1977	0.274426
1978	0.274478
1979	0.274546
1980	0.274631
1981	0.274733
1982	0.274853
1983	0.274992
1984	0.275151
1985	0.275330
1986	0.275531
1987	0.275754
1988	0.276001
1989	0.276271
1990	0.276566
1991	0.276887
1992	0.277234
1993	0.277608
1994	0.278011
1995	0.278442
1996	0.278904
1997	0.279396
1998	0.279919
1999	0.280474
2000	0.281063
2001	0.281686
2002	0.282341
2003	0.283029
2004	0.283754
2005	0.284526
2006	0.285353
2007	0.286240
2008	0.287184
2009	0.288167
2010	0.289165
2011	0.290144
2012	0.291070
2013	0.291908
2014	0.292632
2015	0.293224
2016	0.293683
2017	0.294019
2018	0.294258
2019	0.294435
2020	0.294580
2021	0.294713
2022	0.294847
2023	0.294983
2024	0.295111
2025	0.295212
2026	0.295266
2027	0.295257
2028	0.295177
2029	0.295036
2030	0.294858
2031	0.294684
2032	0.294556
2033	0.294517
2034	0.294601
2035	0.294818
2036	0.295160
2037	0.295594
2038	0.296070
2039	0.296533
2040	0.296937
2041	0.297256
2042	0.297487
2043	0.297649
2044	0.297780
2045	0.297922
2046	0.298117
2047	0.298396
2048	0.298777
2049	0.299259
2050	0.299826
2051	0.300456
2052	0.301125
2053	0.301812
2054	0.302490
2055	0.303129
2056	0.303705
2057	0.304202
2058	0.304614
2059	0.304944
2060	0.305201
2061	0.305397
2062	0.305547
2063	0.305670
2064	0.305786
2065	0.305914
2066	0.306064
2067	0.306237
2068	0.306425
2069	0.306617
2070	0.306809
2071	0.307002
2072	0.307199
2073	0.307399
2074	0.307602
2075	0.307808
2076	0.308016
2077	0.308227
2078	0.308440
2079	0.308655
2080	0.308872
2081	0.309091
2082	0.309311
2083	0.309533
2084	0.309755
2085	0.309979
2086	0.310204
2087	0.310429
2088	0.310655
2089	0.310881
2090	0.311108
2091	0.311334
2092	0.311560
2093	0.311786
2094	0.312011
2095	0.312236
2096	0.312460
2097	0.312682
2098	0.312904
2099	0.313123
2100	0.313342
2101	0.313558
2102	0.313773
2103	0.313985
2104	0.314196
2105	0.314403
2106	0.314609
2107	0.314811
2108	0.315010
2109	0.315206
2110	0.315399
2111	0.315588
2112	0.315774
2113	0.315956
2114	0.316133
2115	0.316307
2116	0.316476
2117	0.316640
2118	0.316800
2119	0.316955
2120	0.317105
2121	0.317249
2122	0.317388
2123	0.317521
2124	0.317649
2125	0.317770
2126	0.317886
2127	0.317995
2128	0.318098
2129	0.318193
2130	0.318283
2131	0.318365
2132	0.318439
2133	0.318507
2134	0.318567
2135	0.318619
2136	0.318663
2137	0.318699
2138	0.318727
2139	0.318746
2140	0.318757
2141	0.318759
2142	0.318752
2143	0.318736
2144	0.318711
2145	0.318676
2146	0.318631
2147	0.318576
2148	0.318512
2149	0.318437
2150	0.318352
2151	0.318256
2152	0.318144
2153	0.318006
2154	0.317853
2155	0.317711
2156	0.317598
2157	0.317518
2158	0.317459
2159	0.317401
2160	0.317323
2161	0.317208
2162	0.317044
2163	0.316818
2164	0.316522
2165	0.316152
2166	0.315717
2167	0.315239
2168	0.314749
2169	0.314274
2170	0.313823
2171	0.313383
2172	0.312949
2173	0.312521
2174	0.312100
2175	0.311687
2176	0.311283
2177	0.310888
2178	0.310503
2179	0.310130
2180	0.309767
2181	0.309417
2182	0.309079
2183	0.308755
2184	0.308444
2185	0.308147
2186	0.307864
2187	0.307597
2188	0.307344
2189	0.307107
2190	0.306886
2191	0.306681
2192	0.306493
2193	0.306320
2194	0.306164
2195	0.306025
2196	0.305902
2197	0.305796
2198	0.305706
2199	0.305633
2200	0.305577
2201	0.305537
2202	0.305513
2203	0.305504
2204	0.305512
2205	0.305535
2206	0.305573
2207	0.305626
2208	0.305693
2209	0.305775
2210	0.305869
2211	0.305977
2212	0.306097
2213	0.306229
2214	0.306372
2215	0.306526
2216	0.306690
2217	0.306863
2218	0.307045
2219	0.307234
2220	0.307430
2221	0.307632
2222	0.307839
2223	0.308050
2224	0.308264
2225	0.308481
2226	0.308699
2227	0.308916
2228	0.309133
2229	0.309347
2230	0.309558
2231	0.309765
2232	0.309965
2233	0.310158
2234	0.310343
2235	0.310517
2236	0.310681
2237	0.310831
2238	0.310967
2239	0.311087
2240	0.311190
2241	0.311274
2242	0.311338
2243	0.311379
2244	0.311396
2245	0.311387
2246	0.311351
2247	0.311286
2248	0.311190
2249	0.311060
2250	0.310896
2251	0.310694
2252	0.310427
2253	0.310042
2254	0.309578
2255	0.309136
2256	0.308818
2257	0.308677
2258	0.308714
2259	0.308890
2260	0.309150
2261	0.309441
2262	0.309717
2263	0.309921
2264	0.309992
2265	0.309882
2266	0.309581
2267	0.309135
2268	0.308638
2269	0.308194
2270	0.307848
2271	0.307551
2272	0.307280
2273	0.307033
2274	0.306811
2275	0.306614
2276	0.306442
2277	0.306295
2278	0.306172
2279	0.306074
2280	0.306001
2281	0.305952
2282	0.305927
2283	0.305927
2284	0.305949
2285	0.305995
2286	0.306063
2287	0.306154
2288	0.306266
2289	0.306400
2290	0.306554
2291	0.306729
2292	0.306923
2293	0.307135
2294	0.307366
2295	0.307614
2296	0.307878
2297	0.308157
2298	0.308452
2299	0.308760
2300	0.309080
2301	0.309413
2302	0.309755
2303	0.310108
2304	0.310468
2305	0.310836
2306	0.311210
2307	0.311588
2308	0.311969
2309	0.312353
2310	0.312736
2311	0.313119
2312	0.313500
2313	0.313876
2314	0.314247
2315	0.314611
2316	0.314966
2317	0.315310
2318	0.315643
2319	0.315961
2320	0.316263
2321	0.316548
2322	0.316813
2323	0.317056
2324	0.317276
2325	0.317470
2326	0.317637
2327	0.317774
2328	0.317879
2329	0.317950
2330	0.317984
2331	0.317980
2332	0.317935
2333	0.317847
2334	0.317713
2335	0.317530
2336	0.317297
2337	0.317011
2338	0.316669
2339	0.316269
2340	0.315808
2341	0.315283
2342	0.314691
2343	0.314031
2344	0.313298
2345	0.312490
2346	0.311605
2347	0.310638
2348	0.309588
2349	0.308452
2350	0.307225
2351	0.305905
2352	0.304480
2353	0.302926
2354	0.301248
2355	0.299475
2356	0.297646
2357	0.295791
2358	0.293930
2359	0.292067
2360	0.290198
2361	0.288318
2362	0.286415
2363	0.284472
2364	0.282464
2365	0.280364
2366	0.278153
2367	0.275829
2368	0.273411
2369	0.270928
2370	0.268398
2371	0.265810
2372	0.263157
2373	0.260439
2374	0.257656
2375	0.254808
2376	0.251895
2377	0.248917
2378	0.245874
2379	0.242766
2380	0.239593
2381	0.236356
2382	0.233053
2383	0.229685
2384	0.226252
2385	0.222755
2386	0.219192
2387	0.215565
2388	0.211872
2389	0.208115
2390	0.204292
2391	0.200405
2392	0.196452
2393	0.192435
2394	0.188353
2395	0.184205
2396	0.179993
2397	0.175716
2398	0.171374
2399	0.166967
2400	0.162494
2401	0.157957
2402	0.153355
2403	0.148688
2404	0.143956
2405	0.139159
2406	0.134297
2407	0.129371
2408	0.124379
2409	0.119322
2410	0.114200
2411	0.109013
2412	0.103762
2413	0.098445
2414	0.093064
2415	0.087617
2416	0.082105
2417	0.076529
2418	0.070887
2419	0.065181
2420	0.059410
2421	0.053573
2422	0.047672
2423	0.041706
2424	0.035674
2425	0.029578
2426	0.023417
2427	0.017191
2428	0.010900
2429	0.004543
2430	-0.001878
2431	-0.008364
2432	-0.014915
2433	-0.021531
2434	-0.028211
2435	-0.034957
2436	-0.041768
2437	-0.048644
2438	-0.055585
2439	-0.062590
2440	-0.069661
2441	-0.076797
2442	-0.083997
2443	-0.091263
2444	-0.098594
2445	-0.105989
2446	-0.113450
2447	-0.120975
2448	-0.128566
2449	-0.136221
2450	-0.143941
2451	-0.151727
2452	-0.159577
2453	-0.167492
2454	-0.175472
2455	-0.183517
2456	-0.191628
2457	-0.199803
2458	-0.208043
2459	-0.216348
2460	-0.224718
2461	-0.233153
2462	-0.241653
2463	-0.250218
2464	-0.258847
2465	-0.267542
2466	-0.276302
2467	-0.285127
2468	-0.294017
2469	-0.302971
2470	-0.311991
2471	-0.321075
2472	-0.330225
2473	-0.339440
2474	-0.348719
2475	-0.358064
2476	-0.367473
2477	-0.376947
2478	-0.386487
2479	-0.396091
2480	-0.405760
2481	-0.415495
2482	-0.425294
2483	-0.435158
2484	-0.445087
2485	-0.455081
2486	-0.465140
2487	-0.475264
2488	-0.485453
2489	-0.495707
2490	-0.506026
2491	-0.516410
2492	-0.526859
2493	-0.537373
2494	-0.547952
2495	-0.558596
2496	-0.569304
2497	-0.580078
2498	-0.590917
2499	-0.601820
2500	-0.612789
