350	0.052651
351	0.052828
352	0.053012
353	0.053203
354	0.053400
355	0.053604
356	0.053815
357	0.054031
358	0.054255
359	0.054486
360	0.054724
361	0.054965
362	0.055206
363	0.055447
364	0.055690
365	0.055936
366	0.056191
367	0.056462
368	0.056752
369	0.057066
370	0.057405
371	0.057768
372	0.058150
373	0.058548
374	0.058956
375	0.059369
376	0.059784
377	0.060200
378	0.060621
379	0.061051
380	0.061493
381	0.061951
382	0.062425
383	0.062916
384	0.063421
385	0.063937
386	0.064458
387	0.064980
388	0.065498
389	0.066010
390	0.066515
391	0.067015
392	0.067510
393	0.068001
394	0.068489
395	0.068970
396	0.069443
397	0.069904
398	0.070353
399	0.070785
400	0.071202
401	0.071602
402	0.071989
403	0.072367
404	0.072743
405	0.073122
406	0.073508
407	0.073904
408	0.074309
409	0.074725
410	0.075148
411	0.075580
412	0.076019
413	0.076464
414	0.076914
415	0.077368
416	0.077828
417	0.078293
418	0.078763
419	0.079239
420	0.079721
421	0.080209
422	0.080703
423	0.081207
424	0.081722
425	0.082253
426	0.082800
427	0.083365
428	0.083945
429	0.084540
430	0.085144
431	0.085752
432	0.086359
433	0.086961
434	0.087554
435	0.088138
436	0.088711
437	0.089276
438	0.089836
439	0.090393
440	0.090949
441	0.091503
442	0.092055
443	0.092603
444	0.093144
445	0.093676
446	0.094198
447	0.094709
448	0.095209
449	0.095699
450	0.096183
451	0.096660
452	0.097133
453	0.097603
454	0.098067
455	0.098525
456	0.098973
457	0.099409
458	0.099831
459	0.100237
460	0.100628
461	0.101003
462	0.101366
463	0.101719
464	0.102065
465	0.102406
466	0.102745
467	0.103082
468	0.103420
469	0.103758
470	0.104097
471	0.104437
472	0.104777
473	0.105117
474	0.105458
475	0.105800
476	0.106144
477	0.106493
478	0.106849
479	0.107213
480	0.107590
481	0.107980
482	0.108387
483	0.108810
484	0.109251
485	0.109707
486	0.110177
487	0.110657
488	0.111144
489	0.111636
490	0.112131
491	0.112629
492	0.113129
493	0.113634
494	0.114144
495	0.114662
496	0.115190
497	0.115727
498	0.116275
499	0.116833
500	0.117399
501	0.117973
502	0.118554
503	0.119141
504	0.119733
505	0.120331
506	0.120934
507	0.121541
508	0.122155
509	0.122777
510	0.123409
511	0.124050
512	0.124704
513	0.125370
514	0.126049
515	0.126738
516	0.127434
517	0.128133
518	0.128830
519	0.129524
520	0.130213
521	0.130898
522	0.131582
523	0.132267
524	0.132956
525	0.133650
526	0.134351
527	0.135056
528	0.135762
529	0.136465
530	0.137162
531	0.137850
532	0.138531
533	0.139206
534	0.139879
535	0.140555
536	0.141238
537	0.141930
538	0.142634
539	0.143348
540	0.144071
541	0.144799
542	0.145527
543	0.146253
544	0.146974
545	0.147690
546	0.148401
547	0.149107
548	0.149810
549	0.150511
550	0.151211
551	0.151912
552	0.152614
553	0.153319
554	0.154029
555	0.154745
556	0.155469
557	0.156199
558	0.156933
559	0.157662
560	0.158380
561	0.159075
562	0.159738
563	0.160363
564	0.160947
565	0.161491
566	0.162001
567	0.162485
568	0.162955
569	0.163424
570	0.163901
571	0.164393
572	0.164905
573	0.165439
574	0.165999
575	0.166587
576	0.167199
577	0.167830
578	0.168469
579	0.169100
580	0.169710
581	0.170283
582	0.170811
583	0.171291
584	0.171727
585	0.172128
586	0.172514
587	0.172905
588	0.173319
589	0.173767
590	0.174248
591	0.174753
592	0.175265
593	0.175767
594	0.176246
595	0.176691
596	0.177102
597	0.177480
598	0.177838
599	0.178185
600	0.178536
601	0.178899
602	0.179278
603	0.179670
604	0.180068
605	0.180463
606	0.180847
607	0.181212
608	0.181557
609	0.181879
610	0.182183
611	0.182472
612	0.182750
613	0.183024
614	0.183297
615	0.183571
616	0.183849
617	0.184131
618	0.184416
619	0.184704
620	0.184995
621	0.185288
622	0.185584
623	0.185885
624	0.186190
625	0.186499
626	0.186812
627	0.187126
628	0.187441
629	0.187756
630	0.188068
631	0.188376
632	0.188680
633	0.188977
634	0.189269
635	0.189554
636	0.189831
637	0.190100
638	0.190360
639	0.190610
640	0.190852
641	0.191085
642	0.191312
643	0.191532
644	0.191748
645	0.191961
646	0.192175
647	0.192392
648	0.192618
649	0.192856
650	0.193108
651	0.193376
652	0.193660
653	0.193958
654	0.194268
655	0.194585
656	0.194901
657	0.195209
658	0.195505
659	0.195784
660	0.196048
661	0.196299
662	0.196543
663	0.196783
664	0.197026
665	0.197274
666	0.197532
667	0.197799
668	0.198076
669	0.198358
670	0.198645
671	0.198933
672	0.199223
673	0.199514
674	0.199808
675	0.200105
676	0.200405
677	0.200709
678	0.201018
679	0.201334
680	0.201660
681	0.201999
682	0.202355
683	0.202730
684	0.203124
685	0.203537
686	0.203966
687	0.204411
688	0.204869
689	0.205338
690	0.205821
691	0.206322
692	0.206847
693	0.207405
694	0.208004
695	0.208648
696	0.209338
697	0.210074
698	0.210851
699	0.211665
700	0.212509
701	0.213377
702	0.214263
703	0.215163
704	0.216074
705	0.216994
706	0.217915
707	0.218827
708	0.219716
709	0.220568
710	0.221369
711	0.222114
712	0.222803
713	0.223444
714	0.224051
715	0.224645
716	0.225249
717	0.225884
718	0.226567
719	0.227302
720	0.228081
721	0.228892
722	0.229720
723	0.230552
724	0.231384
725	0.232217
726	0.233055
727	0.233902
728	0.234765
729	0.235647
730	0.236547
731	0.237457
732	0.238364
733	0.239252
734	0.240107
735	0.240918
736	0.241680
737	0.242396
738	0.243072
739	0.243711
740	0.244319
741	0.244899
742	0.245452
743	0.245980
744	0.246487
745	0.246976
746	0.247449
747	0.247906
748	0.248344
749	0.248760
750	0.249148
751	0.249505
752	0.249833
753	0.250136
754	0.250425
755	0.250715
756	0.251025
757	0.251375
758	0.251779
759	0.252245
760	0.252765
761	0.253318
762	0.253878
763	0.254414
764	0.254901
765	0.255323
766	0.255676
767	0.255964
768	0.256200
769	0.256403
770	0.256593
771	0.256790
772	0.257005
773	0.257243
774	0.257505
775	0.257783
776	0.258070
777	0.258360
778	0.258648
779	0.258928
780	0.259197
781	0.259452
782	0.259694
783	0.259924
784	0.260145
785	0.260362
786	0.260580
787	0.260807
788	0.261048
789	0.261305
790	0.261578
791	0.261867
792	0.262163
793	0.262462
794	0.262756
795	0.263041
796	0.263317
797	0.263584
798	0.263846
799	0.264108
800	0.264374
801	0.264646
802	0.264924
803	0.265201
804	0.265468
805	0.265707
806	0.265906
807	0.266049
808	0.266131
809	0.266151
810	0.266118
811	0.266049
812	0.265967
813	0.265898
814	0.265867
815	0.265894
816	0.265989
817	0.266154
818	0.266380
819	0.266650
820	0.266946
821	0.267249
822	0.267547
823	0.267831
824	0.268098
825	0.268351
826	0.268597
827	0.268844
828	0.269101
829	0.269375
830	0.269668
831	0.269980
832	0.270306
833	0.270641
834	0.270980
835	0.271318
836	0.271649
837	0.271969
838	0.272274
839	0.272563
840	0.272833
841	0.273086
842	0.273321
843	0.273540
844	0.273745
845	0.273936
846	0.274118
847	0.274294
848	0.274468
849	0.274645
850	0.274824
851	0.275007
852	0.275189
853	0.275368
854	0.275537
855	0.275694
856	0.275837
857	0.275967
858	0.276088
859	0.276207
860	0.276328
861	0.276459
862	0.276602
863	0.276759
864	0.276927
865	0.277103
866	0.277281
867	0.277458
868	0.277632
869	0.277805
870	0.277977
871	0.278151
872	0.278329
873	0.278511
874	0.278698
875	0.278888
876	0.279078
877	0.279266
878	0.279447
879	0.279620
880	0.279783
881	0.279937
882	0.280081
883	0.280217
884	0.280341
885	0.280451
886	0.280545
887	0.280618
888	0.280663
889	0.280676
890	0.280651
891	0.280587
892	0.280486
893	0.280356
894	0.280209
895	0.280062
896	0.279934
897	0.279845
898	0.279808
899	0.279833
900	0.279917
901	0.280051
902	0.280219
903	0.280398
904	0.280566
905	0.280703
906	0.280796
907	0.280839
908	0.280840
909	0.280819
910	0.280807
911	0.280831
912	0.280916
913	0.281111
914	0.281456
915	0.281950
916	0.282544
917	0.283154
918	0.283690
919	0.284073
920	0.284250
921	0.284196
922	0.283912
923	0.283421
924	0.282773
925	0.282035
926	0.281288
927	0.280605
928	0.280032
929	0.279568
930	0.279177
931	0.278841
932	0.278561
933	0.278332
934	0.278155
935	0.278028
936	0.277948
937	0.277914
938	0.277924
939	0.277977
940	0.278071
941	0.278204
942	0.278375
943	0.278582
944	0.278823
945	0.279096
946	0.279401
947	0.279734
948	0.280095
949	0.280483
950	0.280894
951	0.281327
952	0.281782
953	0.282256
954	0.282747
955	0.283254
956	0.283775
957	0.284308
958	0.284852
959	0.285406
960	0.285966
961	0.286533
962	0.287103
963	0.287676
964	0.288249
965	0.288821
966	0.289391
967	0.289956
968	0.290515
969	0.291067
970	0.291609
971	0.292140
972	0.292658
973	0.293162
974	0.293649
975	0.294119
976	0.294570
977	0.294999
978	0.295405
979	0.295787
980	0.296142
981	0.296470
982	0.296766
983	0.297023
984	0.297239
985	0.297421
986	0.297577
987	0.297719
988	0.297853
989	0.297985
990	0.298120
991	0.298259
992	0.298403
993	0.298552
994	0.298700
995	0.298841
996	0.298970
997	0.299084
998	0.299185
999	0.299281
1000	0.299377
1001	0.299470
1002	0.299561
1003	0.299649
1004	0.299736
1005	0.299822
1006	0.299907
1007	0.299991
1008	0.300075
1009	0.300160
1010	0.300245
1011	0.300332
1012	0.300419
1013	0.300509
1014	0.300600
1015	0.300694
1016	0.300790
1017	0.300889
1018	0.300991
1019	0.301095
1020	0.301203
1021	0.301315
1022	0.301430
1023	0.301548
1024	0.301670
1025	0.301796
1026	0.301925
1027	0.302058
1028	0.302196
1029	0.302336
1030	0.302481
1031	0.302629
1032	0.302783
1033	0.302939
1034	0.303097
1035	0.303255
1036	0.303412
1037	0.303572
1038	0.303735
1039	0.303904
1040	0.304080
1041	0.304262
1042	0.304449
1043	0.304643
1044	0.304840
1045	0.305039
1046	0.305236
1047	0.305429
1048	0.305614
1049	0.305791
1050	0.305963
1051	0.306130
1052	0.306292
1053	0.306449
1054	0.306602
1055	0.306750
1056	0.306894
1057	0.307033
1058	0.307169
1059	0.307300
1060	0.307428
1061	0.307552
1062	0.307672
1063	0.307789
1064	0.307902
1065	0.308012
1066	0.308119
1067	0.308223
1068	0.308323
1069	0.308421
1070	0.308516
1071	0.308609
1072	0.308699
1073	0.308786
1074	0.308872
1075	0.308955
1076	0.309036
1077	0.309115
1078	0.309192
1079	0.309268
1080	0.309342
1081	0.309414
1082	0.309485
1083	0.309555
1084	0.309624
1085	0.309691
1086	0.309758
1087	0.309824
1088	0.309889
1089	0.309954
1090	0.310018
1091	0.310082
1092	0.310148
1093	0.310219
1094	0.310297
1095	0.310375
1096	0.310442
1097	0.310488
1098	0.310503
1099	0.310483
1100	0.310428
1101	0.310344
1102	0.310242
1103	0.310136
1104	0.310044
1105	0.309979
1106	0.309949
1107	0.309949
1108	0.309959
1109	0.309948
1110	0.309875
1111	0.309702
1112	0.309391
1113	0.308917
1114	0.308264
1115	0.307438
1116	0.306459
1117	0.305365
1118	0.304203
1119	0.303027
1120	0.301889
1121	0.300837
1122	0.299907
1123	0.299126
1124	0.298509
1125	0.298061
1126	0.297778
1127	0.297657
1128	0.297686
1129	0.297855
1130	0.298149
1131	0.298555
1132	0.299057
1133	0.299634
1134	0.300267
1135	0.300929
1136	0.301591
1137	0.302222
1138	0.302792
1139	0.303272
1140	0.303638
1141	0.303872
1142	0.303970
1143	0.303941
1144	0.303812
1145	0.303626
1146	0.303434
1147	0.303289
1148	0.303241
1149	0.303328
1150	0.303573
1151	0.303985
1152	0.304552
1153	0.305251
1154	0.306048
1155	0.306906
1156	0.307791
1157	0.308672
1158	0.309527
1159	0.310337
1160	0.311093
1161	0.311786
1162	0.312418
1163	0.312991
1164	0.313512
1165	0.313990
1166	0.314435
1167	0.314855
1168	0.315258
1169	0.315645
1170	0.316017
1171	0.316371
1172	0.316701
1173	0.317001
1174	0.317270
1175	0.317508
1176	0.317715
1177	0.317895
1178	0.318052
1179	0.318188
1180	0.318306
1181	0.318406
1182	0.318492
1183	0.318566
1184	0.318636
1185	0.318709
1186	0.318798
1187	0.318914
1188	0.319065
1189	0.319258
1190	0.319490
1191	0.319755
1192	0.320040
1193	0.320330
1194	0.320610
1195	0.320868
1196	0.321095
1197	0.321291
1198	0.321460
1199	0.321611
1200	0.321754
1201	0.321900
1202	0.322057
1203	0.322228
1204	0.322412
1205	0.322605
1206	0.322802
1207	0.322998
1208	0.323191
1209	0.323383
1210	0.323581
1211	0.323790
1212	0.324019
1213	0.324271
1214	0.324546
1215	0.324841
1216	0.325146
1217	0.325450
1218	0.325743
1219	0.326015
1220	0.326264
1221	0.326494
1222	0.326711
1223	0.326927
1224	0.327148
1225	0.327383
1226	0.327633
1227	0.327897
1228	0.328170
1229	0.328446
1230	0.328717
1231	0.328977
1232	0.329223
1233	0.329455
1234	0.329674
1235	0.329881
1236	0.330077
1237	0.330261
1238	0.330429
1239	0.330580
1240	0.330713
1241	0.330829
1242	0.330935
1243	0.331036
1244	0.331142
1245	0.331263
1246	0.331406
1247	0.331577
1248	0.331775
1249	0.331995
1250	0.332230
1251	0.332469
1252	0.332701
1253	0.332919
1254	0.333117
1255	0.333294
1256	0.333453
1257	0.333595
1258	0.333726
1259	0.333851
1260	0.333974
1261	0.334099
1262	0.334225
1263	0.334349
1264	0.334467
1265	0.334576
1266	0.334674
1267	0.334759
1268	0.334832
1269	0.334896
1270	0.334956
1271	0.335016
1272	0.335084
1273	0.335162
1274	0.335252
1275	0.335350
1276	0.335452
1277	0.335549
1278	0.335635
1279	0.335707
1280	0.335764
1281	0.335808
1282	0.335846
1283	0.335885
1284	0.335931
1285	0.335991
1286	0.336066
1287	0.336154
1288	0.336249
1289	0.336344
1290	0.336432
1291	0.336508
1292	0.336568
1293	0.336611
1294	0.336636
1295	0.336644
1296	0.336634
1297	0.336608
1298	0.336566
1299	0.336508
1300	0.336432
1301	0.336339
1302	0.336232
1303	0.336116
1304	0.335997
1305	0.335882
1306	0.335781
1307	0.335696
1308	0.335628
1309	0.335573
1310	0.335526
1311	0.335478
1312	0.335421
1313	0.335349
1314	0.335256
1315	0.335138
1316	0.334997
1317	0.334834
1318	0.334655
1319	0.334463
1320	0.334263
1321	0.334057
1322	0.333844
1323	0.333623
1324	0.333394
1325	0.333158
1326	0.332913
1327	0.332661
1328	0.332402
1329	0.332135
1330	0.331861
1331	0.331581
1332	0.331294
1333	0.331001
1334	0.330701
1335	0.330396
1336	0.330085
1337	0.329768
1338	0.329446
1339	0.329119
1340	0.328786
1341	0.328449
1342	0.328107
1343	0.327761
1344	0.327411
1345	0.327056
1346	0.326698
1347	0.326336
1348	0.325971
1349	0.325603
1350	0.325231
1351	0.324857
1352	0.324480
1353	0.324100
1354	0.323718
1355	0.323335
1356	0.322949
1357	0.322562
1358	0.322173
1359	0.321783
1360	0.321392
1361	0.321000
1362	0.320607
1363	0.320214
1364	0.319821
1365	0.319427
1366	0.319033
1367	0.318639
1368	0.318246
1369	0.317855
1370	0.317467
1371	0.317081
1372	0.316697
1373	0.316315
1374	0.315934
1375	0.315553
1376	0.315172
1377	0.314790
1378	0.314407
1379	0.314022
1380	0.313636
1381	0.313250
1382	0.312864
1383	0.312478
1384	0.312092
1385	0.311706
1386	0.311321
1387	0.310935
1388	0.310549
1389	0.310164
1390	0.309778
1391	0.309369
1392	0.308901
1393	0.308429
1394	0.308050
1395	0.307832
1396	0.307776
1397	0.307824
1398	0.307891
1399	0.307889
1400	0.307755
1401	0.307449
1402	0.306936
1403	0.306196
1404	0.305235
1405	0.304106
1406	0.302908
1407	0.301769
1408	0.300794
1409	0.300009
1410	0.299347
1411	0.298776
1412	0.298292
1413	0.297893
1414	0.297575
1415	0.297335
1416	0.297170
1417	0.297077
1418	0.297053
1419	0.297093
1420	0.297196
1421	0.297358
1422	0.297576
1423	0.297846
1424	0.298165
1425	0.298531
1426	0.298940
1427	0.299389
1428	0.299875
1429	0.300394
1430	0.300943
1431	0.301519
1432	0.302120
1433	0.302741
1434	0.303380
1435	0.304033
1436	0.304697
1437	0.305370
1438	0.306047
1439	0.306726
1440	0.307403
1441	0.308076
1442	0.308741
1443	0.309394
1444	0.310034
1445	0.310656
1446	0.311257
1447	0.311835
1448	0.312386
1449	0.312906
1450	0.313393
1451	0.313844
1452	0.314263
1453	0.314664
1454	0.315034
1455	0.315334
1456	0.315529
1457	0.315593
1458	0.315513
1459	0.315290
1460	0.314934
1461	0.314454
1462	0.313868
1463	0.313202
1464	0.312498
1465	0.311806
1466	0.311179
1467	0.310664
1468	0.310293
1469	0.310090
1470	0.310077
1471	0.310285
1472	0.310711
1473	0.311319
1474	0.312058
1475	0.312867
1476	0.313688
1477	0.314473
1478	0.315194
1479	0.315846
1480	0.316443
1481	0.317017
1482	0.317602
1483	0.318230
1484	0.318926
1485	0.319700
1486	0.320553
1487	0.321477
1488	0.322461
1489	0.323488
1490	0.324542
1491	0.325605
1492	0.326660
1493	0.327688
1494	0.328670
1495	0.329589
1496	0.330431
1497	0.331187
1498	0.331851
1499	0.332427
1500	0.332926
1501	0.333366
1502	0.333770
1503	0.334161
1504	0.334559
1505	0.334979
1506	0.335427
1507	0.335901
1508	0.336393
1509	0.336887
1510	0.337371
1511	0.337831
1512	0.338259
1513	0.338653
1514	0.339014
1515	0.339350
1516	0.339671
1517	0.339987
1518	0.340306
1519	0.340631
1520	0.340965
1521	0.341302
1522	0.341639
1523	0.341969
1524	0.342289
1525	0.342598
1526	0.342897
1527	0.343191
1528	0.343486
1529	0.343785
1530	0.344093
1531	0.344411
1532	0.344737
1533	0.345065
1534	0.345387
1535	0.345697
1536	0.345987
1537	0.346257
1538	0.346507
1539	0.346745
1540	0.346979
1541	0.347220
1542	0.347471
1543	0.347735
1544	0.348009
1545	0.348285
1546	0.348555
1547	0.348810
1548	0.349043
1549	0.349252
1550	0.349435
1551	0.349600
1552	0.349754
1553	0.349906
1554	0.350063
1555	0.350231
1556	0.350413
1557	0.350607
1558	0.350814
1559	0.351029
1560	0.351249
1561	0.351471
1562	0.351689
1563	0.351900
1564	0.352102
1565	0.352296
1566	0.352481
1567	0.352660
1568	0.352834
1569	0.353006
1570	0.353176
1571	0.353348
1572	0.353521
1573	0.353696
1574	0.353870
1575	0.354041
1576	0.354209
1577	0.354372
1578	0.354529
1579	0.354680
1580	0.354823
1581	0.354957
1582	0.355082
1583	0.355202
1584	0.355320
1585	0.355444
1586	0.355578
1587	0.355729
1588	0.355898
1589	0.356087
1590	0.356294
1591	0.356514
1592	0.356740
1593	0.356962
1594	0.357172
1595	0.357365
1596	0.357539
1597	0.357694
1598	0.357834
1599	0.357963
1600	0.358083
1601	0.358199
1602	0.358313
1603	0.358428
1604	0.358543
1605	0.358659
1606	0.358774
1607	0.358886
1608	0.358996
1609	0.359107
1610	0.359223
1611	0.359350
1612	0.359490
1613	0.359647
1614	0.359820
1615	0.360009
1616	0.360211
1617	0.360420
1618	0.360632
1619	0.360840
1620	0.361039
1621	0.361223
1622	0.361392
1623	0.361543
1624	0.361676
1625	0.361789
1626	0.361883
1627	0.361956
1628	0.362013
1629	0.362058
1630	0.362100
1631	0.362147
1632	0.362208
1633	0.362291
1634	0.362400
1635	0.362535
1636	0.362695
1637	0.362875
1638	0.363071
1639	0.363274
1640	0.363478
1641	0.363674
1642	0.363856
1643	0.364020
1644	0.364159
1645	0.364270
1646	0.364352
1647	0.364406
1648	0.364439
1649	0.364458
1650	0.364475
1651	0.364502
1652	0.364549
1653	0.364623
1654	0.364724
1655	0.364850
1656	0.364994
1657	0.365148
1658	0.365299
1659	0.365438
1660	0.365556
1661	0.365645
1662	0.365705
1663	0.365737
1664	0.365747
1665	0.365746
1666	0.365748
1667	0.365763
1668	0.365803
1669	0.365871
1670	0.365971
1671	0.366095
1672	0.366234
1673	0.366372
1674	0.366490
1675	0.366573
1676	0.366610
1677	0.366597
1678	0.366540
1679	0.366449
1680	0.366341
1681	0.366231
1682	0.366137
1683	0.366076
1684	0.366060
1685	0.366095
1686	0.366181
1687	0.366311
1688	0.366473
1689	0.366655
1690	0.366845
1691	0.367031
1692	0.367205
1693	0.367360
1694	0.367490
1695	0.367594
1696	0.367671
1697	0.367726
1698	0.367763
1699	0.367789
1700	0.367809
1701	0.367828
1702	0.367848
1703	0.367873
1704	0.367905
1705	0.367946
1706	0.367995
1707	0.368051
1708	0.368109
1709	0.368164
1710	0.368215
1711	0.368257
1712	0.368290
1713	0.368310
1714	0.368310
1715	0.368284
1716	0.368225
1717	0.368128
1718	0.367993
1719	0.367823
1720	0.367628
1721	0.367422
1722	0.367221
1723	0.367044
1724	0.366905
1725	0.366813
1726	0.366769
1727	0.366764
1728	0.366780
1729	0.366798
1730	0.366795
1731	0.366757
1732	0.366677
1733	0.366559
1734	0.366417
1735	0.366273
1736	0.366148
1737	0.366060
1738	0.366017
1739	0.366017
1740	0.366048
1741	0.366092
1742	0.366127
1743	0.366136
1744	0.366109
1745	0.366046
1746	0.365955
1747	0.365852
1748	0.365752
1749	0.365663
1750	0.365588
1751	0.365519
1752	0.365446
1753	0.365360
1754	0.365255
1755	0.365128
1756	0.364984
1757	0.364827
1758	0.364667
1759	0.364508
1760	0.364354
1761	0.364201
1762	0.364037
1763	0.363850
1764	0.363631
1765	0.363380
1766	0.363108
1767	0.362831
1768	0.362570
1769	0.362337
1770	0.362137
1771	0.361965
1772	0.361808
1773	0.361646
1774	0.361460
1775	0.361236
1776	0.360970
1777	0.360671
1778	0.360351
1779	0.360032
1780	0.359732
1781	0.359467
1782	0.359242
1783	0.359058
1784	0.358906
1785	0.358774
1786	0.358649
1787	0.358522
1788	0.358388
1789	0.358249
1790	0.358109
1791	0.357968
1792	0.357828
1793	0.357687
1794	0.357547
1795	0.357407
1796	0.357266
1797	0.357126
1798	0.356985
1799	0.356845
1800	0.356704
1801	0.356564
1802	0.356424
1803	0.356283
1804	0.356143
1805	0.356002
1806	0.355862
1807	0.355721
1808	0.355581
1809	0.355440
1810	0.355300
1811	0.355160
1812	0.355019
1813	0.354879
1814	0.354738
1815	0.354598
1816	0.354457
1817	0.354317
1818	0.354177
1819	0.354036
1820	0.353896
1821	0.353755
1822	0.353615
1823	0.353474
1824	0.353334
1825	0.353194
1826	0.353053
1827	0.352913
1828	0.352772
1829	0.352632
1830	0.352491
1831	0.352351
1832	0.352211
1833	0.352070
1834	0.351930
1835	0.351789
1836	0.351649
1837	0.351508
1838	0.351368
1839	0.351228
1840	0.351087
1841	0.350947
1842	0.350806
1843	0.350666
1844	0.350525
1845	0.350385
1846	0.350245
1847	0.350104
1848	0.349964
1849	0.349823
1850	0.349683
1851	0.349542
1852	0.349402
1853	0.349261
1854	0.349121
1855	0.348981
1856	0.348840
1857	0.348700
1858	0.348559
1859	0.348419
1860	0.348278
1861	0.348138
1862	0.347998
1863	0.347857
1864	0.347717
1865	0.347576
1866	0.347436
1867	0.347295
1868	0.347155
1869	0.347015
1870	0.346874
1871	0.346734
1872	0.346593
1873	0.346453
1874	0.346312
1875	0.346172
1876	0.346032
1877	0.345891
1878	0.345751
1879	0.345610
1880	0.345470
1881	0.345329
1882	0.345189
1883	0.345049
1884	0.344908
1885	0.344768
1886	0.344627
1887	0.344487
1888	0.344346
1889	0.344206
1890	0.344066
1891	0.343925
1892	0.343785
1893	0.343644
1894	0.343504
1895	0.343363
1896	0.343223
1897	0.343083
1898	0.342942
1899	0.342802
1900	0.342661
1901	0.342521
1902	0.342380
1903	0.342240
1904	0.342099
1905	0.341959
1906	0.341819
1907	0.341678
1908	0.341538
1909	0.341397
1910	0.341257
1911	0.341116
1912	0.340976
1913	0.340836
1914	0.340695
1915	0.340555
1916	0.340414
1917	0.340274
1918	0.340133
1919	0.339993
1920	0.339853
1921	0.339712
1922	0.339572
1923	0.339431
1924	0.339291
1925	0.339150
1926	0.339010
1927	0.338870
1928	0.338729
1929	0.338589
1930	0.338448
1931	0.338308
1932	0.338167
1933	0.338027
1934	0.337887
1935	0.337746
1936	0.337606
1937	0.337465
1938	0.337325
1939	0.337184
1940	0.337044
1941	0.336901
1942	0.336753
1943	0.336605
1944	0.336467
1945	0.336345
1946	0.336238
1947	0.336139
1948	0.336037
1949	0.335924
1950	0.335792
1951	0.335640
1952	0.335464
1953	0.335265
1954	0.335045
1955	0.334813
1956	0.334581
1957	0.334364
1958	0.334174
1959	0.334011
1960	0.333871
1961	0.333750
1962	0.333648
1963	0.333564
1964	0.333500
1965	0.333455
1966	0.333429
1967	0.333422
1968	0.333435
1969	0.333468
1970	0.333520
1971	0.333591
1972	0.333682
1973	0.333794
1974	0.333925
1975	0.334076
1976	0.334247
1977	0.334438
1978	0.334650
1979	0.334882
1980	0.335134
1981	0.335407
1982	0.335701
1983	0.336015
1984	0.336350
1985	0.336706
1986	0.337083
1987	0.337480
1988	0.337899
1989	0.338339
1990	0.338801
1991	0.339283
1992	0.339788
1993	0.340313
1994	0.340861
1995	0.341430
1996	0.342020
1997	0.342633
1998	0.343268
1999	0.343924
2000	0.344603
2001	0.345304
2002	0.346015
2003	0.346711
2004	0.347406
2005	0.348154
2006	0.349020
2007	0.350052
2008	0.351263
2009	0.352622
2010	0.354063
2011	0.355492
2012	0.356807
2013	0.357904
2014	0.358694
2015	0.359123
2016	0.359187
2017	0.358947
2018	0.358520
2019	0.358054
2020	0.357673
2021	0.357444
2022	0.357407
2023	0.357572
2024	0.357919
2025	0.358406
2026	0.358972
2027	0.359561
2028	0.360125
2029	0.360631
2030	0.361065
2031	0.361426
2032	0.361723
2033	0.361975
2034	0.362199
2035	0.362416
2036	0.362643
2037	0.362889
2038	0.363156
2039	0.363440
2040	0.363736
2041	0.364040
2042	0.364354
2043	0.364683
2044	0.365030
2045	0.365390
2046	0.365751
2047	0.366092
2048	0.366390
2049	0.366624
2050	0.366784
2051	0.366871
2052	0.366899
2053	0.366893
2054	0.366892
2055	0.366947
2056	0.367096
2057	0.367362
2058	0.367745
2059	0.368228
2060	0.368781
2061	0.369370
2062	0.369964
2063	0.370532
2064	0.371057
2065	0.371527
2066	0.371942
2067	0.372312
2068	0.372651
2069	0.372975
2070	0.373290
2071	0.373591
2072	0.373877
2073	0.374150
2074	0.374410
2075	0.374658
2076	0.374896
2077	0.375124
2078	0.375343
2079	0.375555
2080	0.375760
2081	0.375960
2082	0.376154
2083	0.376344
2084	0.376530
2085	0.376713
2086	0.376894
2087	0.377073
2088	0.377252
2089	0.377429
2090	0.377607
2091	0.377785
2092	0.377965
2093	0.378145
2094	0.378327
2095	0.378511
2096	0.378698
2097	0.378887
2098	0.379078
2099	0.379273
2100	0.379470
2101	0.379671
2102	0.379875
2103	0.380082
2104	0.380292
2105	0.380505
2106	0.380721
2107	0.380940
2108	0.381162
2109	0.381387
2110	0.381613
2111	0.381842
2112	0.382072
2113	0.382303
2114	0.382535
2115	0.382768
2116	0.383001
2117	0.383233
2118	0.383464
2119	0.383694
2120	0.383921
2121	0.384145
2122	0.384365
2123	0.384582
2124	0.384793
2125	0.384998
2126	0.385196
2127	0.385386
2128	0.385568
2129	0.385740
2130	0.385902
2131	0.386052
2132	0.386189
2133	0.386312
2134	0.386420
2135	0.386513
2136	0.386587
2137	0.386644
2138	0.386680
2139	0.386695
2140	0.386687
2141	0.386655
2142	0.386597
2143	0.386512
2144	0.386399
2145	0.386256
2146	0.386081
2147	0.385872
2148	0.385629
2149	0.385348
2150	0.385029
2151	0.384670
2152	0.384246
2153	0.383710
2154	0.383090
2155	0.382472
2156	0.381948
2157	0.381578
2158	0.381375
2159	0.381319
2160	0.381368
2161	0.381476
2162	0.381598
2163	0.381676
2164	0.381644
2165	0.381444
2166	0.381048
2167	0.380477
2168	0.379804
2169	0.379115
2170	0.378453
2171	0.377789
2172	0.377105
2173	0.376405
2174	0.375690
2175	0.374965
2176	0.374231
2177	0.373490
2178	0.372747
2179	0.372002
2180	0.371258
2181	0.370517
2182	0.369782
2183	0.369054
2184	0.368335
2185	0.367627
2186	0.366933
2187	0.366252
2188	0.365588
2189	0.364942
2190	0.364314
2191	0.363707
2192	0.363121
2193	0.362558
2194	0.362019
2195	0.361504
2196	0.361015
2197	0.360552
2198	0.360116
2199	0.359708
2200	0.359328
2201	0.358977
2202	0.358654
2203	0.358361
2204	0.358097
2205	0.357863
2206	0.357658
2207	0.357482
2208	0.357336
2209	0.357219
2210	0.357130
2211	0.357069
2212	0.357036
2213	0.357030
2214	0.357050
2215	0.357096
2216	0.357167
2217	0.357261
2218	0.357378
2219	0.357516
2220	0.357675
2221	0.357852
2222	0.358048
2223	0.358259
2224	0.358485
2225	0.358723
2226	0.358973
2227	0.359232
2228	0.359498
2229	0.359769
2230	0.360044
2231	0.360320
2232	0.360594
2233	0.360865
2234	0.361130
2235	0.361386
2236	0.361631
2237	0.361862
2238	0.362076
2239	0.362271
2240	0.362443
2241	0.362589
2242	0.362707
2243	0.362792
2244	0.362842
2245	0.362853
2246	0.362822
2247	0.362745
2248	0.362619
2249	0.362439
2250	0.362202
2251	0.361904
2252	0.361510
2253	0.360958
2254	0.360275
2255	0.359570
2256	0.358964
2257	0.358541
2258	0.358336
2259	0.358336
2260	0.358508
2261	0.358807
2262	0.359191
2263	0.359597
2264	0.359945
2265	0.360159
2266	0.360200
2267	0.360085
2268	0.359894
2269	0.359733
2270	0.359651
2271	0.359607
2272	0.359574
2273	0.359552
2274	0.359540
2275	0.359536
2276	0.359542
2277	0.359555
2278	0.359575
2279	0.359602
2280	0.359635
2281	0.359673
2282	0.359716
2283	0.359763
2284	0.359813
2285	0.359867
2286	0.359923
2287	0.359981
2288	0.360041
2289	0.360101
2290	0.360162
2291	0.360223
2292	0.360284
2293	0.360344
2294	0.360402
2295	0.360459
2296	0.360514
2297	0.360566
2298	0.360616
2299	0.360662
2300	0.360705
2301	0.360744
2302	0.360778
2303	0.360809
2304	0.360834
2305	0.360855
2306	0.360870
2307	0.360880
2308	0.360884
2309	0.360883
2310	0.360875
2311	0.360861
2312	0.360840
2313	0.360813
2314	0.360779
2315	0.360738
2316	0.360690
2317	0.360635
2318	0.360573
2319	0.360503
2320	0.360427
2321	0.360343
2322	0.360251
2323	0.360153
2324	0.360046
2325	0.359933
2326	0.359812
2327	0.359684
2328	0.359549
2329	0.359406
2330	0.359257
2331	0.359100
2332	0.358937
2333	0.358767
2334	0.358590
2335	0.358407
2336	0.358218
2337	0.358023
2338	0.357821
2339	0.357615
2340	0.357402
2341	0.357185
2342	0.356963
2343	0.356736
2344	0.356505
2345	0.356269
2346	0.356030
2347	0.355788
2348	0.355542
2349	0.355294
2350	0.355043
2351	0.354791
2352	0.354538
2353	0.354287
2354	0.354037
2355	0.353786
2356	0.353530
2357	0.353266
2358	0.352991
2359	0.352706
2360	0.352409
2361	0.352103
2362	0.351787
2363	0.351463
2364	0.351135
2365	0.350805
2366	0.350474
2367	0.350144
2368	0.349811
2369	0.349475
2370	0.349131
2371	0.348782
2372	0.348429
2373	0.348070
2374	0.347707
2375	0.347339
2376	0.346967
2377	0.346589
2378	0.346207
2379	0.345820
2380	0.345429
2381	0.345033
2382	0.344632
2383	0.344226
2384	0.343815
2385	0.343400
2386	0.342980
2387	0.342555
2388	0.342126
2389	0.341692
2390	0.341253
2391	0.340809
2392	0.340361
2393	0.339908
2394	0.339450
2395	0.338987
2396	0.338520
2397	0.338048
2398	0.337571
2399	0.337089
2400	0.336603
2401	0.336112
2402	0.335616
2403	0.335115
2404	0.334610
2405	0.334100
2406	0.333585
2407	0.333066
2408	0.332541
2409	0.332012
2410	0.331479
2411	0.330940
2412	0.330397
2413	0.329849
2414	0.329296
2415	0.328739
2416	0.328177
2417	0.327610
2418	0.327038
2419	0.326462
2420	0.325881
2421	0.325295
2422	0.324704
2423	0.324109
2424	0.323509
2425	0.322904
2426	0.322294
2427	0.321680
2428	0.321061
2429	0.320437
2430	0.319809
2431	0.319175
2432	0.318537
2433	0.317895
2434	0.317247
2435	0.316595
2436	0.315938
2437	0.315276
2438	0.314610
2439	0.313939
2440	0.313263
2441	0.312582
2442	0.311897
2443	0.311206
2444	0.310512
2445	0.309812
2446	0.309108
2447	0.308398
2448	0.307685
2449	0.306966
2450	0.306243
2451	0.305515
2452	0.304782
2453	0.304044
2454	0.303302
2455	0.302555
2456	0.301803
2457	0.301047
2458	0.300285
2459	0.299520
2460	0.298749
2461	0.297973
2462	0.297193
2463	0.296408
2464	0.295619
2465	0.294824
2466	0.294025
2467	0.293221
2468	0.292412
2469	0.291599
2470	0.290781
2471	0.289958
2472	0.289130
2473	0.288298
2474	0.287461
2475	0.286619
2476	0.285773
2477	0.284921
2478	0.284065
2479	0.283205
2480	0.282339
2481	0.281469
2482	0.280594
2483	0.279714
2484	0.278830
2485	0.277940
2486	0.277046
2487	0.276148
2488	0.275244
2489	0.274336
2490	0.273423
2491	0.272506
2492	0.271583
2493	0.270656
2494	0.269724
2495	0.268788
2496	0.267846
2497	0.266900
2498	0.265949
2499	0.264994
2500	0.264033
