350	0.029534
351	0.029546
352	0.029556
353	0.029564
354	0.029572
355	0.029579
356	0.029586
357	0.029592
358	0.029598
359	0.029601
360	0.029600
361	0.029606
362	0.029622
363	0.029650
364	0.029691
365	0.029742
366	0.029800
367	0.029863
368	0.029927
369	0.029990
370	0.030051
371	0.030108
372	0.030162
373	0.030213
374	0.030262
375	0.030312
376	0.030366
377	0.030424
378	0.030489
379	0.030561
380	0.030640
381	0.030726
382	0.030818
383	0.030913
384	0.031007
385	0.031098
386	0.031184
387	0.031265
388	0.031343
389	0.031421
390	0.031501
391	0.031587
392	0.031679
393	0.031776
394	0.031878
395	0.031981
396	0.032080
397	0.032172
398	0.032253
399	0.032323
400	0.032382
401	0.032433
402	0.032481
403	0.032529
404	0.032581
405	0.032642
406	0.032714
407	0.032800
408	0.032900
409	0.033014
410	0.033139
411	0.033274
412	0.033416
413	0.033563
414	0.033712
415	0.033862
416	0.034011
417	0.034158
418	0.034304
419	0.034451
420	0.034599
421	0.034750
422	0.034905
423	0.035066
424	0.035232
425	0.035404
426	0.035581
427	0.035762
428	0.035945
429	0.036129
430	0.036311
431	0.036490
432	0.036664
433	0.036831
434	0.036992
435	0.037146
436	0.037293
437	0.037434
438	0.037571
439	0.037706
440	0.037839
441	0.037970
442	0.038102
443	0.038233
444	0.038365
445	0.038496
446	0.038625
447	0.038753
448	0.038877
449	0.038997
450	0.039112
451	0.039220
452	0.039321
453	0.039412
454	0.039492
455	0.039560
456	0.039614
457	0.039655
458	0.039684
459	0.039700
460	0.039707
461	0.039706
462	0.039700
463	0.039691
464	0.039682
465	0.039673
466	0.039664
467	0.039657
468	0.039650
469	0.039644
470	0.039638
471	0.039632
472	0.039628
473	0.039624
474	0.039622
475	0.039622
476	0.039625
477	0.039630
478	0.039637
479	0.039648
480	0.039662
481	0.039680
482	0.039702
483	0.039729
484	0.039763
485	0.039803
486	0.039849
487	0.039902
488	0.039961
489	0.040028
490	0.040104
491	0.040190
492	0.040289
493	0.040402
494	0.040531
495	0.040680
496	0.040850
497	0.041043
498	0.041262
499	0.041507
500	0.041779
501	0.042081
502	0.042415
503	0.042782
504	0.043184
505	0.043624
506	0.044102
507	0.044623
508	0.045190
509	0.045809
510	0.046484
511	0.047221
512	0.048026
513	0.048901
514	0.049849
515	0.050868
516	0.051954
517	0.053102
518	0.054303
519	0.055548
520	0.056826
521	0.058127
522	0.059442
523	0.060761
524	0.062075
525	0.063376
526	0.064653
527	0.065896
528	0.067097
529	0.068246
530	0.069338
531	0.070366
532	0.071330
533	0.072227
534	0.073059
535	0.073829
536	0.074540
537	0.075197
538	0.075806
539	0.076372
540	0.076900
541	0.077396
542	0.077866
543	0.078315
544	0.078748
545	0.079168
546	0.079576
547	0.079969
548	0.080346
549	0.080700
550	0.081025
551	0.081315
552	0.081560
553	0.081754
554	0.081889
555	0.081957
556	0.081951
557	0.081864
558	0.081690
559	0.081424
560	0.081063
561	0.080606
562	0.080057
563	0.079419
564	0.078701
565	0.077912
566	0.077064
567	0.076171
568	0.075246
569	0.074308
570	0.073373
571	0.072460
572	0.071589
573	0.070777
574	0.070039
575	0.069384
576	0.068812
577	0.068319
578	0.067894
579	0.067522
580	0.067187
581	0.066872
582	0.066565
583	0.066258
584	0.065949
585	0.065640
586	0.065338
587	0.065048
588	0.064781
589	0.064542
590	0.064336
591	0.064167
592	0.064033
593	0.063933
594	0.063861
595	0.063810
596	0.063771
597	0.063734
598	0.063690
599	0.063631
600	0.063551
601	0.063445
602	0.063313
603	0.063153
604	0.062967
605	0.062757
606	0.062524
607	0.062270
608	0.061995
609	0.061703
610	0.061396
611	0.061078
612	0.060754
613	0.060431
614	0.060117
615	0.059819
616	0.059544
617	0.059298
618	0.059086
619	0.058911
620	0.058772
621	0.058671
622	0.058606
623	0.058576
624	0.058578
625	0.058610
626	0.058668
627	0.058748
628	0.058844
629	0.058949
630	0.059055
631	0.059153
632	0.059234
633	0.059288
634	0.059309
635	0.059290
636	0.059227
637	0.059118
638	0.058964
639	0.058767
640	0.058531
641	0.058266
642	0.057979
643	0.057682
644	0.057385
645	0.057100
646	0.056837
647	0.056607
648	0.056415
649	0.056263
650	0.056148
651	0.056064
652	0.056001
653	0.055947
654	0.055891
655	0.055820
656	0.055724
657	0.055598
658	0.055438
659	0.055248
660	0.055034
661	0.054806
662	0.054575
663	0.054353
664	0.054150
665	0.053977
666	0.053841
667	0.053745
668	0.053692
669	0.053680
670	0.053706
671	0.053769
672	0.053863
673	0.053988
674	0.054141
675	0.054323
676	0.054536
677	0.054785
678	0.055081
679	0.055433
680	0.055857
681	0.056368
682	0.056983
683	0.057719
684	0.058594
685	0.059627
686	0.060838
687	0.062251
688	0.063889
689	0.065778
690	0.067946
691	0.070423
692	0.073238
693	0.076415
694	0.079974
695	0.083925
696	0.088267
697	0.092994
698	0.098088
699	0.103528
700	0.109284
701	0.115326
702	0.121629
703	0.128167
704	0.134924
705	0.141885
706	0.149035
707	0.156362
708	0.163851
709	0.171494
710	0.179292
711	0.187249
712	0.195379
713	0.203698
714	0.212222
715	0.220970
716	0.229957
717	0.239185
718	0.248644
719	0.258301
720	0.268114
721	0.278033
722	0.288013
723	0.298018
724	0.308018
725	0.317987
726	0.327902
727	0.337736
728	0.347462
729	0.357051
730	0.366467
731	0.375672
732	0.384624
733	0.393285
734	0.401629
735	0.409639
736	0.417309
737	0.424638
738	0.431625
739	0.438267
740	0.444561
741	0.450503
742	0.456090
743	0.461321
744	0.466198
745	0.470731
746	0.474936
747	0.478832
748	0.482440
749	0.485775
750	0.488846
751	0.491658
752	0.494207
753	0.496491
754	0.498508
755	0.500266
756	0.501783
757	0.503090
758	0.504237
759	0.505279
760	0.506277
761	0.507279
762	0.508318
763	0.509409
764	0.510545
765	0.511709
766	0.512871
767	0.513997
768	0.515056
769	0.516026
770	0.516897
771	0.517672
772	0.518364
773	0.518991
774	0.519569
775	0.520115
776	0.520637
777	0.521141
778	0.521627
779	0.522088
780	0.522518
781	0.522908
782	0.523254
783	0.523558
784	0.523825
785	0.524070
786	0.524307
787	0.524554
788	0.524827
789	0.525137
790	0.525487
791	0.525870
792	0.526274
793	0.526680
794	0.527074
795	0.527445
796	0.527792
797	0.528119
798	0.528441
799	0.528771
800	0.529124
801	0.529509
802	0.529926
803	0.530362
804	0.530789
805	0.531171
806	0.531471
807	0.531655
808	0.531709
809	0.531634
810	0.531453
811	0.531205
812	0.530941
813	0.530715
814	0.530581
815	0.530580
816	0.530733
817	0.531043
818	0.531487
819	0.532028
820	0.532623
821	0.533234
822	0.533827
823	0.534383
824	0.534890
825	0.535348
826	0.535766
827	0.536159
828	0.536549
829	0.536955
830	0.537391
831	0.537864
832	0.538376
833	0.538923
834	0.539500
835	0.540100
836	0.540714
837	0.541332
838	0.541946
839	0.542549
840	0.543135
841	0.543701
842	0.544245
843	0.544764
844	0.545257
845	0.545723
846	0.546161
847	0.546574
848	0.546970
849	0.547354
850	0.547735
851	0.548119
852	0.548509
853	0.548907
854	0.549309
855	0.549712
856	0.550107
857	0.550491
858	0.550859
859	0.551211
860	0.551553
861	0.551890
862	0.552229
863	0.552575
864	0.552931
865	0.553295
866	0.553662
867	0.554027
868	0.554382
869	0.554720
870	0.555037
871	0.555332
872	0.555607
873	0.555863
874	0.556103
875	0.556331
876	0.556547
877	0.556753
878	0.556950
879	0.557141
880	0.557328
881	0.557514
882	0.557702
883	0.557891
884	0.558076
885	0.558244
886	0.558377
887	0.558449
888	0.558435
889	0.558311
890	0.558063
891	0.557694
892	0.557221
893	0.556680
894	0.556121
895	0.555602
896	0.555173
897	0.554876
898	0.554729
899	0.554730
900	0.554852
901	0.555053
902	0.555282
903	0.555488
904	0.555632
905	0.555690
906	0.555653
907	0.555531
908	0.555348
909	0.555144
910	0.554971
911	0.554861
912	0.554828
913	0.554990
914	0.555480
915	0.556333
916	0.557466
917	0.558697
918	0.559813
919	0.560618
920	0.560970
921	0.560787
922	0.560036
923	0.558733
924	0.556964
925	0.554879
926	0.552681
927	0.550578
928	0.548718
929	0.547115
930	0.545668
931	0.544329
932	0.543096
933	0.541963
934	0.540929
935	0.539989
936	0.539140
937	0.538378
938	0.537700
939	0.537103
940	0.536583
941	0.536136
942	0.535758
943	0.535448
944	0.535200
945	0.535011
946	0.534879
947	0.534799
948	0.534767
949	0.534782
950	0.534837
951	0.534932
952	0.535061
953	0.535222
954	0.535410
955	0.535623
956	0.535857
957	0.536108
958	0.536373
959	0.536648
960	0.536930
961	0.537216
962	0.537501
963	0.537782
964	0.538057
965	0.538321
966	0.538570
967	0.538802
968	0.539013
969	0.539199
970	0.539357
971	0.539484
972	0.539575
973	0.539627
974	0.539638
975	0.539602
976	0.539517
977	0.539380
978	0.539187
979	0.538933
980	0.538617
981	0.538234
982	0.537795
983	0.537325
984	0.536796
985	0.536145
986	0.535309
987	0.534252
988	0.532973
989	0.531498
990	0.529869
991	0.528130
992	0.526328
993	0.524513
994	0.522742
995	0.521062
996	0.519496
997	0.518031
998	0.516622
999	0.515215
1000	0.513789
1001	0.512370
1002	0.510977
1003	0.509613
1004	0.508282
1005	0.506987
1006	0.505731
1007	0.504517
1008	0.503348
1009	0.502226
1010	0.501155
1011	0.500135
1012	0.499170
1013	0.498260
1014	0.497408
1015	0.496615
1016	0.495883
1017	0.495212
1018	0.494603
1019	0.494057
1020	0.493576
1021	0.493158
1022	0.492804
1023	0.492515
1024	0.492290
1025	0.492128
1026	0.492030
1027	0.491994
1028	0.492019
1029	0.492105
1030	0.492250
1031	0.492459
1032	0.492737
1033	0.493067
1034	0.493422
1035	0.493788
1036	0.494169
1037	0.494583
1038	0.495053
1039	0.495597
1040	0.496224
1041	0.496935
1042	0.497726
1043	0.498589
1044	0.499508
1045	0.500457
1046	0.501400
1047	0.502298
1048	0.503123
1049	0.503873
1050	0.504568
1051	0.505219
1052	0.505825
1053	0.506390
1054	0.506913
1055	0.507397
1056	0.507842
1057	0.508251
1058	0.508623
1059	0.508961
1060	0.509266
1061	0.509539
1062	0.509781
1063	0.509994
1064	0.510179
1065	0.510337
1066	0.510470
1067	0.510578
1068	0.510664
1069	0.510729
1070	0.510773
1071	0.510798
1072	0.510805
1073	0.510796
1074	0.510773
1075	0.510735
1076	0.510685
1077	0.510624
1078	0.510553
1079	0.510473
1080	0.510386
1081	0.510293
1082	0.510196
1083	0.510095
1084	0.509992
1085	0.509889
1086	0.509786
1087	0.509684
1088	0.509586
1089	0.509492
1090	0.509404
1091	0.509323
1092	0.509258
1093	0.509225
1094	0.509224
1095	0.509230
1096	0.509211
1097	0.509133
1098	0.508973
1099	0.508719
1100	0.508369
1101	0.507930
1102	0.507415
1103	0.506848
1104	0.506256
1105	0.505675
1106	0.505130
1107	0.504630
1108	0.504162
1109	0.503690
1110	0.503179
1111	0.502611
1112	0.501964
1113	0.501217
1114	0.500346
1115	0.499334
1116	0.498166
1117	0.496839
1118	0.495360
1119	0.493751
1120	0.492045
1121	0.490282
1122	0.488509
1123	0.486773
1124	0.485115
1125	0.483568
1126	0.482148
1127	0.480847
1128	0.479635
1129	0.478465
1130	0.477282
1131	0.476036
1132	0.474694
1133	0.473241
1134	0.471688
1135	0.470059
1136	0.468385
1137	0.466691
1138	0.464989
1139	0.463268
1140	0.461499
1141	0.459632
1142	0.457616
1143	0.455409
1144	0.452995
1145	0.450399
1146	0.447679
1147	0.444930
1148	0.442258
1149	0.439771
1150	0.437556
1151	0.435674
1152	0.434147
1153	0.432965
1154	0.432089
1155	0.431460
1156	0.431012
1157	0.430686
1158	0.430435
1159	0.430228
1160	0.430049
1161	0.429892
1162	0.429754
1163	0.429636
1164	0.429537
1165	0.429452
1166	0.429376
1167	0.429299
1168	0.429212
1169	0.429106
1170	0.428977
1171	0.428821
1172	0.428635
1173	0.428417
1174	0.428164
1175	0.427875
1176	0.427550
1177	0.427192
1178	0.426806
1179	0.426399
1180	0.425982
1181	0.425562
1182	0.425152
1183	0.424762
1184	0.424404
1185	0.424088
1186	0.423825
1187	0.423618
1188	0.423470
1189	0.423379
1190	0.423336
1191	0.423331
1192	0.423349
1193	0.423376
1194	0.423400
1195	0.423410
1196	0.423405
1197	0.423392
1198	0.423385
1199	0.423402
1200	0.423461
1201	0.423579
1202	0.423764
1203	0.424018
1204	0.424336
1205	0.424707
1206	0.425119
1207	0.425560
1208	0.426023
1209	0.426505
1210	0.427005
1211	0.427529
1212	0.428082
1213	0.428667
1214	0.429285
1215	0.429932
1216	0.430602
1217	0.431287
1218	0.431976
1219	0.432663
1220	0.433342
1221	0.434013
1222	0.434673
1223	0.435324
1224	0.435967
1225	0.436602
1226	0.437233
1227	0.437861
1228	0.438488
1229	0.439113
1230	0.439738
1231	0.440362
1232	0.440984
1233	0.441604
1234	0.442218
1235	0.442825
1236	0.443419
1237	0.443996
1238	0.444549
1239	0.445077
1240	0.445576
1241	0.446048
1242	0.446493
1243	0.446915
1244	0.447314
1245	0.447695
1246	0.448059
1247	0.448406
1248	0.448735
1249	0.449043
1250	0.449330
1251	0.449594
1252	0.449834
1253	0.450052
1254	0.450251
1255	0.450429
1256	0.450589
1257	0.450727
1258	0.450840
1259	0.450924
1260	0.450973
1261	0.450982
1262	0.450950
1263	0.450878
1264	0.450774
1265	0.450651
1266	0.450525
1267	0.450414
1268	0.450334
1269	0.450298
1270	0.450314
1271	0.450381
1272	0.450490
1273	0.450629
1274	0.450777
1275	0.450914
1276	0.451025
1277	0.451099
1278	0.451130
1279	0.451118
1280	0.451067
1281	0.450978
1282	0.450854
1283	0.450691
1284	0.450485
1285	0.450227
1286	0.449912
1287	0.449536
1288	0.449100
1289	0.448611
1290	0.448079
1291	0.447520
1292	0.446947
1293	0.446369
1294	0.445793
1295	0.445217
1296	0.444635
1297	0.444037
1298	0.443411
1299	0.442746
1300	0.442033
1301	0.441265
1302	0.440439
1303	0.439551
1304	0.438606
1305	0.437612
1306	0.436554
1307	0.435407
1308	0.434156
1309	0.432804
1310	0.431369
1311	0.429879
1312	0.428361
1313	0.426837
1314	0.425321
1315	0.423824
1316	0.422354
1317	0.420909
1318	0.419473
1319	0.418020
1320	0.416515
1321	0.414932
1322	0.413266
1323	0.411533
1324	0.409743
1325	0.407898
1326	0.405997
1327	0.404043
1328	0.402038
1329	0.399981
1330	0.397875
1331	0.395720
1332	0.393518
1333	0.391271
1334	0.388978
1335	0.386643
1336	0.384266
1337	0.381847
1338	0.379390
1339	0.376894
1340	0.374361
1341	0.371792
1342	0.369189
1343	0.366553
1344	0.363885
1345	0.361186
1346	0.358457
1347	0.355701
1348	0.352917
1349	0.350108
1350	0.347275
1351	0.344418
1352	0.341540
1353	0.338641
1354	0.335723
1355	0.332787
1356	0.329833
1357	0.326865
1358	0.323882
1359	0.320886
1360	0.317878
1361	0.314860
1362	0.311832
1363	0.308797
1364	0.305755
1365	0.302704
1366	0.299641
1367	0.296570
1368	0.293505
1369	0.290458
1370	0.287439
1371	0.284450
1372	0.281489
1373	0.278552
1374	0.275630
1375	0.272719
1376	0.269810
1377	0.266894
1378	0.263961
1379	0.261008
1380	0.258037
1381	0.255056
1382	0.252078
1383	0.249106
1384	0.246136
1385	0.243167
1386	0.240198
1387	0.237229
1388	0.234259
1389	0.231290
1390	0.228321
1391	0.225330
1392	0.222286
1393	0.219235
1394	0.216266
1395	0.213443
1396	0.210772
1397	0.208205
1398	0.205669
1399	0.203084
1400	0.200391
1401	0.197548
1402	0.194519
1403	0.191277
1404	0.187824
1405	0.184197
1406	0.180483
1407	0.176794
1408	0.173229
1409	0.169816
1410	0.166502
1411	0.163263
1412	0.160098
1413	0.157009
1414	0.153996
1415	0.151061
1416	0.148204
1417	0.145425
1418	0.142727
1419	0.140108
1420	0.137571
1421	0.135116
1422	0.132744
1423	0.130455
1424	0.128251
1425	0.126132
1426	0.124098
1427	0.122152
1428	0.120293
1429	0.118523
1430	0.116841
1431	0.115250
1432	0.113749
1433	0.112340
1434	0.111024
1435	0.109800
1436	0.108670
1437	0.107635
1438	0.106695
1439	0.105852
1440	0.105106
1441	0.104457
1442	0.103908
1443	0.103457
1444	0.103107
1445	0.102858
1446	0.102711
1447	0.102667
1448	0.102725
1449	0.102888
1450	0.103156
1451	0.103530
1452	0.104045
1453	0.104771
1454	0.105679
1455	0.106644
1456	0.107513
1457	0.108169
1458	0.108545
1459	0.108631
1460	0.108461
1461	0.108090
1462	0.107591
1463	0.107067
1464	0.106640
1465	0.106424
1466	0.106493
1467	0.106848
1468	0.107405
1469	0.108037
1470	0.108663
1471	0.109302
1472	0.109962
1473	0.110633
1474	0.111315
1475	0.112013
1476	0.112735
1477	0.113485
1478	0.114266
1479	0.115080
1480	0.115926
1481	0.116804
1482	0.117714
1483	0.118654
1484	0.119620
1485	0.120610
1486	0.121620
1487	0.122649
1488	0.123696
1489	0.124761
1490	0.125840
1491	0.126931
1492	0.128025
1493	0.129113
1494	0.130188
1495	0.131244
1496	0.132282
1497	0.133306
1498	0.134325
1499	0.135350
1500	0.136387
1501	0.137445
1502	0.138524
1503	0.139623
1504	0.140734
1505	0.141849
1506	0.142956
1507	0.144048
1508	0.145121
1509	0.146178
1510	0.147227
1511	0.148278
1512	0.149342
1513	0.150425
1514	0.151533
1515	0.152664
1516	0.153815
1517	0.154979
1518	0.156149
1519	0.157315
1520	0.158473
1521	0.159616
1522	0.160743
1523	0.161852
1524	0.162944
1525	0.164019
1526	0.165081
1527	0.166132
1528	0.167173
1529	0.168208
1530	0.169239
1531	0.170270
1532	0.171306
1533	0.172348
1534	0.173398
1535	0.174454
1536	0.175512
1537	0.176570
1538	0.177626
1539	0.178679
1540	0.179727
1541	0.180770
1542	0.181805
1543	0.182830
1544	0.183845
1545	0.184849
1546	0.185841
1547	0.186821
1548	0.187789
1549	0.188746
1550	0.189697
1551	0.190643
1552	0.191590
1553	0.192540
1554	0.193493
1555	0.194444
1556	0.195390
1557	0.196322
1558	0.197236
1559	0.198129
1560	0.199001
1561	0.199851
1562	0.200683
1563	0.201502
1564	0.202313
1565	0.203123
1566	0.203940
1567	0.204769
1568	0.205614
1569	0.206474
1570	0.207348
1571	0.208232
1572	0.209120
1573	0.210009
1574	0.210891
1575	0.211763
1576	0.212622
1577	0.213467
1578	0.214302
1579	0.215134
1580	0.215969
1581	0.216812
1582	0.217665
1583	0.218528
1584	0.219395
1585	0.220259
1586	0.221113
1587	0.221948
1588	0.222756
1589	0.223528
1590	0.224262
1591	0.224957
1592	0.225614
1593	0.226240
1594	0.226845
1595	0.227440
1596	0.228035
1597	0.228642
1598	0.229269
1599	0.229921
1600	0.230601
1601	0.231307
1602	0.232037
1603	0.232784
1604	0.233541
1605	0.234304
1606	0.235065
1607	0.235820
1608	0.236565
1609	0.237296
1610	0.238009
1611	0.238699
1612	0.239366
1613	0.240008
1614	0.240627
1615	0.241227
1616	0.241811
1617	0.242380
1618	0.242938
1619	0.243481
1620	0.244008
1621	0.244516
1622	0.245001
1623	0.245464
1624	0.245908
1625	0.246337
1626	0.246760
1627	0.247182
1628	0.247613
1629	0.248058
1630	0.248521
1631	0.248998
1632	0.249486
1633	0.249978
1634	0.250467
1635	0.250947
1636	0.251415
1637	0.251869
1638	0.252306
1639	0.252726
1640	0.253128
1641	0.253517
1642	0.253896
1643	0.254267
1644	0.254633
1645	0.254993
1646	0.255343
1647	0.255681
1648	0.256000
1649	0.256292
1650	0.256548
1651	0.256761
1652	0.256927
1653	0.257048
1654	0.257130
1655	0.257183
1656	0.257217
1657	0.257243
1658	0.257263
1659	0.257281
1660	0.257295
1661	0.257302
1662	0.257297
1663	0.257278
1664	0.257243
1665	0.257193
1666	0.257130
1667	0.257056
1668	0.256970
1669	0.256868
1670	0.256745
1671	0.256594
1672	0.256413
1673	0.256198
1674	0.255953
1675	0.255684
1676	0.255396
1677	0.255099
1678	0.254797
1679	0.254490
1680	0.254173
1681	0.253836
1682	0.253469
1683	0.253061
1684	0.252603
1685	0.252093
1686	0.251532
1687	0.250929
1688	0.250295
1689	0.249642
1690	0.248985
1691	0.248336
1692	0.247703
1693	0.247091
1694	0.246499
1695	0.245923
1696	0.245356
1697	0.244793
1698	0.244226
1699	0.243655
1700	0.243080
1701	0.242505
1702	0.241933
1703	0.241370
1704	0.240815
1705	0.240270
1706	0.239734
1707	0.239204
1708	0.238678
1709	0.238152
1710	0.237624
1711	0.237093
1712	0.236561
1713	0.236030
1714	0.235507
1715	0.234996
1716	0.234498
1717	0.234011
1718	0.233533
1719	0.233061
1720	0.232592
1721	0.232125
1722	0.231660
1723	0.231198
1724	0.230738
1725	0.230284
1726	0.229842
1727	0.229419
1728	0.229020
1729	0.228650
1730	0.228307
1731	0.227982
1732	0.227662
1733	0.227330
1734	0.226970
1735	0.226569
1736	0.226121
1737	0.225624
1738	0.225083
1739	0.224515
1740	0.223937
1741	0.223372
1742	0.222837
1743	0.222339
1744	0.221873
1745	0.221424
1746	0.220970
1747	0.220489
1748	0.219962
1749	0.219379
1750	0.218737
1751	0.218047
1752	0.217322
1753	0.216584
1754	0.215851
1755	0.215136
1756	0.214444
1757	0.213771
1758	0.213106
1759	0.212441
1760	0.211771
1761	0.211097
1762	0.210433
1763	0.209793
1764	0.209197
1765	0.208658
1766	0.208185
1767	0.207776
1768	0.207421
1769	0.207103
1770	0.206803
1771	0.206504
1772	0.206197
1773	0.205884
1774	0.205566
1775	0.205242
1776	0.204903
1777	0.204536
1778	0.204127
1779	0.203664
1780	0.203137
1781	0.202541
1782	0.201877
1783	0.201150
1784	0.200377
1785	0.199577
1786	0.198768
1787	0.197964
1788	0.197172
1789	0.196388
1790	0.195605
1791	0.194823
1792	0.194041
1793	0.193258
1794	0.192476
1795	0.191694
1796	0.190911
1797	0.190129
1798	0.189347
1799	0.188564
1800	0.187782
1801	0.186999
1802	0.186217
1803	0.185435
1804	0.184652
1805	0.183870
1806	0.183088
1807	0.182305
1808	0.181523
1809	0.180741
1810	0.179958
1811	0.179176
1812	0.178394
1813	0.177611
1814	0.176829
1815	0.176046
1816	0.175264
1817	0.174482
1818	0.173699
1819	0.172917
1820	0.172135
1821	0.171352
1822	0.170570
1823	0.169788
1824	0.169005
1825	0.168223
1826	0.167441
1827	0.166658
1828	0.165876
1829	0.165093
1830	0.164311
1831	0.163529
1832	0.162746
1833	0.161964
1834	0.161182
1835	0.160399
1836	0.159617
1837	0.158835
1838	0.158052
1839	0.157270
1840	0.156488
1841	0.155705
1842	0.154923
1843	0.154140
1844	0.153358
1845	0.152576
1846	0.151793
1847	0.151011
1848	0.150229
1849	0.149446
1850	0.148664
1851	0.147882
1852	0.147099
1853	0.146317
1854	0.145535
1855	0.144752
1856	0.143970
1857	0.143187
1858	0.142405
1859	0.141623
1860	0.140840
1861	0.140058
1862	0.139276
1863	0.138493
1864	0.137711
1865	0.136929
1866	0.136146
1867	0.135364
1868	0.134582
1869	0.133799
1870	0.133017
1871	0.132234
1872	0.131452
1873	0.130670
1874	0.129887
1875	0.129105
1876	0.128323
1877	0.127540
1878	0.126758
1879	0.125976
1880	0.125193
1881	0.124411
1882	0.123628
1883	0.122846
1884	0.122064
1885	0.121281
1886	0.120499
1887	0.119717
1888	0.118934
1889	0.118152
1890	0.117370
1891	0.116587
1892	0.115805
1893	0.115023
1894	0.114240
1895	0.113458
1896	0.112675
1897	0.111893
1898	0.111111
1899	0.110328
1900	0.109546
1901	0.108764
1902	0.107981
1903	0.107199
1904	0.106417
1905	0.105634
1906	0.104852
1907	0.104070
1908	0.103287
1909	0.102505
1910	0.101722
1911	0.100940
1912	0.100158
1913	0.099375
1914	0.098593
1915	0.097811
1916	0.097028
1917	0.096246
1918	0.095464
1919	0.094681
1920	0.093899
1921	0.093117
1922	0.092334
1923	0.091552
1924	0.090769
1925	0.089987
1926	0.089205
1927	0.088422
1928	0.087640
1929	0.086858
1930	0.086075
1931	0.085293
1932	0.084511
1933	0.083728
1934	0.082946
1935	0.082164
1936	0.081381
1937	0.080599
1938	0.079816
1939	0.079034
1940	0.078252
1941	0.077461
1942	0.076648
1943	0.075834
1944	0.075057
1945	0.074340
1946	0.073682
1947	0.073058
1948	0.072436
1949	0.071782
1950	0.071073
1951	0.070294
1952	0.069434
1953	0.068489
1954	0.067464
1955	0.066383
1956	0.065285
1957	0.064222
1958	0.063235
1959	0.062332
1960	0.061490
1961	0.060696
1962	0.059951
1963	0.059253
1964	0.058603
1965	0.057999
1966	0.057442
1967	0.056931
1968	0.056465
1969	0.056045
1970	0.055669
1971	0.055338
1972	0.055051
1973	0.054807
1974	0.054606
1975	0.054448
1976	0.054332
1977	0.054257
1978	0.054224
1979	0.054232
1980	0.054280
1981	0.054369
1982	0.054497
1983	0.054664
1984	0.054870
1985	0.055114
1986	0.055396
1987	0.055716
1988	0.056073
1989	0.056466
1990	0.056896
1991	0.057361
1992	0.057862
1993	0.058397
1994	0.058967
1995	0.059572
1996	0.060209
1997	0.060881
1998	0.061584
1999	0.062321
2000	0.063089
2001	0.063889
2002	0.064743
2003	0.065704
2004	0.066758
2005	0.067819
2006	0.068767
2007	0.069490
2008	0.069914
2009	0.070011
2010	0.069804
2011	0.069355
2012	0.068755
2013	0.068128
2014	0.067607
2015	0.067320
2016	0.067352
2017	0.067718
2018	0.068347
2019	0.069110
2020	0.069877
2021	0.070580
2022	0.071160
2023	0.071566
2024	0.071782
2025	0.071821
2026	0.071720
2027	0.071533
2028	0.071324
2029	0.071165
2030	0.071126
2031	0.071257
2032	0.071579
2033	0.072075
2034	0.072691
2035	0.073350
2036	0.073969
2037	0.074470
2038	0.074796
2039	0.074919
2040	0.074848
2041	0.074629
2042	0.074340
2043	0.074078
2044	0.073933
2045	0.073978
2046	0.074249
2047	0.074739
2048	0.075406
2049	0.076179
2050	0.076972
2051	0.077700
2052	0.078290
2053	0.078698
2054	0.078920
2055	0.078994
2056	0.078983
2057	0.078954
2058	0.078968
2059	0.079063
2060	0.079260
2061	0.079557
2062	0.079935
2063	0.080366
2064	0.080819
2065	0.081267
2066	0.081693
2067	0.082094
2068	0.082478
2069	0.082858
2070	0.083240
2071	0.083623
2072	0.084005
2073	0.084385
2074	0.084764
2075	0.085142
2076	0.085518
2077	0.085894
2078	0.086269
2079	0.086643
2080	0.087017
2081	0.087390
2082	0.087762
2083	0.088134
2084	0.088506
2085	0.088878
2086	0.089249
2087	0.089621
2088	0.089992
2089	0.090363
2090	0.090735
2091	0.091106
2092	0.091477
2093	0.091849
2094	0.092221
2095	0.092593
2096	0.092965
2097	0.093338
2098	0.093710
2099	0.094083
2100	0.094456
2101	0.094829
2102	0.095203
2103	0.095576
2104	0.095950
2105	0.096324
2106	0.096698
2107	0.097072
2108	0.097446
2109	0.097820
2110	0.098194
2111	0.098568
2112	0.098941
2113	0.099314
2114	0.099687
2115	0.100059
2116	0.100431
2117	0.100802
2118	0.101172
2119	0.101542
2120	0.101911
2121	0.102278
2122	0.102645
2123	0.103010
2124	0.103374
2125	0.103736
2126	0.104097
2127	0.104455
2128	0.104812
2129	0.105167
2130	0.105520
2131	0.105870
2132	0.106217
2133	0.106562
2134	0.106904
2135	0.107243
2136	0.107578
2137	0.107910
2138	0.108239
2139	0.108563
2140	0.108884
2141	0.109200
2142	0.109512
2143	0.109819
2144	0.110121
2145	0.110418
2146	0.110710
2147	0.110996
2148	0.111276
2149	0.111550
2150	0.111817
2151	0.112078
2152	0.112341
2153	0.112620
2154	0.112900
2155	0.113145
2156	0.113322
2157	0.113421
2158	0.113447
2159	0.113424
2160	0.113378
2161	0.113333
2162	0.113311
2163	0.113334
2164	0.113423
2165	0.113594
2166	0.113844
2167	0.114154
2168	0.114488
2169	0.114807
2170	0.115100
2171	0.115381
2172	0.115661
2173	0.115939
2174	0.116214
2175	0.116487
2176	0.116758
2177	0.117025
2178	0.117289
2179	0.117549
2180	0.117806
2181	0.118059
2182	0.118307
2183	0.118551
2184	0.118790
2185	0.119024
2186	0.119253
2187	0.119477
2188	0.119695
2189	0.119907
2190	0.120112
2191	0.120312
2192	0.120505
2193	0.120691
2194	0.120870
2195	0.121042
2196	0.121206
2197	0.121363
2198	0.121512
2199	0.121652
2200	0.121785
2201	0.121908
2202	0.122023
2203	0.122129
2204	0.122226
2205	0.122314
2206	0.122392
2207	0.122460
2208	0.122518
2209	0.122566
2210	0.122604
2211	0.122631
2212	0.122648
2213	0.122653
2214	0.122648
2215	0.122631
2216	0.122602
2217	0.122562
2218	0.122510
2219	0.122446
2220	0.122370
2221	0.122281
2222	0.122180
2223	0.122066
2224	0.121939
2225	0.121799
2226	0.121645
2227	0.121478
2228	0.121298
2229	0.121104
2230	0.120896
2231	0.120674
2232	0.120437
2233	0.120186
2234	0.119921
2235	0.119641
2236	0.119346
2237	0.119036
2238	0.118711
2239	0.118370
2240	0.118014
2241	0.117643
2242	0.117255
2243	0.116852
2244	0.116433
2245	0.115997
2246	0.115545
2247	0.115077
2248	0.114592
2249	0.114091
2250	0.113572
2251	0.113037
2252	0.112438
2253	0.111699
2254	0.110916
2255	0.110281
2256	0.109942
2257	0.109932
2258	0.110174
2259	0.110531
2260	0.110856
2261	0.111032
2262	0.110978
2263	0.110616
2264	0.109880
2265	0.108751
2266	0.107288
2267	0.105649
2268	0.104055
2269	0.102703
2270	0.101646
2271	0.100766
2272	0.100000
2273	0.099341
2274	0.098781
2275	0.098312
2276	0.097929
2277	0.097624
2278	0.097390
2279	0.097222
2280	0.097113
2281	0.097057
2282	0.097048
2283	0.097080
2284	0.097149
2285	0.097249
2286	0.097375
2287	0.097522
2288	0.097686
2289	0.097862
2290	0.098046
2291	0.098233
2292	0.098421
2293	0.098605
2294	0.098783
2295	0.098950
2296	0.099103
2297	0.099241
2298	0.099359
2299	0.099457
2300	0.099531
2301	0.099579
2302	0.099600
2303	0.099592
2304	0.099553
2305	0.099482
2306	0.099378
2307	0.099240
2308	0.099068
2309	0.098861
2310	0.098618
2311	0.098340
2312	0.098026
2313	0.097678
2314	0.097295
2315	0.096878
2316	0.096428
2317	0.095946
2318	0.095433
2319	0.094891
2320	0.094321
2321	0.093726
2322	0.093108
2323	0.092467
2324	0.091808
2325	0.091133
2326	0.090444
2327	0.089745
2328	0.089039
2329	0.088329
2330	0.087619
2331	0.086912
2332	0.086213
2333	0.085527
2334	0.084857
2335	0.084207
2336	0.083584
2337	0.082991
2338	0.082434
2339	0.081919
2340	0.081451
2341	0.081035
2342	0.080679
2343	0.080387
2344	0.080166
2345	0.080024
2346	0.079966
2347	0.080000
2348	0.080132
2349	0.080371
2350	0.080724
2351	0.081197
2352	0.081822
2353	0.082652
2354	0.083678
2355	0.084835
2356	0.086035
2357	0.087208
2358	0.088311
2359	0.089332
2360	0.090276
2361	0.091160
2362	0.092004
2363	0.092847
2364	0.093748
2365	0.094766
2366	0.095947
2367	0.097295
2368	0.098767
2369	0.100298
2370	0.101848
2371	0.103441
2372	0.105092
2373	0.106803
2374	0.108572
2375	0.110399
2376	0.112285
2377	0.114230
2378	0.116234
2379	0.118296
2380	0.120417
2381	0.122596
2382	0.124834
2383	0.127131
2384	0.129487
2385	0.131901
2386	0.134373
2387	0.136905
2388	0.139495
2389	0.142143
2390	0.144851
2391	0.147617
2392	0.150441
2393	0.153324
2394	0.156266
2395	0.159267
2396	0.162326
2397	0.165444
2398	0.168620
2399	0.171856
2400	0.175149
2401	0.178502
2402	0.181913
2403	0.185383
2404	0.188911
2405	0.192498
2406	0.196144
2407	0.199848
2408	0.203611
2409	0.207433
2410	0.211313
2411	0.215252
2412	0.219250
2413	0.223306
2414	0.227421
2415	0.231594
2416	0.235826
2417	0.240117
2418	0.244467
2419	0.248875
2420	0.253341
2421	0.257867
2422	0.262451
2423	0.267094
2424	0.271795
2425	0.276555
2426	0.281374
2427	0.286251
2428	0.291187
2429	0.296182
2430	0.301235
2431	0.306347
2432	0.311517
2433	0.316746
2434	0.322034
2435	0.327381
2436	0.332786
2437	0.338250
2438	0.343772
2439	0.349353
2440	0.354993
2441	0.360691
2442	0.366448
2443	0.372264
2444	0.378138
2445	0.384071
2446	0.390063
2447	0.396113
2448	0.402222
2449	0.408390
2450	0.414616
2451	0.420901
2452	0.427244
2453	0.433647
2454	0.440107
2455	0.446627
2456	0.453205
2457	0.459842
2458	0.466537
2459	0.473291
2460	0.480104
2461	0.486975
2462	0.493905
2463	0.500894
2464	0.507941
2465	0.515047
2466	0.522212
2467	0.529435
2468	0.536717
2469	0.544058
2470	0.551457
2471	0.558915
2472	0.566431
2473	0.574006
2474	0.581640
2475	0.589333
2476	0.597084
2477	0.604893
2478	0.612762
2479	0.620689
2480	0.628674
2481	0.636719
2482	0.644822
2483	0.652983
2484	0.661204
2485	0.669483
2486	0.677820
2487	0.686216
2488	0.694671
2489	0.703185
2490	0.711757
2491	0.720388
2492	0.729077
2493	0.737825
2494	0.746632
2495	0.755498
2496	0.764422
2497	0.773404
2498	0.782446
2499	0.791546
2500	0.800704
