350	0.039020
351	0.039251
352	0.039478
353	0.039700
354	0.039917
355	0.040130
356	0.040338
357	0.040543
358	0.040745
359	0.040942
360	0.041128
361	0.041313
362	0.041502
363	0.041689
364	0.041869
365	0.042049
366	0.042232
367	0.042422
368	0.042629
369	0.042861
370	0.043116
371	0.043386
372	0.043666
373	0.043963
374	0.044283
375	0.044616
376	0.044948
377	0.045272
378	0.045596
379	0.045927
380	0.046272
381	0.046633
382	0.047005
383	0.047381
384	0.047755
385	0.048127
386	0.048508
387	0.048907
388	0.049321
389	0.049743
390	0.050171
391	0.050608
392	0.051052
393	0.051493
394	0.051920
395	0.052322
396	0.052696
397	0.053044
398	0.053373
399	0.053688
400	0.053990
401	0.054286
402	0.054585
403	0.054895
404	0.055221
405	0.055560
406	0.055906
407	0.056254
408	0.056605
409	0.056961
410	0.057320
411	0.057680
412	0.058041
413	0.058402
414	0.058765
415	0.059133
416	0.059505
417	0.059873
418	0.060230
419	0.060576
420	0.060922
421	0.061276
422	0.061648
423	0.062041
424	0.062457
425	0.062893
426	0.063347
427	0.063815
428	0.064293
429	0.064778
430	0.065264
431	0.065743
432	0.066209
433	0.066663
434	0.067115
435	0.067571
436	0.068032
437	0.068493
438	0.068951
439	0.069405
440	0.069857
441	0.070310
442	0.070763
443	0.071211
444	0.071648
445	0.072072
446	0.072485
447	0.072892
448	0.073297
449	0.073701
450	0.074100
451	0.074492
452	0.074876
453	0.075255
454	0.075629
455	0.075996
456	0.076353
457	0.076693
458	0.077020
459	0.077337
460	0.077649
461	0.077956
462	0.078257
463	0.078550
464	0.078834
465	0.079107
466	0.079373
467	0.079635
468	0.079894
469	0.080148
470	0.080400
471	0.080655
472	0.080919
473	0.081192
474	0.081472
475	0.081754
476	0.082036
477	0.082315
478	0.082595
479	0.082878
480	0.083171
481	0.083479
482	0.083804
483	0.084144
484	0.084498
485	0.084868
486	0.085249
487	0.085637
488	0.086027
489	0.086417
490	0.086806
491	0.087195
492	0.087585
493	0.087979
494	0.088378
495	0.088783
496	0.089197
497	0.089623
498	0.090060
499	0.090513
500	0.090979
501	0.091457
502	0.091943
503	0.092434
504	0.092925
505	0.093416
506	0.093909
507	0.094405
508	0.094905
509	0.095409
510	0.095921
511	0.096445
512	0.096981
513	0.097527
514	0.098085
515	0.098651
516	0.099224
517	0.099802
518	0.100384
519	0.100970
520	0.101558
521	0.102147
522	0.102734
523	0.103319
524	0.103904
525	0.104490
526	0.105074
527	0.105656
528	0.106236
529	0.106817
530	0.107399
531	0.107978
532	0.108554
533	0.109130
534	0.109708
535	0.110289
536	0.110875
537	0.111464
538	0.112053
539	0.112644
540	0.113237
541	0.113833
542	0.114434
543	0.115041
544	0.115652
545	0.116267
546	0.116886
547	0.117509
548	0.118133
549	0.118755
550	0.119371
551	0.119982
552	0.120587
553	0.121187
554	0.121787
555	0.122386
556	0.122984
557	0.123574
558	0.124152
559	0.124716
560	0.125266
561	0.125799
562	0.126319
563	0.126830
564	0.127340
565	0.127854
566	0.128371
567	0.128891
568	0.129411
569	0.129924
570	0.130424
571	0.130908
572	0.131378
573	0.131841
574	0.132300
575	0.132757
576	0.133211
577	0.133658
578	0.134091
579	0.134508
580	0.134909
581	0.135298
582	0.135681
583	0.136061
584	0.136445
585	0.136839
586	0.137248
587	0.137672
588	0.138104
589	0.138536
590	0.138960
591	0.139369
592	0.139761
593	0.140137
594	0.140502
595	0.140862
596	0.141216
597	0.141568
598	0.141919
599	0.142269
600	0.142616
601	0.142953
602	0.143281
603	0.143597
604	0.143900
605	0.144190
606	0.144470
607	0.144742
608	0.145011
609	0.145279
610	0.145546
611	0.145810
612	0.146067
613	0.146315
614	0.146556
615	0.146788
616	0.147014
617	0.147235
618	0.147457
619	0.147684
620	0.147915
621	0.148152
622	0.148393
623	0.148637
624	0.148885
625	0.149135
626	0.149386
627	0.149635
628	0.149884
629	0.150132
630	0.150380
631	0.150628
632	0.150878
633	0.151128
634	0.151372
635	0.151608
636	0.151833
637	0.152048
638	0.152256
639	0.152459
640	0.152655
641	0.152842
642	0.153022
643	0.153197
644	0.153373
645	0.153554
646	0.153740
647	0.153930
648	0.154122
649	0.154319
650	0.154522
651	0.154728
652	0.154936
653	0.155145
654	0.155352
655	0.155554
656	0.155753
657	0.155949
658	0.156141
659	0.156327
660	0.156510
661	0.156692
662	0.156873
663	0.157056
664	0.157239
665	0.157425
666	0.157614
667	0.157812
668	0.158021
669	0.158239
670	0.158467
671	0.158704
672	0.158946
673	0.159189
674	0.159431
675	0.159668
676	0.159899
677	0.160126
678	0.160355
679	0.160593
680	0.160846
681	0.161119
682	0.161414
683	0.161732
684	0.162072
685	0.162428
686	0.162797
687	0.163174
688	0.163559
689	0.163959
690	0.164383
691	0.164841
692	0.165335
693	0.165867
694	0.166438
695	0.167045
696	0.167686
697	0.168357
698	0.169053
699	0.169771
700	0.170504
701	0.171251
702	0.172009
703	0.172773
704	0.173543
705	0.174319
706	0.175098
707	0.175883
708	0.176675
709	0.177469
710	0.178253
711	0.179013
712	0.179737
713	0.180421
714	0.181077
715	0.181721
716	0.182374
717	0.183051
718	0.183759
719	0.184498
720	0.185264
721	0.186048
722	0.186840
723	0.187624
724	0.188386
725	0.189119
726	0.189828
727	0.190526
728	0.191232
729	0.191954
730	0.192687
731	0.193417
732	0.194132
733	0.194825
734	0.195492
735	0.196130
736	0.196738
737	0.197318
738	0.197871
739	0.198401
740	0.198907
741	0.199390
742	0.199849
743	0.200289
744	0.200708
745	0.201106
746	0.201483
747	0.201841
748	0.202180
749	0.202504
750	0.202815
751	0.203118
752	0.203418
753	0.203717
754	0.204015
755	0.204305
756	0.204579
757	0.204831
758	0.205058
759	0.205265
760	0.205457
761	0.205645
762	0.205834
763	0.206031
764	0.206242
765	0.206473
766	0.206730
767	0.207008
768	0.207294
769	0.207568
770	0.207823
771	0.208061
772	0.208286
773	0.208502
774	0.208712
775	0.208918
776	0.209120
777	0.209322
778	0.209529
779	0.209740
780	0.209956
781	0.210167
782	0.210363
783	0.210539
784	0.210699
785	0.210852
786	0.211004
787	0.211159
788	0.211323
789	0.211497
790	0.211680
791	0.211870
792	0.212063
793	0.212255
794	0.212438
795	0.212610
796	0.212770
797	0.212920
798	0.213066
799	0.213212
800	0.213365
801	0.213530
802	0.213709
803	0.213896
804	0.214084
805	0.214266
806	0.214434
807	0.214581
808	0.214700
809	0.214783
810	0.214827
811	0.214835
812	0.214821
813	0.214806
814	0.214813
815	0.214853
816	0.214930
817	0.215039
818	0.215173
819	0.215331
820	0.215513
821	0.215713
822	0.215920
823	0.216122
824	0.216309
825	0.216481
826	0.216646
827	0.216811
828	0.216977
829	0.217141
830	0.217302
831	0.217464
832	0.217632
833	0.217811
834	0.218002
835	0.218201
836	0.218397
837	0.218580
838	0.218745
839	0.218893
840	0.219030
841	0.219163
842	0.219294
843	0.219419
844	0.219539
845	0.219656
846	0.219773
847	0.219893
848	0.220019
849	0.220147
850	0.220271
851	0.220388
852	0.220498
853	0.220604
854	0.220708
855	0.220817
856	0.220932
857	0.221049
858	0.221165
859	0.221281
860	0.221396
861	0.221508
862	0.221616
863	0.221723
864	0.221827
865	0.221927
866	0.222027
867	0.222135
868	0.222252
869	0.222371
870	0.222482
871	0.222577
872	0.222660
873	0.222736
874	0.222814
875	0.222899
876	0.222994
877	0.223097
878	0.223202
879	0.223317
880	0.223444
881	0.223579
882	0.223707
883	0.223816
884	0.223903
885	0.223977
886	0.224047
887	0.224118
888	0.224184
889	0.224237
890	0.224267
891	0.224262
892	0.224219
893	0.224155
894	0.224080
895	0.224001
896	0.223927
897	0.223877
898	0.223874
899	0.223930
900	0.224042
901	0.224196
902	0.224375
903	0.224549
904	0.224701
905	0.224828
906	0.224925
907	0.224995
908	0.225037
909	0.225047
910	0.225029
911	0.224990
912	0.224936
913	0.224908
914	0.224952
915	0.225097
916	0.225340
917	0.225650
918	0.225982
919	0.226292
920	0.226541
921	0.226692
922	0.226716
923	0.226605
924	0.226365
925	0.226031
926	0.225659
927	0.225305
928	0.225010
929	0.224777
930	0.224581
931	0.224410
932	0.224263
933	0.224140
934	0.224040
935	0.223962
936	0.223906
937	0.223871
938	0.223857
939	0.223863
940	0.223888
941	0.223931
942	0.223993
943	0.224071
944	0.224167
945	0.224278
946	0.224405
947	0.224547
948	0.224703
949	0.224872
950	0.225055
951	0.225249
952	0.225455
953	0.225672
954	0.225900
955	0.226137
956	0.226383
957	0.226637
958	0.226900
959	0.227169
960	0.227445
961	0.227727
962	0.228014
963	0.228305
964	0.228600
965	0.228899
966	0.229201
967	0.229504
968	0.229809
969	0.230115
970	0.230420
971	0.230726
972	0.231030
973	0.231332
974	0.231632
975	0.231928
976	0.232221
977	0.232510
978	0.232794
979	0.233072
980	0.233344
981	0.233609
982	0.233861
983	0.234088
984	0.234297
985	0.234504
986	0.234734
987	0.235002
988	0.235316
989	0.235676
990	0.236077
991	0.236510
992	0.236967
993	0.237435
994	0.237897
995	0.238339
996	0.238749
997	0.239129
998	0.239490
999	0.239850
1000	0.240218
1001	0.240587
1002	0.240952
1003	0.241314
1004	0.241671
1005	0.242024
1006	0.242371
1007	0.242713
1008	0.243049
1009	0.243380
1010	0.243704
1011	0.244022
1012	0.244333
1013	0.244637
1014	0.244935
1015	0.245225
1016	0.245507
1017	0.245783
1018	0.246050
1019	0.246310
1020	0.246562
1021	0.246806
1022	0.247042
1023	0.247271
1024	0.247491
1025	0.247704
1026	0.247909
1027	0.248106
1028	0.248295
1029	0.248477
1030	0.248651
1031	0.248817
1032	0.248974
1033	0.249124
1034	0.249270
1035	0.249415
1036	0.249559
1037	0.249699
1038	0.249832
1039	0.249956
1040	0.250069
1041	0.250171
1042	0.250262
1043	0.250341
1044	0.250411
1045	0.250474
1046	0.250535
1047	0.250598
1048	0.250668
1049	0.250743
1050	0.250823
1051	0.250906
1052	0.250991
1053	0.251079
1054	0.251168
1055	0.251260
1056	0.251354
1057	0.251449
1058	0.251546
1059	0.251644
1060	0.251743
1061	0.251844
1062	0.251945
1063	0.252046
1064	0.252148
1065	0.252251
1066	0.252353
1067	0.252455
1068	0.252558
1069	0.252659
1070	0.252760
1071	0.252860
1072	0.252960
1073	0.253058
1074	0.253155
1075	0.253250
1076	0.253344
1077	0.253435
1078	0.253525
1079	0.253613
1080	0.253698
1081	0.253780
1082	0.253860
1083	0.253937
1084	0.254011
1085	0.254081
1086	0.254149
1087	0.254212
1088	0.254272
1089	0.254328
1090	0.254379
1091	0.254426
1092	0.254471
1093	0.254517
1094	0.254560
1095	0.254592
1096	0.254601
1097	0.254579
1098	0.254534
1099	0.254483
1100	0.254448
1101	0.254444
1102	0.254475
1103	0.254529
1104	0.254578
1105	0.254595
1106	0.254554
1107	0.254432
1108	0.254210
1109	0.253876
1110	0.253431
1111	0.252892
1112	0.252284
1113	0.251631
1114	0.250947
1115	0.250249
1116	0.249556
1117	0.248895
1118	0.248294
1119	0.247780
1120	0.247397
1121	0.247190
1122	0.247189
1123	0.247398
1124	0.247782
1125	0.248278
1126	0.248813
1127	0.249323
1128	0.249777
1129	0.250170
1130	0.250510
1131	0.250810
1132	0.251075
1133	0.251313
1134	0.251536
1135	0.251749
1136	0.251942
1137	0.252082
1138	0.252134
1139	0.252088
1140	0.251952
1141	0.251746
1142	0.251498
1143	0.251228
1144	0.250950
1145	0.250685
1146	0.250459
1147	0.250306
1148	0.250255
1149	0.250337
1150	0.250571
1151	0.250957
1152	0.251483
1153	0.252117
1154	0.252811
1155	0.253510
1156	0.254162
1157	0.254729
1158	0.255200
1159	0.255577
1160	0.255883
1161	0.256149
1162	0.256401
1163	0.256662
1164	0.256943
1165	0.257235
1166	0.257522
1167	0.257790
1168	0.258029
1169	0.258236
1170	0.258410
1171	0.258553
1172	0.258672
1173	0.258773
1174	0.258870
1175	0.258974
1176	0.259097
1177	0.259236
1178	0.259389
1179	0.259544
1180	0.259694
1181	0.259832
1182	0.259957
1183	0.260067
1184	0.260163
1185	0.260243
1186	0.260311
1187	0.260370
1188	0.260431
1189	0.260507
1190	0.260606
1191	0.260733
1192	0.260883
1193	0.261047
1194	0.261217
1195	0.261388
1196	0.261556
1197	0.261722
1198	0.261886
1199	0.262047
1200	0.262206
1201	0.262364
1202	0.262520
1203	0.262676
1204	0.262829
1205	0.262980
1206	0.263129
1207	0.263276
1208	0.263421
1209	0.263567
1210	0.263722
1211	0.263891
1212	0.264074
1213	0.264269
1214	0.264466
1215	0.264656
1216	0.264831
1217	0.264987
1218	0.265127
1219	0.265258
1220	0.265386
1221	0.265515
1222	0.265651
1223	0.265794
1224	0.265948
1225	0.266116
1226	0.266298
1227	0.266494
1228	0.266701
1229	0.266917
1230	0.267135
1231	0.267348
1232	0.267550
1233	0.267733
1234	0.267893
1235	0.268027
1236	0.268141
1237	0.268244
1238	0.268342
1239	0.268444
1240	0.268556
1241	0.268679
1242	0.268814
1243	0.268961
1244	0.269111
1245	0.269255
1246	0.269388
1247	0.269510
1248	0.269628
1249	0.269748
1250	0.269876
1251	0.270009
1252	0.270140
1253	0.270262
1254	0.270374
1255	0.270473
1256	0.270558
1257	0.270624
1258	0.270670
1259	0.270700
1260	0.270726
1261	0.270761
1262	0.270818
1263	0.270906
1264	0.271032
1265	0.271191
1266	0.271374
1267	0.271567
1268	0.271755
1269	0.271930
1270	0.272089
1271	0.272232
1272	0.272358
1273	0.272468
1274	0.272562
1275	0.272648
1276	0.272737
1277	0.272842
1278	0.272971
1279	0.273124
1280	0.273288
1281	0.273448
1282	0.273590
1283	0.273707
1284	0.273798
1285	0.273864
1286	0.273906
1287	0.273933
1288	0.273956
1289	0.273988
1290	0.274042
1291	0.274126
1292	0.274234
1293	0.274348
1294	0.274443
1295	0.274505
1296	0.274526
1297	0.274506
1298	0.274451
1299	0.274366
1300	0.274255
1301	0.274126
1302	0.273994
1303	0.273869
1304	0.273755
1305	0.273651
1306	0.273560
1307	0.273488
1308	0.273443
1309	0.273427
1310	0.273434
1311	0.273453
1312	0.273470
1313	0.273481
1314	0.273483
1315	0.273473
1316	0.273446
1317	0.273394
1318	0.273308
1319	0.273193
1320	0.273055
1321	0.272907
1322	0.272755
1323	0.272593
1324	0.272421
1325	0.272238
1326	0.272045
1327	0.271842
1328	0.271630
1329	0.271409
1330	0.271179
1331	0.270941
1332	0.270695
1333	0.270441
1334	0.270180
1335	0.269912
1336	0.269638
1337	0.269357
1338	0.269070
1339	0.268778
1340	0.268481
1341	0.268179
1342	0.267873
1343	0.267563
1344	0.267249
1345	0.266932
1346	0.266611
1347	0.266288
1348	0.265963
1349	0.265636
1350	0.265308
1351	0.264978
1352	0.264647
1353	0.264316
1354	0.263985
1355	0.263654
1356	0.263324
1357	0.262994
1358	0.262666
1359	0.262340
1360	0.262016
1361	0.261694
1362	0.261375
1363	0.261059
1364	0.260746
1365	0.260438
1366	0.260135
1367	0.259839
1368	0.259548
1369	0.259259
1370	0.258971
1371	0.258682
1372	0.258390
1373	0.258095
1374	0.257796
1375	0.257493
1376	0.257187
1377	0.256879
1378	0.256572
1379	0.256265
1380	0.255961
1381	0.255658
1382	0.255356
1383	0.255053
1384	0.254749
1385	0.254446
1386	0.254143
1387	0.253839
1388	0.253536
1389	0.253233
1390	0.252929
1391	0.252612
1392	0.252260
1393	0.251904
1394	0.251601
1395	0.251394
1396	0.251285
1397	0.251242
1398	0.251218
1399	0.251161
1400	0.251033
1401	0.250808
1402	0.250464
1403	0.249985
1404	0.249372
1405	0.248651
1406	0.247878
1407	0.247126
1408	0.246458
1409	0.245890
1410	0.245385
1411	0.244926
1412	0.244510
1413	0.244137
1414	0.243806
1415	0.243515
1416	0.243263
1417	0.243049
1418	0.242873
1419	0.242732
1420	0.242626
1421	0.242554
1422	0.242514
1423	0.242505
1424	0.242527
1425	0.242577
1426	0.242655
1427	0.242760
1428	0.242890
1429	0.243045
1430	0.243223
1431	0.243423
1432	0.243643
1433	0.243884
1434	0.244143
1435	0.244420
1436	0.244712
1437	0.245020
1438	0.245342
1439	0.245677
1440	0.246024
1441	0.246381
1442	0.246747
1443	0.247122
1444	0.247504
1445	0.247892
1446	0.248284
1447	0.248681
1448	0.249079
1449	0.249479
1450	0.249879
1451	0.250279
1452	0.250689
1453	0.251130
1454	0.251583
1455	0.252001
1456	0.252351
1457	0.252606
1458	0.252744
1459	0.252743
1460	0.252589
1461	0.252291
1462	0.251891
1463	0.251465
1464	0.251104
1465	0.250874
1466	0.250803
1467	0.250892
1468	0.251109
1469	0.251421
1470	0.251813
1471	0.252271
1472	0.252741
1473	0.253165
1474	0.253527
1475	0.253857
1476	0.254206
1477	0.254610
1478	0.255075
1479	0.255578
1480	0.256099
1481	0.256640
1482	0.257219
1483	0.257842
1484	0.258491
1485	0.259137
1486	0.259749
1487	0.260322
1488	0.260876
1489	0.261428
1490	0.261979
1491	0.262519
1492	0.263026
1493	0.263493
1494	0.263921
1495	0.264312
1496	0.264665
1497	0.264973
1498	0.265236
1499	0.265469
1500	0.265695
1501	0.265943
1502	0.266226
1503	0.266541
1504	0.266883
1505	0.267242
1506	0.267607
1507	0.267971
1508	0.268327
1509	0.268669
1510	0.268994
1511	0.269302
1512	0.269591
1513	0.269859
1514	0.270100
1515	0.270311
1516	0.270496
1517	0.270664
1518	0.270830
1519	0.271005
1520	0.271200
1521	0.271417
1522	0.271654
1523	0.271907
1524	0.272164
1525	0.272412
1526	0.272640
1527	0.272843
1528	0.273029
1529	0.273213
1530	0.273410
1531	0.273628
1532	0.273865
1533	0.274112
1534	0.274360
1535	0.274607
1536	0.274852
1537	0.275095
1538	0.275338
1539	0.275580
1540	0.275815
1541	0.276032
1542	0.276223
1543	0.276380
1544	0.276505
1545	0.276608
1546	0.276706
1547	0.276817
1548	0.276957
1549	0.277137
1550	0.277358
1551	0.277610
1552	0.277873
1553	0.278122
1554	0.278335
1555	0.278502
1556	0.278626
1557	0.278724
1558	0.278817
1559	0.278921
1560	0.279046
1561	0.279184
1562	0.279321
1563	0.279437
1564	0.279517
1565	0.279560
1566	0.279582
1567	0.279615
1568	0.279693
1569	0.279841
1570	0.280073
1571	0.280385
1572	0.280764
1573	0.281185
1574	0.281617
1575	0.282025
1576	0.282371
1577	0.282631
1578	0.282793
1579	0.282869
1580	0.282881
1581	0.282853
1582	0.282808
1583	0.282761
1584	0.282731
1585	0.282740
1586	0.282808
1587	0.282946
1588	0.283145
1589	0.283381
1590	0.283627
1591	0.283859
1592	0.284065
1593	0.284240
1594	0.284391
1595	0.284521
1596	0.284636
1597	0.284744
1598	0.284854
1599	0.284969
1600	0.285077
1601	0.285163
1602	0.285213
1603	0.285233
1604	0.285250
1605	0.285297
1606	0.285396
1607	0.285550
1608	0.285748
1609	0.285978
1610	0.286232
1611	0.286497
1612	0.286753
1613	0.286976
1614	0.287145
1615	0.287257
1616	0.287336
1617	0.287405
1618	0.287477
1619	0.287556
1620	0.287636
1621	0.287717
1622	0.287812
1623	0.287929
1624	0.288071
1625	0.288226
1626	0.288377
1627	0.288515
1628	0.288645
1629	0.288772
1630	0.288902
1631	0.289035
1632	0.289168
1633	0.289301
1634	0.289437
1635	0.289579
1636	0.289719
1637	0.289853
1638	0.289977
1639	0.290096
1640	0.290226
1641	0.290381
1642	0.290567
1643	0.290779
1644	0.290999
1645	0.291207
1646	0.291387
1647	0.291536
1648	0.291660
1649	0.291771
1650	0.291880
1651	0.291993
1652	0.292109
1653	0.292230
1654	0.292355
1655	0.292482
1656	0.292606
1657	0.292725
1658	0.292837
1659	0.292952
1660	0.293082
1661	0.293235
1662	0.293403
1663	0.293566
1664	0.293703
1665	0.293798
1666	0.293843
1667	0.293844
1668	0.293809
1669	0.293753
1670	0.293697
1671	0.293657
1672	0.293635
1673	0.293622
1674	0.293603
1675	0.293569
1676	0.293517
1677	0.293454
1678	0.293388
1679	0.293319
1680	0.293248
1681	0.293178
1682	0.293117
1683	0.293075
1684	0.293057
1685	0.293062
1686	0.293071
1687	0.293066
1688	0.293040
1689	0.293000
1690	0.292961
1691	0.292938
1692	0.292934
1693	0.292948
1694	0.292985
1695	0.293049
1696	0.293154
1697	0.293298
1698	0.293476
1699	0.293671
1700	0.293853
1701	0.294000
1702	0.294098
1703	0.294149
1704	0.294160
1705	0.294137
1706	0.294089
1707	0.294022
1708	0.293942
1709	0.293859
1710	0.293781
1711	0.293711
1712	0.293656
1713	0.293621
1714	0.293602
1715	0.293588
1716	0.293568
1717	0.293535
1718	0.293492
1719	0.293441
1720	0.293373
1721	0.293286
1722	0.293188
1723	0.293100
1724	0.293052
1725	0.293061
1726	0.293112
1727	0.293187
1728	0.293268
1729	0.293354
1730	0.293459
1731	0.293588
1732	0.293722
1733	0.293837
1734	0.293913
1735	0.293950
1736	0.293963
1737	0.293965
1738	0.293948
1739	0.293890
1740	0.293773
1741	0.293598
1742	0.293385
1743	0.293169
1744	0.292979
1745	0.292831
1746	0.292726
1747	0.292662
1748	0.292638
1749	0.292650
1750	0.292691
1751	0.292754
1752	0.292825
1753	0.292880
1754	0.292901
1755	0.292875
1756	0.292804
1757	0.292708
1758	0.292614
1759	0.292539
1760	0.292475
1761	0.292406
1762	0.292315
1763	0.292210
1764	0.292111
1765	0.292037
1766	0.291987
1767	0.291937
1768	0.291849
1769	0.291697
1770	0.291477
1771	0.291192
1772	0.290849
1773	0.290458
1774	0.290033
1775	0.289599
1776	0.289193
1777	0.288854
1778	0.288603
1779	0.288440
1780	0.288337
1781	0.288268
1782	0.288213
1783	0.288156
1784	0.288093
1785	0.288020
1786	0.287933
1787	0.287834
1788	0.287735
1789	0.287641
1790	0.287547
1791	0.287454
1792	0.287361
1793	0.287268
1794	0.287174
1795	0.287081
1796	0.286988
1797	0.286895
1798	0.286801
1799	0.286708
1800	0.286615
1801	0.286522
1802	0.286429
1803	0.286335
1804	0.286242
1805	0.286149
1806	0.286056
1807	0.285962
1808	0.285869
1809	0.285776
1810	0.285683
1811	0.285589
1812	0.285496
1813	0.285403
1814	0.285310
1815	0.285217
1816	0.285123
1817	0.285030
1818	0.284937
1819	0.284844
1820	0.284750
1821	0.284657
1822	0.284564
1823	0.284471
1824	0.284377
1825	0.284284
1826	0.284191
1827	0.284098
1828	0.284005
1829	0.283911
1830	0.283818
1831	0.283725
1832	0.283632
1833	0.283538
1834	0.283445
1835	0.283352
1836	0.283259
1837	0.283165
1838	0.283072
1839	0.282979
1840	0.282886
1841	0.282793
1842	0.282699
1843	0.282606
1844	0.282513
1845	0.282420
1846	0.282326
1847	0.282233
1848	0.282140
1849	0.282047
1850	0.281953
1851	0.281860
1852	0.281767
1853	0.281674
1854	0.281581
1855	0.281487
1856	0.281394
1857	0.281301
1858	0.281208
1859	0.281114
1860	0.281021
1861	0.280928
1862	0.280835
1863	0.280741
1864	0.280648
1865	0.280555
1866	0.280462
1867	0.280369
1868	0.280275
1869	0.280182
1870	0.280089
1871	0.279996
1872	0.279902
1873	0.279809
1874	0.279716
1875	0.279623
1876	0.279530
1877	0.279436
1878	0.279343
1879	0.279250
1880	0.279157
1881	0.279063
1882	0.278970
1883	0.278877
1884	0.278784
1885	0.278690
1886	0.278597
1887	0.278504
1888	0.278411
1889	0.278318
1890	0.278224
1891	0.278131
1892	0.278038
1893	0.277945
1894	0.277851
1895	0.277758
1896	0.277665
1897	0.277572
1898	0.277478
1899	0.277385
1900	0.277292
1901	0.277199
1902	0.277106
1903	0.277012
1904	0.276919
1905	0.276826
1906	0.276733
1907	0.276639
1908	0.276546
1909	0.276453
1910	0.276360
1911	0.276266
1912	0.276173
1913	0.276080
1914	0.275987
1915	0.275894
1916	0.275800
1917	0.275707
1918	0.275614
1919	0.275521
1920	0.275427
1921	0.275334
1922	0.275241
1923	0.275148
1924	0.275054
1925	0.274961
1926	0.274868
1927	0.274775
1928	0.274682
1929	0.274588
1930	0.274495
1931	0.274402
1932	0.274309
1933	0.274215
1934	0.274122
1935	0.274029
1936	0.273936
1937	0.273842
1938	0.273749
1939	0.273656
1940	0.273563
1941	0.273461
1942	0.273336
1943	0.273210
1944	0.273123
1945	0.273097
1946	0.273132
1947	0.273203
1948	0.273275
1949	0.273312
1950	0.273293
1951	0.273202
1952	0.273029
1953	0.272769
1954	0.272428
1955	0.272031
1956	0.271620
1957	0.271247
1958	0.270952
1959	0.270744
1960	0.270597
1961	0.270497
1962	0.270443
1963	0.270432
1964	0.270464
1965	0.270536
1966	0.270648
1967	0.270798
1968	0.270984
1969	0.271205
1970	0.271459
1971	0.271744
1972	0.272060
1973	0.272404
1974	0.272775
1975	0.273172
1976	0.273593
1977	0.274036
1978	0.274500
1979	0.274984
1980	0.275485
1981	0.276002
1982	0.276535
1983	0.277080
1984	0.277637
1985	0.278205
1986	0.278780
1987	0.279363
1988	0.279952
1989	0.280545
1990	0.281140
1991	0.281736
1992	0.282331
1993	0.282924
1994	0.283514
1995	0.284098
1996	0.284675
1997	0.285245
1998	0.285804
1999	0.286352
2000	0.286887
2001	0.287408
2002	0.287906
2003	0.288376
2004	0.288843
2005	0.289311
2006	0.289771
2007	0.290201
2008	0.290579
2009	0.290926
2010	0.291300
2011	0.291721
2012	0.292157
2013	0.292554
2014	0.292838
2015	0.292948
2016	0.292893
2017	0.292739
2018	0.292575
2019	0.292473
2020	0.292462
2021	0.292553
2022	0.292778
2023	0.293156
2024	0.293666
2025	0.294235
2026	0.294720
2027	0.294995
2028	0.295024
2029	0.294833
2030	0.294517
2031	0.294239
2032	0.294137
2033	0.294265
2034	0.294614
2035	0.295131
2036	0.295745
2037	0.296385
2038	0.296983
2039	0.297469
2040	0.297788
2041	0.297916
2042	0.297882
2043	0.297776
2044	0.297714
2045	0.297794
2046	0.298067
2047	0.298515
2048	0.299052
2049	0.299584
2050	0.300055
2051	0.300448
2052	0.300776
2053	0.301069
2054	0.301393
2055	0.301820
2056	0.302398
2057	0.303140
2058	0.304017
2059	0.304961
2060	0.305883
2061	0.306682
2062	0.307285
2063	0.307652
2064	0.307785
2065	0.307731
2066	0.307560
2067	0.307345
2068	0.307155
2069	0.307031
2070	0.306974
2071	0.306950
2072	0.306948
2073	0.306965
2074	0.307002
2075	0.307056
2076	0.307128
2077	0.307216
2078	0.307319
2079	0.307438
2080	0.307570
2081	0.307716
2082	0.307874
2083	0.308043
2084	0.308224
2085	0.308414
2086	0.308614
2087	0.308822
2088	0.309039
2089	0.309263
2090	0.309493
2091	0.309729
2092	0.309971
2093	0.310217
2094	0.310467
2095	0.310720
2096	0.310976
2097	0.311235
2098	0.311494
2099	0.311755
2100	0.312016
2101	0.312277
2102	0.312537
2103	0.312796
2104	0.313053
2105	0.313308
2106	0.313560
2107	0.313809
2108	0.314054
2109	0.314295
2110	0.314532
2111	0.314763
2112	0.314989
2113	0.315209
2114	0.315423
2115	0.315630
2116	0.315830
2117	0.316022
2118	0.316207
2119	0.316384
2120	0.316552
2121	0.316711
2122	0.316862
2123	0.317003
2124	0.317134
2125	0.317256
2126	0.317367
2127	0.317468
2128	0.317559
2129	0.317638
2130	0.317707
2131	0.317764
2132	0.317810
2133	0.317844
2134	0.317867
2135	0.317877
2136	0.317876
2137	0.317862
2138	0.317836
2139	0.317797
2140	0.317747
2141	0.317683
2142	0.317607
2143	0.317518
2144	0.317417
2145	0.317302
2146	0.317175
2147	0.317035
2148	0.316883
2149	0.316717
2150	0.316539
2151	0.316348
2152	0.316136
2153	0.315888
2154	0.315618
2155	0.315358
2156	0.315143
2157	0.314986
2158	0.314886
2159	0.314826
2160	0.314784
2161	0.314741
2162	0.314676
2163	0.314568
2164	0.314398
2165	0.314147
2166	0.313815
2167	0.313417
2168	0.312987
2169	0.312560
2170	0.312150
2171	0.311744
2172	0.311334
2173	0.310923
2174	0.310511
2175	0.310099
2176	0.309688
2177	0.309280
2178	0.308874
2179	0.308473
2180	0.308077
2181	0.307687
2182	0.307303
2183	0.306928
2184	0.306560
2185	0.306202
2186	0.305853
2187	0.305515
2188	0.305188
2189	0.304873
2190	0.304570
2191	0.304279
2192	0.304002
2193	0.303738
2194	0.303488
2195	0.303253
2196	0.303032
2197	0.302827
2198	0.302636
2199	0.302461
2200	0.302302
2201	0.302159
2202	0.302031
2203	0.301919
2204	0.301824
2205	0.301744
2206	0.301681
2207	0.301633
2208	0.301601
2209	0.301585
2210	0.301584
2211	0.301599
2212	0.301629
2213	0.301673
2214	0.301732
2215	0.301804
2216	0.301891
2217	0.301990
2218	0.302103
2219	0.302227
2220	0.302363
2221	0.302511
2222	0.302668
2223	0.302836
2224	0.303013
2225	0.303198
2226	0.303391
2227	0.303590
2228	0.303796
2229	0.304007
2230	0.304222
2231	0.304440
2232	0.304661
2233	0.304883
2234	0.305105
2235	0.305326
2236	0.305545
2237	0.305762
2238	0.305973
2239	0.306180
2240	0.306379
2241	0.306570
2242	0.306752
2243	0.306923
2244	0.307082
2245	0.307227
2246	0.307356
2247	0.307469
2248	0.307564
2249	0.307638
2250	0.307691
2251	0.307721
2252	0.307686
2253	0.307515
2254	0.307292
2255	0.307183
2256	0.307315
2257	0.307715
2258	0.308316
2259	0.308997
2260	0.309634
2261	0.310126
2262	0.310408
2263	0.310414
2264	0.310092
2265	0.309425
2266	0.308471
2267	0.307365
2268	0.306300
2269	0.305449
2270	0.304854
2271	0.304410
2272	0.304059
2273	0.303794
2274	0.303607
2275	0.303490
2276	0.303437
2277	0.303439
2278	0.303490
2279	0.303584
2280	0.303714
2281	0.303875
2282	0.304060
2283	0.304263
2284	0.304480
2285	0.304706
2286	0.304935
2287	0.305162
2288	0.305385
2289	0.305598
2290	0.305798
2291	0.305982
2292	0.306145
2293	0.306285
2294	0.306398
2295	0.306484
2296	0.306538
2297	0.306559
2298	0.306546
2299	0.306495
2300	0.306408
2301	0.306281
2302	0.306115
2303	0.305908
2304	0.305660
2305	0.305372
2306	0.305044
2307	0.304675
2308	0.304267
2309	0.303820
2310	0.303336
2311	0.302816
2312	0.302262
2313	0.301675
2314	0.301058
2315	0.300413
2316	0.299742
2317	0.299050
2318	0.298338
2319	0.297611
2320	0.296871
2321	0.296123
2322	0.295372
2323	0.294620
2324	0.293874
2325	0.293137
2326	0.292416
2327	0.291715
2328	0.291040
2329	0.290397
2330	0.289793
2331	0.289232
2332	0.288723
2333	0.288272
2334	0.287887
2335	0.287574
2336	0.287341
2337	0.287196
2338	0.287148
2339	0.287204
2340	0.287373
2341	0.287665
2342	0.288088
2343	0.288652
2344	0.289366
2345	0.290240
2346	0.291285
2347	0.292510
2348	0.293927
2349	0.295546
2350	0.297379
2351	0.299436
2352	0.301762
2353	0.304437
2354	0.307449
2355	0.310697
2356	0.314050
2357	0.317401
2358	0.320686
2359	0.323886
2360	0.327012
2361	0.330088
2362	0.333145
2363	0.336244
2364	0.339472
2365	0.342919
2366	0.346653
2367	0.350680
2368	0.354936
2369	0.359321
2370	0.363776
2371	0.368338
2372	0.373029
2373	0.377849
2374	0.382799
2375	0.387879
2376	0.393089
2377	0.398428
2378	0.403896
2379	0.409495
2380	0.415223
2381	0.421080
2382	0.427068
2383	0.433184
2384	0.439431
2385	0.445807
2386	0.452313
2387	0.458948
2388	0.465714
2389	0.472608
2390	0.479633
2391	0.486787
2392	0.494070
2393	0.501483
2394	0.509026
2395	0.516699
2396	0.524501
2397	0.532433
2398	0.540494
2399	0.548685
2400	0.557006
2401	0.565457
2402	0.574037
2403	0.582746
2404	0.591585
2405	0.600554
2406	0.609653
2407	0.618881
2408	0.628239
2409	0.637726
2410	0.647343
2411	0.657090
2412	0.666967
2413	0.676973
2414	0.687108
2415	0.697374
2416	0.707768
2417	0.718293
2418	0.728947
2419	0.739731
2420	0.750644
2421	0.761688
2422	0.772860
2423	0.784163
2424	0.795595
2425	0.807156
2426	0.818848
2427	0.830669
2428	0.842619
2429	0.854699
2430	0.866909
2431	0.879249
2432	0.891718
2433	0.904316
2434	0.917045
2435	0.929903
2436	0.942891
2437	0.956008
2438	0.969255
2439	0.982631
2440	0.996137
2441	1.009773
2442	1.023539
2443	1.037434
2444	1.051459
2445	1.065613
2446	1.079897
2447	1.094311
2448	1.108854
2449	1.123527
2450	1.138330
2451	1.153262
2452	1.168324
2453	1.183515
2454	1.198836
2455	1.214287
2456	1.229867
2457	1.245577
2458	1.261417
2459	1.277386
2460	1.293485
2461	1.309714
2462	1.326072
2463	1.342560
2464	1.359177
2465	1.375925
2466	1.392801
2467	1.409808
2468	1.426944
2469	1.444209
2470	1.461605
2471	1.479130
2472	1.496784
2473	1.514568
2474	1.532482
2475	1.550526
2476	1.568699
2477	1.587002
2478	1.605434
2479	1.623996
2480	1.642688
2481	1.661509
2482	1.680460
2483	1.699541
2484	1.718751
2485	1.738091
2486	1.757560
2487	1.777159
2488	1.796888
2489	1.816747
2490	1.836735
2491	1.856852
2492	1.877100
2493	1.897477
2494	1.917983
2495	1.938619
2496	1.959385
2497	1.980281
2498	2.001306
2499	2.022461
2500	2.043745
