350	0.024897
351	0.024995
352	0.025094
353	0.025194
354	0.025297
355	0.025401
356	0.025507
357	0.025616
358	0.025726
359	0.025837
360	0.025948
361	0.026075
362	0.026208
363	0.026344
364	0.026477
365	0.026602
366	0.026716
367	0.026818
368	0.026910
369	0.027001
370	0.027098
371	0.027209
372	0.027341
373	0.027495
374	0.027670
375	0.027858
376	0.028051
377	0.028240
378	0.028418
379	0.028583
380	0.028736
381	0.028882
382	0.029029
383	0.029181
384	0.029345
385	0.029525
386	0.029720
387	0.029929
388	0.030146
389	0.030367
390	0.030589
391	0.030810
392	0.031030
393	0.031250
394	0.031474
395	0.031700
396	0.031929
397	0.032159
398	0.032387
399	0.032610
400	0.032823
401	0.033023
402	0.033209
403	0.033384
404	0.033552
405	0.033721
406	0.033895
407	0.034078
408	0.034273
409	0.034479
410	0.034696
411	0.034920
412	0.035148
413	0.035376
414	0.035602
415	0.035823
416	0.036041
417	0.036257
418	0.036475
419	0.036694
420	0.036916
421	0.037140
422	0.037364
423	0.037589
424	0.037816
425	0.038045
426	0.038279
427	0.038518
428	0.038763
429	0.039017
430	0.039278
431	0.039546
432	0.039818
433	0.040090
434	0.040359
435	0.040620
436	0.040874
437	0.041120
438	0.041361
439	0.041598
440	0.041835
441	0.042073
442	0.042313
443	0.042555
444	0.042798
445	0.043041
446	0.043283
447	0.043522
448	0.043756
449	0.043984
450	0.044205
451	0.044421
452	0.044630
453	0.044832
454	0.045028
455	0.045217
456	0.045399
457	0.045574
458	0.045741
459	0.045902
460	0.046057
461	0.046204
462	0.046346
463	0.046483
464	0.046616
465	0.046746
466	0.046873
467	0.047000
468	0.047127
469	0.047255
470	0.047385
471	0.047517
472	0.047651
473	0.047789
474	0.047930
475	0.048074
476	0.048220
477	0.048368
478	0.048516
479	0.048665
480	0.048814
481	0.048965
482	0.049120
483	0.049280
484	0.049447
485	0.049623
486	0.049810
487	0.050006
488	0.050210
489	0.050420
490	0.050633
491	0.050847
492	0.051061
493	0.051275
494	0.051491
495	0.051711
496	0.051938
497	0.052174
498	0.052423
499	0.052687
500	0.052966
501	0.053259
502	0.053567
503	0.053887
504	0.054219
505	0.054561
506	0.054915
507	0.055279
508	0.055653
509	0.056040
510	0.056440
511	0.056856
512	0.057287
513	0.057735
514	0.058202
515	0.058685
516	0.059184
517	0.059696
518	0.060219
519	0.060750
520	0.061286
521	0.061825
522	0.062364
523	0.062901
524	0.063436
525	0.063965
526	0.064489
527	0.065007
528	0.065515
529	0.066014
530	0.066500
531	0.066973
532	0.067430
533	0.067872
534	0.068297
535	0.068706
536	0.069099
537	0.069476
538	0.069841
539	0.070195
540	0.070541
541	0.070882
542	0.071221
543	0.071559
544	0.071897
545	0.072239
546	0.072584
547	0.072932
548	0.073285
549	0.073640
550	0.074000
551	0.074362
552	0.074725
553	0.075087
554	0.075441
555	0.075781
556	0.076099
557	0.076388
558	0.076642
559	0.076857
560	0.077033
561	0.077170
562	0.077274
563	0.077353
564	0.077418
565	0.077478
566	0.077543
567	0.077618
568	0.077707
569	0.077811
570	0.077930
571	0.078063
572	0.078206
573	0.078355
574	0.078506
575	0.078655
576	0.078800
577	0.078936
578	0.079061
579	0.079173
580	0.079269
581	0.079350
582	0.079416
583	0.079470
584	0.079519
585	0.079566
586	0.079619
587	0.079682
588	0.079762
589	0.079863
590	0.079988
591	0.080138
592	0.080313
593	0.080511
594	0.080727
595	0.080956
596	0.081192
597	0.081427
598	0.081651
599	0.081859
600	0.082043
601	0.082201
602	0.082332
603	0.082437
604	0.082520
605	0.082585
606	0.082636
607	0.082679
608	0.082717
609	0.082752
610	0.082786
611	0.082819
612	0.082850
613	0.082880
614	0.082908
615	0.082938
616	0.082971
617	0.083010
618	0.083057
619	0.083114
620	0.083183
621	0.083264
622	0.083358
623	0.083461
624	0.083573
625	0.083690
626	0.083810
627	0.083930
628	0.084050
629	0.084167
630	0.084282
631	0.084393
632	0.084499
633	0.084598
634	0.084687
635	0.084765
636	0.084827
637	0.084872
638	0.084899
639	0.084907
640	0.084898
641	0.084875
642	0.084841
643	0.084801
644	0.084760
645	0.084722
646	0.084690
647	0.084667
648	0.084652
649	0.084649
650	0.084656
651	0.084672
652	0.084696
653	0.084725
654	0.084757
655	0.084788
656	0.084816
657	0.084837
658	0.084849
659	0.084850
660	0.084840
661	0.084821
662	0.084797
663	0.084771
664	0.084750
665	0.084736
666	0.084735
667	0.084747
668	0.084776
669	0.084822
670	0.084882
671	0.084955
672	0.085038
673	0.085129
674	0.085229
675	0.085337
676	0.085454
677	0.085584
678	0.085728
679	0.085890
680	0.086077
681	0.086293
682	0.086543
683	0.086834
684	0.087170
685	0.087555
686	0.087996
687	0.088498
688	0.089066
689	0.089705
690	0.090420
691	0.091214
692	0.092090
693	0.093050
694	0.094094
695	0.095221
696	0.096426
697	0.097703
698	0.099043
699	0.100439
700	0.101882
701	0.103361
702	0.104871
703	0.106404
704	0.107958
705	0.109530
706	0.111119
707	0.112723
708	0.114338
709	0.115959
710	0.117583
711	0.119209
712	0.120839
713	0.122475
714	0.124122
715	0.125788
716	0.127481
717	0.129207
718	0.130969
719	0.132762
720	0.134577
721	0.136402
722	0.138222
723	0.140026
724	0.141807
725	0.143558
726	0.145278
727	0.146965
728	0.148617
729	0.150235
730	0.151816
731	0.153357
732	0.154851
733	0.156292
734	0.157677
735	0.159001
736	0.160265
737	0.161469
738	0.162613
739	0.163696
740	0.164719
741	0.165679
742	0.166577
743	0.167413
744	0.168188
745	0.168906
746	0.169571
747	0.170191
748	0.170771
749	0.171317
750	0.171831
751	0.172311
752	0.172757
753	0.173167
754	0.173537
755	0.173869
756	0.174164
757	0.174424
758	0.174658
759	0.174875
760	0.175085
761	0.175299
762	0.175523
763	0.175759
764	0.176007
765	0.176264
766	0.176524
767	0.176782
768	0.177033
769	0.177271
770	0.177495
771	0.177704
772	0.177901
773	0.178089
774	0.178273
775	0.178454
776	0.178635
777	0.178814
778	0.178991
779	0.179165
780	0.179331
781	0.179487
782	0.179632
783	0.179766
784	0.179890
785	0.180006
786	0.180118
787	0.180230
788	0.180346
789	0.180467
790	0.180596
791	0.180732
792	0.180873
793	0.181015
794	0.181156
795	0.181295
796	0.181430
797	0.181563
798	0.181694
799	0.181827
800	0.181963
801	0.182105
802	0.182254
803	0.182409
804	0.182564
805	0.182710
806	0.182839
807	0.182940
808	0.183008
809	0.183039
810	0.183037
811	0.183008
812	0.182962
813	0.182914
814	0.182880
815	0.182875
816	0.182912
817	0.182994
818	0.183120
819	0.183282
820	0.183468
821	0.183665
822	0.183864
823	0.184053
824	0.184227
825	0.184381
826	0.184515
827	0.184633
828	0.184744
829	0.184854
830	0.184971
831	0.185098
832	0.185237
833	0.185386
834	0.185544
835	0.185708
836	0.185878
837	0.186049
838	0.186219
839	0.186386
840	0.186549
841	0.186707
842	0.186862
843	0.187012
844	0.187156
845	0.187290
846	0.187413
847	0.187523
848	0.187623
849	0.187712
850	0.187793
851	0.187869
852	0.187945
853	0.188024
854	0.188111
855	0.188208
856	0.188314
857	0.188425
858	0.188538
859	0.188647
860	0.188750
861	0.188846
862	0.188933
863	0.189012
864	0.189087
865	0.189163
866	0.189244
867	0.189336
868	0.189437
869	0.189544
870	0.189652
871	0.189755
872	0.189851
873	0.189937
874	0.190014
875	0.190085
876	0.190152
877	0.190220
878	0.190292
879	0.190370
880	0.190454
881	0.190542
882	0.190631
883	0.190718
884	0.190799
885	0.190872
886	0.190936
887	0.190986
888	0.191017
889	0.191025
890	0.191002
891	0.190946
892	0.190859
893	0.190748
894	0.190627
895	0.190510
896	0.190415
897	0.190355
898	0.190337
899	0.190361
900	0.190424
901	0.190514
902	0.190616
903	0.190719
904	0.190808
905	0.190877
906	0.190921
907	0.190940
908	0.190941
909	0.190930
910	0.190918
911	0.190916
912	0.190932
913	0.190989
914	0.191106
915	0.191281
916	0.191497
917	0.191717
918	0.191906
919	0.192028
920	0.192060
921	0.191989
922	0.191813
923	0.191541
924	0.191193
925	0.190800
926	0.190398
927	0.190017
928	0.189677
929	0.189374
930	0.189097
931	0.188837
932	0.188595
933	0.188371
934	0.188164
935	0.187974
936	0.187800
937	0.187643
938	0.187502
939	0.187377
940	0.187267
941	0.187172
942	0.187092
943	0.187027
944	0.186975
945	0.186938
946	0.186914
947	0.186903
948	0.186906
949	0.186921
950	0.186948
951	0.186988
952	0.187039
953	0.187102
954	0.187175
955	0.187260
956	0.187355
957	0.187461
958	0.187576
959	0.187701
960	0.187835
961	0.187979
962	0.188131
963	0.188291
964	0.188460
965	0.188636
966	0.188820
967	0.189011
968	0.189208
969	0.189413
970	0.189623
971	0.189840
972	0.190062
973	0.190290
974	0.190523
975	0.190760
976	0.191002
977	0.191248
978	0.191498
979	0.191751
980	0.192008
981	0.192267
982	0.192527
983	0.192784
984	0.193040
985	0.193300
986	0.193573
987	0.193865
988	0.194176
989	0.194508
990	0.194857
991	0.195219
992	0.195592
993	0.195969
994	0.196346
995	0.196717
996	0.197077
997	0.197427
998	0.197772
999	0.198116
1000	0.198465
1001	0.198813
1002	0.199161
1003	0.199507
1004	0.199851
1005	0.200192
1006	0.200532
1007	0.200868
1008	0.201201
1009	0.201531
1010	0.201858
1011	0.202180
1012	0.202499
1013	0.202813
1014	0.203122
1015	0.203427
1016	0.203727
1017	0.204022
1018	0.204312
1019	0.204596
1020	0.204875
1021	0.205148
1022	0.205416
1023	0.205677
1024	0.205932
1025	0.206181
1026	0.206425
1027	0.206661
1028	0.206892
1029	0.207116
1030	0.207333
1031	0.207544
1032	0.207746
1033	0.207942
1034	0.208135
1035	0.208325
1036	0.208514
1037	0.208699
1038	0.208877
1039	0.209046
1040	0.209205
1041	0.209352
1042	0.209487
1043	0.209610
1044	0.209721
1045	0.209823
1046	0.209918
1047	0.210012
1048	0.210106
1049	0.210202
1050	0.210297
1051	0.210391
1052	0.210483
1053	0.210574
1054	0.210663
1055	0.210749
1056	0.210834
1057	0.210917
1058	0.210997
1059	0.211075
1060	0.211151
1061	0.211224
1062	0.211295
1063	0.211362
1064	0.211427
1065	0.211489
1066	0.211548
1067	0.211603
1068	0.211656
1069	0.211705
1070	0.211750
1071	0.211792
1072	0.211830
1073	0.211865
1074	0.211895
1075	0.211922
1076	0.211944
1077	0.211962
1078	0.211976
1079	0.211985
1080	0.211990
1081	0.211990
1082	0.211985
1083	0.211976
1084	0.211961
1085	0.211942
1086	0.211917
1087	0.211887
1088	0.211852
1089	0.211811
1090	0.211765
1091	0.211713
1092	0.211656
1093	0.211599
1094	0.211539
1095	0.211469
1096	0.211384
1097	0.211276
1098	0.211143
1099	0.210987
1100	0.210814
1101	0.210629
1102	0.210439
1103	0.210252
1104	0.210069
1105	0.209889
1106	0.209699
1107	0.209485
1108	0.209225
1109	0.208907
1110	0.208530
1111	0.208105
1112	0.207648
1113	0.207179
1114	0.206714
1115	0.206271
1116	0.205865
1117	0.205501
1118	0.205175
1119	0.204873
1120	0.204580
1121	0.204284
1122	0.203984
1123	0.203687
1124	0.203406
1125	0.203155
1126	0.202946
1127	0.202790
1128	0.202701
1129	0.202689
1130	0.202752
1131	0.202880
1132	0.203044
1133	0.203208
1134	0.203329
1135	0.203367
1136	0.203288
1137	0.203071
1138	0.202708
1139	0.202212
1140	0.201612
1141	0.200952
1142	0.200286
1143	0.199668
1144	0.199143
1145	0.198741
1146	0.198471
1147	0.198323
1148	0.198273
1149	0.198290
1150	0.198342
1151	0.198407
1152	0.198471
1153	0.198529
1154	0.198591
1155	0.198670
1156	0.198787
1157	0.198958
1158	0.199191
1159	0.199483
1160	0.199817
1161	0.200170
1162	0.200516
1163	0.200832
1164	0.201105
1165	0.201326
1166	0.201499
1167	0.201632
1168	0.201738
1169	0.201831
1170	0.201925
1171	0.202027
1172	0.202140
1173	0.202258
1174	0.202374
1175	0.202476
1176	0.202557
1177	0.202611
1178	0.202634
1179	0.202632
1180	0.202611
1181	0.202581
1182	0.202554
1183	0.202539
1184	0.202546
1185	0.202580
1186	0.202641
1187	0.202725
1188	0.202824
1189	0.202929
1190	0.203029
1191	0.203119
1192	0.203197
1193	0.203264
1194	0.203324
1195	0.203385
1196	0.203450
1197	0.203522
1198	0.203603
1199	0.203688
1200	0.203776
1201	0.203862
1202	0.203944
1203	0.204024
1204	0.204105
1205	0.204193
1206	0.204294
1207	0.204413
1208	0.204551
1209	0.204708
1210	0.204878
1211	0.205056
1212	0.205235
1213	0.205412
1214	0.205586
1215	0.205756
1216	0.205923
1217	0.206086
1218	0.206244
1219	0.206394
1220	0.206535
1221	0.206667
1222	0.206793
1223	0.206916
1224	0.207044
1225	0.207184
1226	0.207344
1227	0.207527
1228	0.207733
1229	0.207958
1230	0.208194
1231	0.208432
1232	0.208662
1233	0.208876
1234	0.209070
1235	0.209240
1236	0.209389
1237	0.209520
1238	0.209638
1239	0.209751
1240	0.209862
1241	0.209977
1242	0.210098
1243	0.210225
1244	0.210358
1245	0.210494
1246	0.210627
1247	0.210751
1248	0.210859
1249	0.210946
1250	0.211012
1251	0.211058
1252	0.211091
1253	0.211118
1254	0.211147
1255	0.211184
1256	0.211235
1257	0.211305
1258	0.211394
1259	0.211499
1260	0.211617
1261	0.211742
1262	0.211872
1263	0.212002
1264	0.212132
1265	0.212261
1266	0.212388
1267	0.212512
1268	0.212632
1269	0.212747
1270	0.212859
1271	0.212966
1272	0.213070
1273	0.213172
1274	0.213271
1275	0.213366
1276	0.213455
1277	0.213532
1278	0.213590
1279	0.213622
1280	0.213624
1281	0.213593
1282	0.213534
1283	0.213453
1284	0.213360
1285	0.213264
1286	0.213172
1287	0.213091
1288	0.213021
1289	0.212958
1290	0.212896
1291	0.212826
1292	0.212740
1293	0.212634
1294	0.212505
1295	0.212352
1296	0.212175
1297	0.211971
1298	0.211737
1299	0.211466
1300	0.211154
1301	0.210801
1302	0.210406
1303	0.209977
1304	0.209523
1305	0.209060
1306	0.208601
1307	0.208159
1308	0.207739
1309	0.207344
1310	0.206972
1311	0.206618
1312	0.206274
1313	0.205934
1314	0.205591
1315	0.205239
1316	0.204878
1317	0.204508
1318	0.204129
1319	0.203743
1320	0.203349
1321	0.202945
1322	0.202530
1323	0.202107
1324	0.201674
1325	0.201233
1326	0.200783
1327	0.200325
1328	0.199859
1329	0.199386
1330	0.198905
1331	0.198416
1332	0.197920
1333	0.197417
1334	0.196908
1335	0.196391
1336	0.195868
1337	0.195339
1338	0.194804
1339	0.194262
1340	0.193715
1341	0.193163
1342	0.192605
1343	0.192042
1344	0.191473
1345	0.190900
1346	0.190323
1347	0.189741
1348	0.189154
1349	0.188564
1350	0.187970
1351	0.187372
1352	0.186771
1353	0.186166
1354	0.185558
1355	0.184947
1356	0.184334
1357	0.183717
1358	0.183099
1359	0.182478
1360	0.181855
1361	0.181231
1362	0.180605
1363	0.179977
1364	0.179348
1365	0.178718
1366	0.178085
1367	0.177450
1368	0.176816
1369	0.176186
1370	0.175559
1371	0.174939
1372	0.174323
1373	0.173710
1374	0.173101
1375	0.172494
1376	0.171888
1377	0.171280
1378	0.170669
1379	0.170055
1380	0.169438
1381	0.168819
1382	0.168200
1383	0.167583
1384	0.166966
1385	0.166349
1386	0.165731
1387	0.165114
1388	0.164497
1389	0.163880
1390	0.163263
1391	0.162637
1392	0.161988
1393	0.161336
1394	0.160720
1395	0.160168
1396	0.159681
1397	0.159237
1398	0.158803
1399	0.158346
1400	0.157838
1401	0.157265
1402	0.156610
1403	0.155865
1404	0.155030
1405	0.154124
1406	0.153186
1407	0.152265
1408	0.151404
1409	0.150612
1410	0.149867
1411	0.149155
1412	0.148476
1413	0.147830
1414	0.147216
1415	0.146633
1416	0.146081
1417	0.145559
1418	0.145068
1419	0.144605
1420	0.144172
1421	0.143766
1422	0.143388
1423	0.143037
1424	0.142713
1425	0.142414
1426	0.142141
1427	0.141893
1428	0.141669
1429	0.141469
1430	0.141292
1431	0.141137
1432	0.141005
1433	0.140894
1434	0.140804
1435	0.140735
1436	0.140685
1437	0.140655
1438	0.140644
1439	0.140650
1440	0.140675
1441	0.140716
1442	0.140775
1443	0.140849
1444	0.140938
1445	0.141043
1446	0.141162
1447	0.141294
1448	0.141440
1449	0.141599
1450	0.141769
1451	0.141952
1452	0.142154
1453	0.142394
1454	0.142663
1455	0.142927
1456	0.143143
1457	0.143281
1458	0.143323
1459	0.143268
1460	0.143126
1461	0.142918
1462	0.142671
1463	0.142419
1464	0.142202
1465	0.142053
1466	0.141993
1467	0.142026
1468	0.142133
1469	0.142285
1470	0.142466
1471	0.142686
1472	0.142948
1473	0.143248
1474	0.143581
1475	0.143941
1476	0.144318
1477	0.144701
1478	0.145074
1479	0.145429
1480	0.145763
1481	0.146084
1482	0.146405
1483	0.146743
1484	0.147111
1485	0.147514
1486	0.147952
1487	0.148417
1488	0.148894
1489	0.149368
1490	0.149826
1491	0.150258
1492	0.150666
1493	0.151058
1494	0.151444
1495	0.151841
1496	0.152258
1497	0.152701
1498	0.153165
1499	0.153640
1500	0.154114
1501	0.154570
1502	0.155000
1503	0.155399
1504	0.155770
1505	0.156125
1506	0.156477
1507	0.156838
1508	0.157218
1509	0.157621
1510	0.158047
1511	0.158488
1512	0.158935
1513	0.159376
1514	0.159802
1515	0.160201
1516	0.160571
1517	0.160908
1518	0.161216
1519	0.161501
1520	0.161773
1521	0.162042
1522	0.162315
1523	0.162600
1524	0.162899
1525	0.163212
1526	0.163539
1527	0.163878
1528	0.164226
1529	0.164582
1530	0.164943
1531	0.165307
1532	0.165675
1533	0.166047
1534	0.166421
1535	0.166796
1536	0.167169
1537	0.167533
1538	0.167886
1539	0.168225
1540	0.168550
1541	0.168866
1542	0.169177
1543	0.169488
1544	0.169804
1545	0.170129
1546	0.170464
1547	0.170810
1548	0.171164
1549	0.171521
1550	0.171875
1551	0.172221
1552	0.172554
1553	0.172871
1554	0.173174
1555	0.173463
1556	0.173743
1557	0.174018
1558	0.174291
1559	0.174567
1560	0.174848
1561	0.175135
1562	0.175430
1563	0.175729
1564	0.176029
1565	0.176324
1566	0.176607
1567	0.176874
1568	0.177120
1569	0.177341
1570	0.177540
1571	0.177721
1572	0.177893
1573	0.178066
1574	0.178252
1575	0.178464
1576	0.178707
1577	0.178983
1578	0.179289
1579	0.179615
1580	0.179949
1581	0.180279
1582	0.180596
1583	0.180892
1584	0.181166
1585	0.181419
1586	0.181658
1587	0.181889
1588	0.182117
1589	0.182347
1590	0.182580
1591	0.182812
1592	0.183040
1593	0.183262
1594	0.183475
1595	0.183680
1596	0.183879
1597	0.184078
1598	0.184280
1599	0.184490
1600	0.184709
1601	0.184937
1602	0.185172
1603	0.185408
1604	0.185643
1605	0.185874
1606	0.186101
1607	0.186328
1608	0.186559
1609	0.186798
1610	0.187048
1611	0.187309
1612	0.187577
1613	0.187846
1614	0.188109
1615	0.188358
1616	0.188588
1617	0.188794
1618	0.188977
1619	0.189140
1620	0.189289
1621	0.189429
1622	0.189564
1623	0.189697
1624	0.189830
1625	0.189964
1626	0.190101
1627	0.190242
1628	0.190390
1629	0.190543
1630	0.190703
1631	0.190869
1632	0.191042
1633	0.191220
1634	0.191401
1635	0.191579
1636	0.191748
1637	0.191905
1638	0.192050
1639	0.192185
1640	0.192318
1641	0.192456
1642	0.192605
1643	0.192772
1644	0.192961
1645	0.193172
1646	0.193402
1647	0.193641
1648	0.193881
1649	0.194109
1650	0.194319
1651	0.194506
1652	0.194671
1653	0.194820
1654	0.194957
1655	0.195088
1656	0.195213
1657	0.195333
1658	0.195442
1659	0.195536
1660	0.195612
1661	0.195667
1662	0.195704
1663	0.195730
1664	0.195752
1665	0.195780
1666	0.195822
1667	0.195885
1668	0.195971
1669	0.196081
1670	0.196209
1671	0.196349
1672	0.196494
1673	0.196633
1674	0.196757
1675	0.196857
1676	0.196925
1677	0.196954
1678	0.196942
1679	0.196890
1680	0.196806
1681	0.196697
1682	0.196577
1683	0.196458
1684	0.196350
1685	0.196258
1686	0.196183
1687	0.196121
1688	0.196067
1689	0.196016
1690	0.195967
1691	0.195922
1692	0.195883
1693	0.195853
1694	0.195830
1695	0.195814
1696	0.195799
1697	0.195779
1698	0.195745
1699	0.195688
1700	0.195603
1701	0.195490
1702	0.195353
1703	0.195208
1704	0.195067
1705	0.194946
1706	0.194854
1707	0.194793
1708	0.194763
1709	0.194755
1710	0.194761
1711	0.194765
1712	0.194755
1713	0.194719
1714	0.194652
1715	0.194555
1716	0.194435
1717	0.194301
1718	0.194161
1719	0.194021
1720	0.193887
1721	0.193761
1722	0.193641
1723	0.193527
1724	0.193417
1725	0.193306
1726	0.193195
1727	0.193083
1728	0.192972
1729	0.192863
1730	0.192757
1731	0.192652
1732	0.192545
1733	0.192438
1734	0.192330
1735	0.192225
1736	0.192124
1737	0.192027
1738	0.191929
1739	0.191823
1740	0.191701
1741	0.191557
1742	0.191390
1743	0.191203
1744	0.191005
1745	0.190810
1746	0.190633
1747	0.190488
1748	0.190381
1749	0.190314
1750	0.190277
1751	0.190256
1752	0.190231
1753	0.190184
1754	0.190103
1755	0.189984
1756	0.189832
1757	0.189654
1758	0.189464
1759	0.189271
1760	0.189088
1761	0.188922
1762	0.188780
1763	0.188661
1764	0.188559
1765	0.188464
1766	0.188366
1767	0.188256
1768	0.188130
1769	0.187987
1770	0.187825
1771	0.187646
1772	0.187455
1773	0.187256
1774	0.187054
1775	0.186853
1776	0.186653
1777	0.186450
1778	0.186241
1779	0.186022
1780	0.185793
1781	0.185555
1782	0.185310
1783	0.185061
1784	0.184810
1785	0.184558
1786	0.184308
1787	0.184058
1788	0.183810
1789	0.183561
1790	0.183313
1791	0.183064
1792	0.182816
1793	0.182567
1794	0.182319
1795	0.182070
1796	0.181822
1797	0.181573
1798	0.181325
1799	0.181076
1800	0.180827
1801	0.180579
1802	0.180330
1803	0.180082
1804	0.179833
1805	0.179585
1806	0.179336
1807	0.179088
1808	0.178839
1809	0.178591
1810	0.178342
1811	0.178094
1812	0.177845
1813	0.177597
1814	0.177348
1815	0.177100
1816	0.176851
1817	0.176603
1818	0.176354
1819	0.176105
1820	0.175857
1821	0.175608
1822	0.175360
1823	0.175111
1824	0.174863
1825	0.174614
1826	0.174366
1827	0.174117
1828	0.173869
1829	0.173620
1830	0.173372
1831	0.173123
1832	0.172875
1833	0.172626
1834	0.172378
1835	0.172129
1836	0.171881
1837	0.171632
1838	0.171383
1839	0.171135
1840	0.170886
1841	0.170638
1842	0.170389
1843	0.170141
1844	0.169892
1845	0.169644
1846	0.169395
1847	0.169147
1848	0.168898
1849	0.168650
1850	0.168401
1851	0.168153
1852	0.167904
1853	0.167656
1854	0.167407
1855	0.167159
1856	0.166910
1857	0.166661
1858	0.166413
1859	0.166164
1860	0.165916
1861	0.165667
1862	0.165419
1863	0.165170
1864	0.164922
1865	0.164673
1866	0.164425
1867	0.164176
1868	0.163928
1869	0.163679
1870	0.163431
1871	0.163182
1872	0.162934
1873	0.162685
1874	0.162437
1875	0.162188
1876	0.161939
1877	0.161691
1878	0.161442
1879	0.161194
1880	0.160945
1881	0.160697
1882	0.160448
1883	0.160200
1884	0.159951
1885	0.159703
1886	0.159454
1887	0.159206
1888	0.158957
1889	0.158709
1890	0.158460
1891	0.158212
1892	0.157963
1893	0.157715
1894	0.157466
1895	0.157217
1896	0.156969
1897	0.156720
1898	0.156472
1899	0.156223
1900	0.155975
1901	0.155726
1902	0.155478
1903	0.155229
1904	0.154981
1905	0.154732
1906	0.154484
1907	0.154235
1908	0.153987
1909	0.153738
1910	0.153490
1911	0.153241
1912	0.152993
1913	0.152744
1914	0.152495
1915	0.152247
1916	0.151998
1917	0.151750
1918	0.151501
1919	0.151253
1920	0.151004
1921	0.150756
1922	0.150507
1923	0.150259
1924	0.150010
1925	0.149762
1926	0.149513
1927	0.149265
1928	0.149016
1929	0.148768
1930	0.148519
1931	0.148271
1932	0.148022
1933	0.147773
1934	0.147525
1935	0.147276
1936	0.147028
1937	0.146779
1938	0.146531
1939	0.146282
1940	0.146034
1941	0.145783
1942	0.145525
1943	0.145268
1944	0.145021
1945	0.144792
1946	0.144580
1947	0.144377
1948	0.144175
1949	0.143961
1950	0.143731
1951	0.143479
1952	0.143203
1953	0.142902
1954	0.142578
1955	0.142237
1956	0.141893
1957	0.141560
1958	0.141251
1959	0.140969
1960	0.140708
1961	0.140463
1962	0.140235
1963	0.140024
1964	0.139831
1965	0.139655
1966	0.139497
1967	0.139356
1968	0.139234
1969	0.139130
1970	0.139044
1971	0.138976
1972	0.138928
1973	0.138898
1974	0.138887
1975	0.138895
1976	0.138923
1977	0.138970
1978	0.139036
1979	0.139123
1980	0.139229
1981	0.139356
1982	0.139503
1983	0.139670
1984	0.139858
1985	0.140067
1986	0.140297
1987	0.140548
1988	0.140821
1989	0.141115
1990	0.141430
1991	0.141767
1992	0.142127
1993	0.142508
1994	0.142912
1995	0.143338
1996	0.143787
1997	0.144259
1998	0.144753
1999	0.145271
2000	0.145812
2001	0.146377
2002	0.146966
2003	0.147582
2004	0.148226
2005	0.148902
2006	0.149609
2007	0.150342
2008	0.151090
2009	0.151829
2010	0.152532
2011	0.153168
2012	0.153710
2013	0.154140
2014	0.154452
2015	0.154652
2016	0.154763
2017	0.154817
2018	0.154845
2019	0.154870
2020	0.154894
2021	0.154903
2022	0.154864
2023	0.154741
2024	0.154510
2025	0.154167
2026	0.153731
2027	0.153241
2028	0.152746
2029	0.152300
2030	0.151947
2031	0.151711
2032	0.151593
2033	0.151571
2034	0.151612
2035	0.151681
2036	0.151754
2037	0.151824
2038	0.151908
2039	0.152033
2040	0.152234
2041	0.152539
2042	0.152958
2043	0.153485
2044	0.154096
2045	0.154763
2046	0.155458
2047	0.156159
2048	0.156854
2049	0.157536
2050	0.158199
2051	0.158835
2052	0.159437
2053	0.159994
2054	0.160460
2055	0.160778
2056	0.160916
2057	0.160878
2058	0.160701
2059	0.160450
2060	0.160191
2061	0.159987
2062	0.159882
2063	0.159910
2064	0.160083
2065	0.160390
2066	0.160798
2067	0.161257
2068	0.161712
2069	0.162125
2070	0.162491
2071	0.162836
2072	0.163169
2073	0.163492
2074	0.163806
2075	0.164110
2076	0.164406
2077	0.164694
2078	0.164975
2079	0.165248
2080	0.165516
2081	0.165777
2082	0.166033
2083	0.166284
2084	0.166531
2085	0.166773
2086	0.167012
2087	0.167247
2088	0.167479
2089	0.167709
2090	0.167936
2091	0.168161
2092	0.168384
2093	0.168606
2094	0.168827
2095	0.169046
2096	0.169264
2097	0.169482
2098	0.169699
2099	0.169916
2100	0.170133
2101	0.170349
2102	0.170565
2103	0.170781
2104	0.170997
2105	0.171214
2106	0.171430
2107	0.171646
2108	0.171863
2109	0.172079
2110	0.172295
2111	0.172511
2112	0.172727
2113	0.172942
2114	0.173157
2115	0.173371
2116	0.173584
2117	0.173796
2118	0.174006
2119	0.174215
2120	0.174422
2121	0.174627
2122	0.174830
2123	0.175030
2124	0.175227
2125	0.175420
2126	0.175610
2127	0.175795
2128	0.175976
2129	0.176152
2130	0.176322
2131	0.176487
2132	0.176645
2133	0.176796
2134	0.176939
2135	0.177075
2136	0.177202
2137	0.177319
2138	0.177428
2139	0.177525
2140	0.177612
2141	0.177687
2142	0.177749
2143	0.177799
2144	0.177835
2145	0.177856
2146	0.177862
2147	0.177852
2148	0.177825
2149	0.177781
2150	0.177717
2151	0.177635
2152	0.177524
2153	0.177367
2154	0.177169
2155	0.176959
2156	0.176775
2157	0.176645
2158	0.176586
2159	0.176601
2160	0.176682
2161	0.176818
2162	0.176993
2163	0.177185
2164	0.177365
2165	0.177506
2166	0.177585
2167	0.177602
2168	0.177572
2169	0.177525
2170	0.177477
2171	0.177422
2172	0.177355
2173	0.177277
2174	0.177191
2175	0.177097
2176	0.176996
2177	0.176890
2178	0.176779
2179	0.176665
2180	0.176549
2181	0.176432
2182	0.176315
2183	0.176198
2184	0.176083
2185	0.175970
2186	0.175861
2187	0.175755
2188	0.175654
2189	0.175559
2190	0.175469
2191	0.175386
2192	0.175309
2193	0.175241
2194	0.175180
2195	0.175127
2196	0.175084
2197	0.175049
2198	0.175024
2199	0.175008
2200	0.175002
2201	0.175006
2202	0.175019
2203	0.175043
2204	0.175077
2205	0.175121
2206	0.175175
2207	0.175238
2208	0.175312
2209	0.175395
2210	0.175487
2211	0.175588
2212	0.175697
2213	0.175816
2214	0.175941
2215	0.176075
2216	0.176215
2217	0.176362
2218	0.176514
2219	0.176672
2220	0.176834
2221	0.177000
2222	0.177169
2223	0.177340
2224	0.177512
2225	0.177686
2226	0.177858
2227	0.178030
2228	0.178199
2229	0.178365
2230	0.178526
2231	0.178681
2232	0.178830
2233	0.178970
2234	0.179101
2235	0.179222
2236	0.179331
2237	0.179426
2238	0.179506
2239	0.179570
2240	0.179617
2241	0.179644
2242	0.179650
2243	0.179633
2244	0.179592
2245	0.179525
2246	0.179430
2247	0.179305
2248	0.179149
2249	0.178959
2250	0.178734
2251	0.178471
2252	0.178141
2253	0.177691
2254	0.177164
2255	0.176669
2256	0.176304
2257	0.176117
2258	0.176098
2259	0.176197
2260	0.176353
2261	0.176513
2262	0.176633
2263	0.176663
2264	0.176551
2265	0.176259
2266	0.175791
2267	0.175206
2268	0.174610
2269	0.174113
2270	0.173751
2271	0.173467
2272	0.173229
2273	0.173033
2274	0.172875
2275	0.172754
2276	0.172665
2277	0.172607
2278	0.172575
2279	0.172567
2280	0.172582
2281	0.172615
2282	0.172665
2283	0.172730
2284	0.172807
2285	0.172894
2286	0.172990
2287	0.173092
2288	0.173198
2289	0.173307
2290	0.173417
2291	0.173527
2292	0.173636
2293	0.173741
2294	0.173843
2295	0.173939
2296	0.174030
2297	0.174114
2298	0.174189
2299	0.174257
2300	0.174316
2301	0.174365
2302	0.174405
2303	0.174435
2304	0.174455
2305	0.174465
2306	0.174466
2307	0.174456
2308	0.174437
2309	0.174409
2310	0.174372
2311	0.174328
2312	0.174276
2313	0.174217
2314	0.174153
2315	0.174085
2316	0.174013
2317	0.173939
2318	0.173864
2319	0.173789
2320	0.173717
2321	0.173648
2322	0.173584
2323	0.173528
2324	0.173482
2325	0.173446
2326	0.173424
2327	0.173417
2328	0.173429
2329	0.173461
2330	0.173516
2331	0.173596
2332	0.173706
2333	0.173846
2334	0.174021
2335	0.174234
2336	0.174486
2337	0.174783
2338	0.175128
2339	0.175523
2340	0.175972
2341	0.176479
2342	0.177049
2343	0.177684
2344	0.178389
2345	0.179168
2346	0.180025
2347	0.180965
2348	0.181992
2349	0.183110
2350	0.184324
2351	0.185639
2352	0.187073
2353	0.188660
2354	0.190394
2355	0.192234
2356	0.194125
2357	0.196022
2358	0.197899
2359	0.199748
2360	0.201573
2361	0.203384
2362	0.205194
2363	0.207030
2364	0.208925
2365	0.210920
2366	0.213041
2367	0.215292
2368	0.217645
2369	0.220059
2370	0.222510
2371	0.225012
2372	0.227575
2373	0.230199
2374	0.232885
2375	0.235632
2376	0.238440
2377	0.241309
2378	0.244239
2379	0.247231
2380	0.250283
2381	0.253397
2382	0.256572
2383	0.259809
2384	0.263106
2385	0.266465
2386	0.269885
2387	0.273366
2388	0.276908
2389	0.280511
2390	0.284176
2391	0.287902
2392	0.291689
2393	0.295537
2394	0.299447
2395	0.303417
2396	0.307449
2397	0.311542
2398	0.315696
2399	0.319912
2400	0.324189
2401	0.328526
2402	0.332925
2403	0.337386
2404	0.341907
2405	0.346490
2406	0.351133
2407	0.355838
2408	0.360605
2409	0.365432
2410	0.370321
2411	0.375270
2412	0.380281
2413	0.385354
2414	0.390487
2415	0.395682
2416	0.400937
2417	0.406254
2418	0.411632
2419	0.417072
2420	0.422572
2421	0.428134
2422	0.433757
2423	0.439441
2424	0.445186
2425	0.450993
2426	0.456861
2427	0.462790
2428	0.468780
2429	0.474831
2430	0.480944
2431	0.487117
2432	0.493352
2433	0.499648
2434	0.506006
2435	0.512424
2436	0.518904
2437	0.525445
2438	0.532047
2439	0.538710
2440	0.545435
2441	0.552220
2442	0.559067
2443	0.565975
2444	0.572944
2445	0.579975
2446	0.587067
2447	0.594219
2448	0.601433
2449	0.608709
2450	0.616045
2451	0.623443
2452	0.630902
2453	0.638422
2454	0.646003
2455	0.653645
2456	0.661349
2457	0.669114
2458	0.676940
2459	0.684827
2460	0.692775
2461	0.700785
2462	0.708856
2463	0.716988
2464	0.725181
2465	0.733435
2466	0.741751
2467	0.750128
2468	0.758566
2469	0.767065
2470	0.775625
2471	0.784247
2472	0.792930
2473	0.801673
2474	0.810479
2475	0.819345
2476	0.828273
2477	0.837261
2478	0.846311
2479	0.855422
2480	0.864595
2481	0.873828
2482	0.883123
2483	0.892479
2484	0.901896
2485	0.911374
2486	0.920914
2487	0.930514
2488	0.940176
2489	0.949899
2490	0.959684
2491	0.969529
2492	0.979436
2493	0.989404
2494	0.999433
2495	1.009523
2496	1.019675
2497	1.029887
2498	1.040161
2499	1.050496
2500	1.060892
