350	0.007834
351	0.007923
352	0.007996
353	0.008054
354	0.008098
355	0.008130
356	0.008152
357	0.008165
358	0.008166
359	0.008144
360	0.008075
361	0.008043
362	0.008057
363	0.008108
364	0.008186
365	0.008273
366	0.008359
367	0.008445
368	0.008527
369	0.008599
370	0.008661
371	0.008719
372	0.008777
373	0.008830
374	0.008870
375	0.008893
376	0.008907
377	0.008921
378	0.008941
379	0.008973
380	0.009035
381	0.009147
382	0.009313
383	0.009518
384	0.009739
385	0.009949
386	0.010130
387	0.010277
388	0.010397
389	0.010508
390	0.010629
391	0.010765
392	0.010917
393	0.011096
394	0.011311
395	0.011567
396	0.011853
397	0.012149
398	0.012437
399	0.012709
400	0.012965
401	0.013206
402	0.013439
403	0.013668
404	0.013896
405	0.014127
406	0.014364
407	0.014617
408	0.014891
409	0.015182
410	0.015484
411	0.015789
412	0.016089
413	0.016380
414	0.016659
415	0.016928
416	0.017186
417	0.017437
418	0.017679
419	0.017912
420	0.018139
421	0.018362
422	0.018586
423	0.018814
424	0.019048
425	0.019283
426	0.019513
427	0.019735
428	0.019950
429	0.020156
430	0.020350
431	0.020529
432	0.020692
433	0.020840
434	0.020979
435	0.021115
436	0.021254
437	0.021397
438	0.021544
439	0.021697
440	0.021853
441	0.022009
442	0.022162
443	0.022313
444	0.022459
445	0.022601
446	0.022742
447	0.022885
448	0.023029
449	0.023173
450	0.023317
451	0.023460
452	0.023599
453	0.023733
454	0.023859
455	0.023976
456	0.024084
457	0.024182
458	0.024274
459	0.024360
460	0.024444
461	0.024524
462	0.024600
463	0.024671
464	0.024741
465	0.024814
466	0.024892
467	0.024974
468	0.025060
469	0.025146
470	0.025232
471	0.025317
472	0.025402
473	0.025483
474	0.025560
475	0.025628
476	0.025687
477	0.025740
478	0.025788
479	0.025836
480	0.025890
481	0.025951
482	0.026021
483	0.026098
484	0.026182
485	0.026274
486	0.026373
487	0.026484
488	0.026607
489	0.026740
490	0.026880
491	0.027029
492	0.027188
493	0.027359
494	0.027542
495	0.027736
496	0.027940
497	0.028157
498	0.028391
499	0.028646
500	0.028924
501	0.029224
502	0.029548
503	0.029895
504	0.030266
505	0.030661
506	0.031077
507	0.031513
508	0.031968
509	0.032444
510	0.032944
511	0.033474
512	0.034037
513	0.034635
514	0.035267
515	0.035931
516	0.036623
517	0.037343
518	0.038086
519	0.038846
520	0.039616
521	0.040393
522	0.041176
523	0.041958
524	0.042734
525	0.043499
526	0.044250
527	0.044979
528	0.045684
529	0.046361
530	0.047012
531	0.047634
532	0.048229
533	0.048797
534	0.049339
535	0.049859
536	0.050354
537	0.050825
538	0.051271
539	0.051697
540	0.052107
541	0.052505
542	0.052891
543	0.053266
544	0.053630
545	0.053983
546	0.054324
547	0.054652
548	0.054962
549	0.055251
550	0.055512
551	0.055742
552	0.055936
553	0.056091
554	0.056202
555	0.056263
556	0.056273
557	0.056235
558	0.056155
559	0.056038
560	0.055889
561	0.055711
562	0.055505
563	0.055273
564	0.055021
565	0.054758
566	0.054489
567	0.054217
568	0.053939
569	0.053656
570	0.053370
571	0.053083
572	0.052798
573	0.052515
574	0.052232
575	0.051946
576	0.051658
577	0.051373
578	0.051102
579	0.050854
580	0.050633
581	0.050440
582	0.050272
583	0.050126
584	0.049998
585	0.049887
586	0.049791
587	0.049710
588	0.049637
589	0.049566
590	0.049492
591	0.049416
592	0.049344
593	0.049280
594	0.049225
595	0.049179
596	0.049141
597	0.049109
598	0.049081
599	0.049056
600	0.049028
601	0.048990
602	0.048933
603	0.048849
604	0.048738
605	0.048606
606	0.048459
607	0.048302
608	0.048138
609	0.047969
610	0.047797
611	0.047623
612	0.047448
613	0.047270
614	0.047091
615	0.046911
616	0.046732
617	0.046560
618	0.046402
619	0.046263
620	0.046148
621	0.046056
622	0.045988
623	0.045941
624	0.045915
625	0.045906
626	0.045910
627	0.045924
628	0.045943
629	0.045968
630	0.045993
631	0.046014
632	0.046024
633	0.046015
634	0.045981
635	0.045914
636	0.045810
637	0.045663
638	0.045473
639	0.045247
640	0.044988
641	0.044701
642	0.044393
643	0.044074
644	0.043755
645	0.043443
646	0.043146
647	0.042870
648	0.042621
649	0.042399
650	0.042205
651	0.042038
652	0.041888
653	0.041744
654	0.041594
655	0.041425
656	0.041228
657	0.041001
658	0.040743
659	0.040452
660	0.040130
661	0.039786
662	0.039429
663	0.039075
664	0.038736
665	0.038420
666	0.038130
667	0.037870
668	0.037645
669	0.037459
670	0.037313
671	0.037200
672	0.037118
673	0.037064
674	0.037036
675	0.037038
676	0.037070
677	0.037138
678	0.037244
679	0.037395
680	0.037606
681	0.037899
682	0.038291
683	0.038793
684	0.039406
685	0.040137
686	0.040992
687	0.041975
688	0.043088
689	0.044326
690	0.045686
691	0.047170
692	0.048783
693	0.050528
694	0.052407
695	0.054417
696	0.056550
697	0.058793
698	0.061131
699	0.063545
700	0.066019
701	0.068536
702	0.071078
703	0.073636
704	0.076201
705	0.078775
706	0.081358
707	0.083954
708	0.086571
709	0.089215
710	0.091887
711	0.094588
712	0.097326
713	0.100124
714	0.103007
715	0.105984
716	0.109044
717	0.112178
718	0.115383
719	0.118663
720	0.122016
721	0.125431
722	0.128890
723	0.132373
724	0.135875
725	0.139398
726	0.142948
727	0.146523
728	0.150100
729	0.153652
730	0.157155
731	0.160600
732	0.163986
733	0.167311
734	0.170563
735	0.173733
736	0.176816
737	0.179805
738	0.182699
739	0.185491
740	0.188176
741	0.190743
742	0.193185
743	0.195501
744	0.197689
745	0.199748
746	0.201680
747	0.203491
748	0.205191
749	0.206789
750	0.208280
751	0.209640
752	0.210859
753	0.211970
754	0.213031
755	0.214074
756	0.215095
757	0.216069
758	0.216970
759	0.217779
760	0.218497
761	0.219132
762	0.219690
763	0.220171
764	0.220579
765	0.220937
766	0.221285
767	0.221673
768	0.222124
769	0.222611
770	0.223085
771	0.223520
772	0.223917
773	0.224277
774	0.224604
775	0.224903
776	0.225187
777	0.225464
778	0.225740
779	0.226009
780	0.226267
781	0.226510
782	0.226735
783	0.226945
784	0.227145
785	0.227339
786	0.227532
787	0.227726
788	0.227926
789	0.228136
790	0.228357
791	0.228586
792	0.228814
793	0.229031
794	0.229231
795	0.229417
796	0.229593
797	0.229764
798	0.229937
799	0.230117
800	0.230303
801	0.230494
802	0.230691
803	0.230889
804	0.231077
805	0.231245
806	0.231388
807	0.231509
808	0.231616
809	0.231716
810	0.231817
811	0.231925
812	0.232045
813	0.232173
814	0.232301
815	0.232433
816	0.232585
817	0.232767
818	0.232967
819	0.233168
820	0.233362
821	0.233558
822	0.233761
823	0.233972
824	0.234184
825	0.234385
826	0.234572
827	0.234751
828	0.234934
829	0.235131
830	0.235345
831	0.235562
832	0.235765
833	0.235947
834	0.236118
835	0.236292
836	0.236477
837	0.236670
838	0.236871
839	0.237081
840	0.237301
841	0.237525
842	0.237745
843	0.237956
844	0.238154
845	0.238338
846	0.238512
847	0.238683
848	0.238862
849	0.239056
850	0.239260
851	0.239461
852	0.239652
853	0.239831
854	0.239999
855	0.240158
856	0.240308
857	0.240453
858	0.240600
859	0.240762
860	0.240945
861	0.241150
862	0.241364
863	0.241570
864	0.241750
865	0.241900
866	0.242036
867	0.242170
868	0.242302
869	0.242426
870	0.242540
871	0.242655
872	0.242778
873	0.242907
874	0.243031
875	0.243141
876	0.243237
877	0.243328
878	0.243422
879	0.243521
880	0.243628
881	0.243738
882	0.243834
883	0.243904
884	0.243950
885	0.243984
886	0.244012
887	0.244033
888	0.244046
889	0.244056
890	0.244066
891	0.244082
892	0.244110
893	0.244156
894	0.244217
895	0.244286
896	0.244346
897	0.244383
898	0.244389
899	0.244365
900	0.244321
901	0.244273
902	0.244237
903	0.244224
904	0.244242
905	0.244296
906	0.244386
907	0.244503
908	0.244625
909	0.244727
910	0.244794
911	0.244825
912	0.244829
913	0.244817
914	0.244798
915	0.244780
916	0.244761
917	0.244737
918	0.244706
919	0.244670
920	0.244634
921	0.244593
922	0.244545
923	0.244494
924	0.244440
925	0.244378
926	0.244295
927	0.244181
928	0.244030
929	0.243843
930	0.243626
931	0.243383
932	0.243117
933	0.242827
934	0.242517
935	0.242186
936	0.241837
937	0.241471
938	0.241090
939	0.240695
940	0.240288
941	0.239869
942	0.239441
943	0.239005
944	0.238562
945	0.238114
946	0.237662
947	0.237208
948	0.236754
949	0.236300
950	0.235848
951	0.235400
952	0.234957
953	0.234520
954	0.234092
955	0.233673
956	0.233265
957	0.232870
958	0.232488
959	0.232122
960	0.231772
961	0.231441
962	0.231130
963	0.230840
964	0.230572
965	0.230329
966	0.230112
967	0.229921
968	0.229759
969	0.229627
970	0.229527
971	0.229459
972	0.229426
973	0.229429
974	0.229469
975	0.229548
976	0.229667
977	0.229828
978	0.230032
979	0.230281
980	0.230576
981	0.230919
982	0.231312
983	0.231760
984	0.232267
985	0.232831
986	0.233446
987	0.234104
988	0.234797
989	0.235516
990	0.236252
991	0.236999
992	0.237750
993	0.238503
994	0.239255
995	0.240009
996	0.240767
997	0.241533
998	0.242305
999	0.243081
1000	0.243857
1001	0.244631
1002	0.245401
1003	0.246167
1004	0.246927
1005	0.247679
1006	0.248423
1007	0.249158
1008	0.249881
1009	0.250593
1010	0.251292
1011	0.251976
1012	0.252647
1013	0.253301
1014	0.253940
1015	0.254561
1016	0.255165
1017	0.255751
1018	0.256319
1019	0.256868
1020	0.257397
1021	0.257907
1022	0.258397
1023	0.258867
1024	0.259317
1025	0.259746
1026	0.260156
1027	0.260546
1028	0.260916
1029	0.261267
1030	0.261598
1031	0.261910
1032	0.262204
1033	0.262480
1034	0.262742
1035	0.262989
1036	0.263218
1037	0.263428
1038	0.263616
1039	0.263783
1040	0.263930
1041	0.264059
1042	0.264176
1043	0.264285
1044	0.264390
1045	0.264498
1046	0.264614
1047	0.264741
1048	0.264882
1049	0.265034
1050	0.265195
1051	0.265363
1052	0.265538
1053	0.265718
1054	0.265904
1055	0.266094
1056	0.266287
1057	0.266484
1058	0.266683
1059	0.266884
1060	0.267086
1061	0.267288
1062	0.267490
1063	0.267691
1064	0.267890
1065	0.268087
1066	0.268281
1067	0.268471
1068	0.268657
1069	0.268838
1070	0.269013
1071	0.269182
1072	0.269343
1073	0.269497
1074	0.269642
1075	0.269778
1076	0.269904
1077	0.270020
1078	0.270125
1079	0.270218
1080	0.270298
1081	0.270365
1082	0.270418
1083	0.270457
1084	0.270480
1085	0.270488
1086	0.270479
1087	0.270452
1088	0.270408
1089	0.270345
1090	0.270263
1091	0.270161
1092	0.270034
1093	0.269874
1094	0.269683
1095	0.269479
1096	0.269277
1097	0.269093
1098	0.268926
1099	0.268762
1100	0.268594
1101	0.268421
1102	0.268240
1103	0.268052
1104	0.267853
1105	0.267630
1106	0.267366
1107	0.267050
1108	0.266678
1109	0.266251
1110	0.265765
1111	0.265219
1112	0.264632
1113	0.264040
1114	0.263489
1115	0.263028
1116	0.262690
1117	0.262485
1118	0.262410
1119	0.262450
1120	0.262571
1121	0.262739
1122	0.262921
1123	0.263080
1124	0.263161
1125	0.263099
1126	0.262840
1127	0.262345
1128	0.261603
1129	0.260637
1130	0.259483
1131	0.258186
1132	0.256795
1133	0.255371
1134	0.253969
1135	0.252624
1136	0.251345
1137	0.250101
1138	0.248834
1139	0.247501
1140	0.246096
1141	0.244643
1142	0.243168
1143	0.241685
1144	0.240203
1145	0.238746
1146	0.237359
1147	0.236090
1148	0.234963
1149	0.233969
1150	0.233084
1151	0.232284
1152	0.231551
1153	0.230882
1154	0.230271
1155	0.229700
1156	0.229143
1157	0.228593
1158	0.228070
1159	0.227606
1160	0.227231
1161	0.226947
1162	0.226733
1163	0.226564
1164	0.226423
1165	0.226301
1166	0.226195
1167	0.226097
1168	0.225994
1169	0.225879
1170	0.225754
1171	0.225625
1172	0.225498
1173	0.225377
1174	0.225261
1175	0.225152
1176	0.225058
1177	0.224986
1178	0.224934
1179	0.224898
1180	0.224865
1181	0.224824
1182	0.224766
1183	0.224689
1184	0.224598
1185	0.224499
1186	0.224403
1187	0.224319
1188	0.224255
1189	0.224207
1190	0.224170
1191	0.224134
1192	0.224096
1193	0.224060
1194	0.224034
1195	0.224026
1196	0.224040
1197	0.224079
1198	0.224147
1199	0.224242
1200	0.224356
1201	0.224476
1202	0.224591
1203	0.224691
1204	0.224779
1205	0.224869
1206	0.224974
1207	0.225102
1208	0.225257
1209	0.225435
1210	0.225630
1211	0.225840
1212	0.226063
1213	0.226298
1214	0.226548
1215	0.226812
1216	0.227087
1217	0.227366
1218	0.227640
1219	0.227901
1220	0.228144
1221	0.228367
1222	0.228572
1223	0.228762
1224	0.228943
1225	0.229126
1226	0.229320
1227	0.229531
1228	0.229759
1229	0.229997
1230	0.230235
1231	0.230469
1232	0.230695
1233	0.230917
1234	0.231138
1235	0.231362
1236	0.231591
1237	0.231826
1238	0.232068
1239	0.232314
1240	0.232562
1241	0.232803
1242	0.233031
1243	0.233242
1244	0.233436
1245	0.233620
1246	0.233801
1247	0.233982
1248	0.234160
1249	0.234330
1250	0.234488
1251	0.234629
1252	0.234753
1253	0.234856
1254	0.234934
1255	0.234980
1256	0.234987
1257	0.234957
1258	0.234897
1259	0.234821
1260	0.234750
1261	0.234709
1262	0.234718
1263	0.234787
1264	0.234917
1265	0.235093
1266	0.235289
1267	0.235474
1268	0.235617
1269	0.235698
1270	0.235707
1271	0.235648
1272	0.235539
1273	0.235404
1274	0.235267
1275	0.235153
1276	0.235078
1277	0.235042
1278	0.235037
1279	0.235048
1280	0.235054
1281	0.235039
1282	0.234996
1283	0.234930
1284	0.234846
1285	0.234749
1286	0.234644
1287	0.234531
1288	0.234407
1289	0.234271
1290	0.234121
1291	0.233949
1292	0.233746
1293	0.233504
1294	0.233219
1295	0.232892
1296	0.232538
1297	0.232172
1298	0.231809
1299	0.231452
1300	0.231099
1301	0.230738
1302	0.230357
1303	0.229945
1304	0.229494
1305	0.229004
1306	0.228467
1307	0.227875
1308	0.227225
1309	0.226519
1310	0.225769
1311	0.224989
1312	0.224190
1313	0.223375
1314	0.222547
1315	0.221711
1316	0.220870
1317	0.220029
1318	0.219191
1319	0.218351
1320	0.217502
1321	0.216637
1322	0.215750
1323	0.214846
1324	0.213927
1325	0.212993
1326	0.212043
1327	0.211078
1328	0.210098
1329	0.209103
1330	0.208093
1331	0.207067
1332	0.206026
1333	0.204969
1334	0.203897
1335	0.202810
1336	0.201708
1337	0.200591
1338	0.199458
1339	0.198309
1340	0.197146
1341	0.195966
1342	0.194772
1343	0.193562
1344	0.192337
1345	0.191096
1346	0.189840
1347	0.188569
1348	0.187282
1349	0.185980
1350	0.184662
1351	0.183329
1352	0.181980
1353	0.180616
1354	0.179236
1355	0.177841
1356	0.176430
1357	0.175004
1358	0.173563
1359	0.172105
1360	0.170632
1361	0.169144
1362	0.167640
1363	0.166121
1364	0.164586
1365	0.163030
1366	0.161442
1367	0.159829
1368	0.158208
1369	0.156603
1370	0.155031
1371	0.153500
1372	0.152010
1373	0.150558
1374	0.149136
1375	0.147737
1376	0.146348
1377	0.144954
1378	0.143540
1379	0.142097
1380	0.140626
1381	0.139137
1382	0.137650
1383	0.136174
1384	0.134701
1385	0.133229
1386	0.131756
1387	0.130284
1388	0.128812
1389	0.127339
1390	0.125867
1391	0.124379
1392	0.122850
1393	0.121317
1394	0.119849
1395	0.118492
1396	0.117247
1397	0.116074
1398	0.114915
1399	0.113709
1400	0.112412
1401	0.110994
1402	0.109433
1403	0.107713
1404	0.105839
1405	0.103845
1406	0.101802
1407	0.099796
1408	0.097903
1409	0.096140
1410	0.094464
1411	0.092853
1412	0.091308
1413	0.089826
1414	0.088406
1415	0.087049
1416	0.085752
1417	0.084514
1418	0.083336
1419	0.082215
1420	0.081150
1421	0.080141
1422	0.079187
1423	0.078286
1424	0.077438
1425	0.076641
1426	0.075895
1427	0.075198
1428	0.074550
1429	0.073950
1430	0.073396
1431	0.072887
1432	0.072423
1433	0.072003
1434	0.071625
1435	0.071288
1436	0.070992
1437	0.070735
1438	0.070517
1439	0.070336
1440	0.070192
1441	0.070082
1442	0.070008
1443	0.069967
1444	0.069958
1445	0.069980
1446	0.070033
1447	0.070115
1448	0.070226
1449	0.070364
1450	0.070528
1451	0.070717
1452	0.070942
1453	0.071219
1454	0.071533
1455	0.071844
1456	0.072117
1457	0.072329
1458	0.072461
1459	0.072499
1460	0.072444
1461	0.072330
1462	0.072216
1463	0.072182
1464	0.072284
1465	0.072535
1466	0.072901
1467	0.073326
1468	0.073758
1469	0.074158
1470	0.074514
1471	0.074831
1472	0.075098
1473	0.075309
1474	0.075484
1475	0.075678
1476	0.075945
1477	0.076302
1478	0.076734
1479	0.077209
1480	0.077693
1481	0.078172
1482	0.078649
1483	0.079128
1484	0.079598
1485	0.080037
1486	0.080432
1487	0.080786
1488	0.081117
1489	0.081456
1490	0.081839
1491	0.082291
1492	0.082813
1493	0.083390
1494	0.083992
1495	0.084580
1496	0.085117
1497	0.085590
1498	0.086004
1499	0.086378
1500	0.086739
1501	0.087118
1502	0.087534
1503	0.087996
1504	0.088516
1505	0.089100
1506	0.089737
1507	0.090404
1508	0.091071
1509	0.091707
1510	0.092301
1511	0.092861
1512	0.093403
1513	0.093942
1514	0.094480
1515	0.095012
1516	0.095538
1517	0.096063
1518	0.096594
1519	0.097140
1520	0.097700
1521	0.098265
1522	0.098829
1523	0.099388
1524	0.099941
1525	0.100493
1526	0.101049
1527	0.101610
1528	0.102173
1529	0.102730
1530	0.103276
1531	0.103809
1532	0.104333
1533	0.104854
1534	0.105376
1535	0.105896
1536	0.106409
1537	0.106911
1538	0.107405
1539	0.107892
1540	0.108376
1541	0.108853
1542	0.109316
1543	0.109768
1544	0.110217
1545	0.110677
1546	0.111159
1547	0.111666
1548	0.112188
1549	0.112713
1550	0.113232
1551	0.113738
1552	0.114225
1553	0.114688
1554	0.115126
1555	0.115547
1556	0.115965
1557	0.116395
1558	0.116849
1559	0.117328
1560	0.117822
1561	0.118312
1562	0.118785
1563	0.119229
1564	0.119642
1565	0.120023
1566	0.120376
1567	0.120709
1568	0.121037
1569	0.121379
1570	0.121753
1571	0.122164
1572	0.122605
1573	0.123066
1574	0.123530
1575	0.123984
1576	0.124421
1577	0.124842
1578	0.125243
1579	0.125627
1580	0.126000
1581	0.126368
1582	0.126738
1583	0.127113
1584	0.127495
1585	0.127879
1586	0.128257
1587	0.128629
1588	0.128993
1589	0.129349
1590	0.129696
1591	0.130033
1592	0.130355
1593	0.130667
1594	0.130979
1595	0.131304
1596	0.131648
1597	0.132006
1598	0.132367
1599	0.132717
1600	0.133049
1601	0.133370
1602	0.133692
1603	0.134029
1604	0.134385
1605	0.134760
1606	0.135148
1607	0.135554
1608	0.135984
1609	0.136441
1610	0.136912
1611	0.137372
1612	0.137792
1613	0.138153
1614	0.138455
1615	0.138713
1616	0.138948
1617	0.139172
1618	0.139388
1619	0.139596
1620	0.139802
1621	0.140022
1622	0.140271
1623	0.140552
1624	0.140852
1625	0.141151
1626	0.141432
1627	0.141689
1628	0.141929
1629	0.142159
1630	0.142386
1631	0.142614
1632	0.142849
1633	0.143095
1634	0.143358
1635	0.143634
1636	0.143915
1637	0.144186
1638	0.144431
1639	0.144641
1640	0.144813
1641	0.144951
1642	0.145067
1643	0.145178
1644	0.145297
1645	0.145429
1646	0.145573
1647	0.145726
1648	0.145884
1649	0.146045
1650	0.146204
1651	0.146353
1652	0.146481
1653	0.146582
1654	0.146659
1655	0.146724
1656	0.146785
1657	0.146845
1658	0.146896
1659	0.146932
1660	0.146953
1661	0.146963
1662	0.146974
1663	0.146992
1664	0.147016
1665	0.147045
1666	0.147071
1667	0.147085
1668	0.147079
1669	0.147046
1670	0.146985
1671	0.146896
1672	0.146784
1673	0.146656
1674	0.146516
1675	0.146370
1676	0.146229
1677	0.146111
1678	0.146025
1679	0.145973
1680	0.145943
1681	0.145911
1682	0.145858
1683	0.145772
1684	0.145649
1685	0.145489
1686	0.145300
1687	0.145097
1688	0.144891
1689	0.144691
1690	0.144500
1691	0.144313
1692	0.144124
1693	0.143937
1694	0.143757
1695	0.143581
1696	0.143402
1697	0.143211
1698	0.143002
1699	0.142774
1700	0.142534
1701	0.142286
1702	0.142023
1703	0.141740
1704	0.141447
1705	0.141167
1706	0.140934
1707	0.140771
1708	0.140672
1709	0.140606
1710	0.140529
1711	0.140406
1712	0.140224
1713	0.139983
1714	0.139698
1715	0.139390
1716	0.139084
1717	0.138804
1718	0.138563
1719	0.138365
1720	0.138201
1721	0.138050
1722	0.137889
1723	0.137694
1724	0.137449
1725	0.137157
1726	0.136831
1727	0.136497
1728	0.136176
1729	0.135883
1730	0.135624
1731	0.135399
1732	0.135203
1733	0.135029
1734	0.134868
1735	0.134700
1736	0.134506
1737	0.134271
1738	0.133995
1739	0.133695
1740	0.133396
1741	0.133119
1742	0.132873
1743	0.132651
1744	0.132431
1745	0.132191
1746	0.131909
1747	0.131581
1748	0.131218
1749	0.130839
1750	0.130469
1751	0.130117
1752	0.129786
1753	0.129480
1754	0.129201
1755	0.128945
1756	0.128698
1757	0.128432
1758	0.128119
1759	0.127750
1760	0.127340
1761	0.126927
1762	0.126545
1763	0.126217
1764	0.125943
1765	0.125714
1766	0.125513
1767	0.125319
1768	0.125105
1769	0.124850
1770	0.124534
1771	0.124151
1772	0.123711
1773	0.123236
1774	0.122753
1775	0.122290
1776	0.121865
1777	0.121489
1778	0.121157
1779	0.120851
1780	0.120546
1781	0.120217
1782	0.119851
1783	0.119456
1784	0.119047
1785	0.118636
1786	0.118227
1787	0.117821
1788	0.117420
1789	0.117019
1790	0.116618
1791	0.116217
1792	0.115816
1793	0.115414
1794	0.115013
1795	0.114612
1796	0.114211
1797	0.113810
1798	0.113409
1799	0.113007
1800	0.112606
1801	0.112205
1802	0.111804
1803	0.111403
1804	0.111002
1805	0.110601
1806	0.110199
1807	0.109798
1808	0.109397
1809	0.108996
1810	0.108595
1811	0.108194
1812	0.107793
1813	0.107391
1814	0.106990
1815	0.106589
1816	0.106188
1817	0.105787
1818	0.105386
1819	0.104984
1820	0.104583
1821	0.104182
1822	0.103781
1823	0.103380
1824	0.102979
1825	0.102578
1826	0.102176
1827	0.101775
1828	0.101374
1829	0.100973
1830	0.100572
1831	0.100171
1832	0.099769
1833	0.099368
1834	0.098967
1835	0.098566
1836	0.098165
1837	0.097764
1838	0.097363
1839	0.096961
1840	0.096560
1841	0.096159
1842	0.095758
1843	0.095357
1844	0.094956
1845	0.094555
1846	0.094153
1847	0.093752
1848	0.093351
1849	0.092950
1850	0.092549
1851	0.092148
1852	0.091746
1853	0.091345
1854	0.090944
1855	0.090543
1856	0.090142
1857	0.089741
1858	0.089340
1859	0.088938
1860	0.088537
1861	0.088136
1862	0.087735
1863	0.087334
1864	0.086933
1865	0.086531
1866	0.086130
1867	0.085729
1868	0.085328
1869	0.084927
1870	0.084526
1871	0.084125
1872	0.083723
1873	0.083322
1874	0.082921
1875	0.082520
1876	0.082119
1877	0.081718
1878	0.081317
1879	0.080915
1880	0.080514
1881	0.080113
1882	0.079712
1883	0.079311
1884	0.078910
1885	0.078508
1886	0.078107
1887	0.077706
1888	0.077305
1889	0.076904
1890	0.076503
1891	0.076102
1892	0.075700
1893	0.075299
1894	0.074898
1895	0.074497
1896	0.074096
1897	0.073695
1898	0.073293
1899	0.072892
1900	0.072491
1901	0.072090
1902	0.071689
1903	0.071288
1904	0.070887
1905	0.070485
1906	0.070084
1907	0.069683
1908	0.069282
1909	0.068881
1910	0.068480
1911	0.068079
1912	0.067677
1913	0.067276
1914	0.066875
1915	0.066474
1916	0.066073
1917	0.065672
1918	0.065270
1919	0.064869
1920	0.064468
1921	0.064067
1922	0.063666
1923	0.063265
1924	0.062864
1925	0.062462
1926	0.062061
1927	0.061660
1928	0.061259
1929	0.060858
1930	0.060457
1931	0.060055
1932	0.059654
1933	0.059253
1934	0.058852
1935	0.058451
1936	0.058050
1937	0.057649
1938	0.057247
1939	0.056846
1940	0.056445
1941	0.056039
1942	0.055622
1943	0.055203
1944	0.054802
1945	0.054433
1946	0.054096
1947	0.053782
1948	0.053475
1949	0.053156
1950	0.052814
1951	0.052438
1952	0.052022
1953	0.051558
1954	0.051049
1955	0.050502
1956	0.049936
1957	0.049377
1958	0.048846
1959	0.048350
1960	0.047879
1961	0.047428
1962	0.046998
1963	0.046589
1964	0.046203
1965	0.045840
1966	0.045501
1967	0.045187
1968	0.044899
1969	0.044638
1970	0.044404
1971	0.044199
1972	0.044023
1973	0.043877
1974	0.043762
1975	0.043679
1976	0.043629
1977	0.043612
1978	0.043630
1979	0.043683
1980	0.043772
1981	0.043898
1982	0.044062
1983	0.044264
1984	0.044506
1985	0.044789
1986	0.045112
1987	0.045478
1988	0.045886
1989	0.046339
1990	0.046836
1991	0.047378
1992	0.047967
1993	0.048603
1994	0.049287
1995	0.050020
1996	0.050803
1997	0.051637
1998	0.052521
1999	0.053459
2000	0.054449
2001	0.055493
2002	0.056605
2003	0.057832
2004	0.059221
2005	0.060716
2006	0.062182
2007	0.063467
2008	0.064441
2009	0.065012
2010	0.065134
2011	0.064798
2012	0.064022
2013	0.062857
2014	0.061425
2015	0.059902
2016	0.058484
2017	0.057322
2018	0.056478
2019	0.055908
2020	0.055509
2021	0.055208
2022	0.054985
2023	0.054807
2024	0.054637
2025	0.054463
2026	0.054288
2027	0.054134
2028	0.054041
2029	0.054050
2030	0.054194
2031	0.054481
2032	0.054882
2033	0.055339
2034	0.055785
2035	0.056154
2036	0.056399
2037	0.056522
2038	0.056567
2039	0.056593
2040	0.056666
2041	0.056843
2042	0.057143
2043	0.057559
2044	0.058053
2045	0.058574
2046	0.059082
2047	0.059558
2048	0.060014
2049	0.060487
2050	0.061011
2051	0.061612
2052	0.062268
2053	0.062905
2054	0.063452
2055	0.063866
2056	0.064118
2057	0.064186
2058	0.064075
2059	0.063827
2060	0.063515
2061	0.063227
2062	0.063037
2063	0.062961
2064	0.062972
2065	0.063015
2066	0.063036
2067	0.063010
2068	0.062959
2069	0.062931
2070	0.062949
2071	0.062997
2072	0.063065
2073	0.063151
2074	0.063254
2075	0.063374
2076	0.063510
2077	0.063660
2078	0.063824
2079	0.064001
2080	0.064190
2081	0.064390
2082	0.064600
2083	0.064819
2084	0.065047
2085	0.065283
2086	0.065526
2087	0.065775
2088	0.066030
2089	0.066290
2090	0.066554
2091	0.066822
2092	0.067093
2093	0.067366
2094	0.067642
2095	0.067918
2096	0.068196
2097	0.068473
2098	0.068751
2099	0.069028
2100	0.069304
2101	0.069578
2102	0.069851
2103	0.070121
2104	0.070389
2105	0.070653
2106	0.070915
2107	0.071173
2108	0.071427
2109	0.071677
2110	0.071922
2111	0.072164
2112	0.072401
2113	0.072633
2114	0.072860
2115	0.073082
2116	0.073299
2117	0.073510
2118	0.073717
2119	0.073918
2120	0.074114
2121	0.074305
2122	0.074491
2123	0.074672
2124	0.074847
2125	0.075018
2126	0.075184
2127	0.075346
2128	0.075503
2129	0.075656
2130	0.075804
2131	0.075950
2132	0.076091
2133	0.076230
2134	0.076365
2135	0.076499
2136	0.076630
2137	0.076759
2138	0.076886
2139	0.077013
2140	0.077139
2141	0.077266
2142	0.077392
2143	0.077520
2144	0.077649
2145	0.077780
2146	0.077914
2147	0.078050
2148	0.078191
2149	0.078336
2150	0.078487
2151	0.078643
2152	0.078812
2153	0.079009
2154	0.079223
2155	0.079425
2156	0.079592
2157	0.079710
2158	0.079784
2159	0.079825
2160	0.079852
2161	0.079879
2162	0.079919
2163	0.079986
2164	0.080095
2165	0.080258
2166	0.080473
2167	0.080725
2168	0.080988
2169	0.081233
2170	0.081449
2171	0.081648
2172	0.081839
2173	0.082021
2174	0.082194
2175	0.082358
2176	0.082513
2177	0.082659
2178	0.082796
2179	0.082924
2180	0.083043
2181	0.083153
2182	0.083255
2183	0.083347
2184	0.083431
2185	0.083505
2186	0.083571
2187	0.083629
2188	0.083678
2189	0.083718
2190	0.083750
2191	0.083774
2192	0.083790
2193	0.083798
2194	0.083797
2195	0.083790
2196	0.083774
2197	0.083752
2198	0.083722
2199	0.083685
2200	0.083641
2201	0.083591
2202	0.083535
2203	0.083472
2204	0.083403
2205	0.083329
2206	0.083249
2207	0.083164
2208	0.083074
2209	0.082979
2210	0.082880
2211	0.082777
2212	0.082670
2213	0.082560
2214	0.082446
2215	0.082330
2216	0.082211
2217	0.082091
2218	0.081968
2219	0.081844
2220	0.081719
2221	0.081594
2222	0.081468
2223	0.081342
2224	0.081217
2225	0.081093
2226	0.080970
2227	0.080850
2228	0.080731
2229	0.080615
2230	0.080503
2231	0.080394
2232	0.080290
2233	0.080190
2234	0.080095
2235	0.080007
2236	0.079924
2237	0.079848
2238	0.079779
2239	0.079719
2240	0.079666
2241	0.079623
2242	0.079589
2243	0.079566
2244	0.079553
2245	0.079551
2246	0.079562
2247	0.079584
2248	0.079621
2249	0.079670
2250	0.079735
2251	0.079814
2252	0.079852
2253	0.079755
2254	0.079660
2255	0.079815
2256	0.080398
2257	0.081423
2258	0.082754
2259	0.084176
2260	0.085465
2261	0.086446
2262	0.086994
2263	0.087000
2264	0.086385
2265	0.085138
2266	0.083365
2267	0.081296
2268	0.079243
2269	0.077473
2270	0.076055
2271	0.074834
2272	0.073733
2273	0.072747
2274	0.071871
2275	0.071099
2276	0.070427
2277	0.069849
2278	0.069363
2279	0.068962
2280	0.068642
2281	0.068399
2282	0.068229
2283	0.068127
2284	0.068089
2285	0.068112
2286	0.068191
2287	0.068323
2288	0.068503
2289	0.068728
2290	0.068995
2291	0.069300
2292	0.069639
2293	0.070010
2294	0.070409
2295	0.070833
2296	0.071278
2297	0.071743
2298	0.072224
2299	0.072718
2300	0.073223
2301	0.073736
2302	0.074254
2303	0.074776
2304	0.075299
2305	0.075820
2306	0.076338
2307	0.076851
2308	0.077356
2309	0.077852
2310	0.078337
2311	0.078809
2312	0.079267
2313	0.079709
2314	0.080134
2315	0.080541
2316	0.080928
2317	0.081294
2318	0.081638
2319	0.081959
2320	0.082257
2321	0.082530
2322	0.082778
2323	0.083000
2324	0.083197
2325	0.083366
2326	0.083509
2327	0.083624
2328	0.083713
2329	0.083774
2330	0.083807
2331	0.083814
2332	0.083793
2333	0.083746
2334	0.083673
2335	0.083574
2336	0.083450
2337	0.083302
2338	0.083130
2339	0.082935
2340	0.082719
2341	0.082481
2342	0.082224
2343	0.081949
2344	0.081656
2345	0.081348
2346	0.081026
2347	0.080691
2348	0.080345
2349	0.079990
2350	0.079627
2351	0.079259
2352	0.078893
2353	0.078539
2354	0.078198
2355	0.077856
2356	0.077495
2357	0.077099
2358	0.076661
2359	0.076176
2360	0.075645
2361	0.075072
2362	0.074459
2363	0.073815
2364	0.073152
2365	0.072481
2366	0.071814
2367	0.071151
2368	0.070484
2369	0.069799
2370	0.069087
2371	0.068355
2372	0.067604
2373	0.066835
2374	0.066048
2375	0.065243
2376	0.064420
2377	0.063579
2378	0.062720
2379	0.061843
2380	0.060948
2381	0.060034
2382	0.059103
2383	0.058154
2384	0.057186
2385	0.056200
2386	0.055197
2387	0.054175
2388	0.053135
2389	0.052077
2390	0.051001
2391	0.049907
2392	0.048795
2393	0.047665
2394	0.046517
2395	0.045350
2396	0.044166
2397	0.042963
2398	0.041743
2399	0.040504
2400	0.039247
2401	0.037973
2402	0.036680
2403	0.035369
2404	0.034040
2405	0.032693
2406	0.031328
2407	0.029945
2408	0.028543
2409	0.027124
2410	0.025686
2411	0.024231
2412	0.022757
2413	0.021266
2414	0.019756
2415	0.018228
2416	0.016682
2417	0.015119
2418	0.013537
2419	0.011937
2420	0.010318
2421	0.008682
2422	0.007028
2423	0.005356
2424	0.003665
2425	0.001957
2426	0.000230
2427	-0.001514
2428	-0.003277
2429	-0.005058
2430	-0.006857
2431	-0.008674
2432	-0.010509
2433	-0.012362
2434	-0.014233
2435	-0.016122
2436	-0.018029
2437	-0.019955
2438	-0.021898
2439	-0.023860
2440	-0.025839
2441	-0.027837
2442	-0.029852
2443	-0.031886
2444	-0.033938
2445	-0.036008
2446	-0.038096
2447	-0.040202
2448	-0.042326
2449	-0.044468
2450	-0.046629
2451	-0.048807
2452	-0.051003
2453	-0.053218
2454	-0.055450
2455	-0.057701
2456	-0.059970
2457	-0.062257
2458	-0.064561
2459	-0.066884
2460	-0.069225
2461	-0.071584
2462	-0.073961
2463	-0.076357
2464	-0.078770
2465	-0.081201
2466	-0.083651
2467	-0.086118
2468	-0.088604
2469	-0.091107
2470	-0.093629
2471	-0.096169
2472	-0.098727
2473	-0.101303
2474	-0.103897
2475	-0.106509
2476	-0.109139
2477	-0.111787
2478	-0.114453
2479	-0.117138
2480	-0.119840
2481	-0.122560
2482	-0.125299
2483	-0.128056
2484	-0.130830
2485	-0.133623
2486	-0.136434
2487	-0.139263
2488	-0.142110
2489	-0.144975
2490	-0.147858
2491	-0.150759
2492	-0.153678
2493	-0.156616
2494	-0.159571
2495	-0.162545
2496	-0.165536
2497	-0.168546
2498	-0.171574
2499	-0.174619
2500	-0.177683
