350	0.021275
351	0.021377
352	0.021479
353	0.021582
354	0.021686
355	0.021789
356	0.021893
357	0.021997
358	0.022102
359	0.022207
360	0.022314
361	0.022419
362	0.022521
363	0.022618
364	0.022710
365	0.022797
366	0.022880
367	0.022959
368	0.023036
369	0.023111
370	0.023188
371	0.023267
372	0.023351
373	0.023442
374	0.023540
375	0.023643
376	0.023749
377	0.023857
378	0.023967
379	0.024081
380	0.024201
381	0.024331
382	0.024473
383	0.024630
384	0.024800
385	0.024982
386	0.025171
387	0.025361
388	0.025547
389	0.025725
390	0.025892
391	0.026052
392	0.026208
393	0.026367
394	0.026536
395	0.026718
396	0.026915
397	0.027125
398	0.027344
399	0.027565
400	0.027784
401	0.027996
402	0.028197
403	0.028389
404	0.028575
405	0.028762
406	0.028956
407	0.029162
408	0.029382
409	0.029617
410	0.029864
411	0.030119
412	0.030378
413	0.030637
414	0.030892
415	0.031142
416	0.031387
417	0.031630
418	0.031872
419	0.032115
420	0.032359
421	0.032603
422	0.032844
423	0.033081
424	0.033311
425	0.033537
426	0.033759
427	0.033981
428	0.034204
429	0.034431
430	0.034661
431	0.034894
432	0.035126
433	0.035353
434	0.035571
435	0.035777
436	0.035971
437	0.036153
438	0.036329
439	0.036503
440	0.036679
441	0.036861
442	0.037050
443	0.037245
444	0.037446
445	0.037650
446	0.037855
447	0.038056
448	0.038252
449	0.038440
450	0.038620
451	0.038790
452	0.038951
453	0.039104
454	0.039247
455	0.039381
456	0.039506
457	0.039624
458	0.039734
459	0.039838
460	0.039937
461	0.040032
462	0.040122
463	0.040208
464	0.040291
465	0.040371
466	0.040449
467	0.040526
468	0.040603
469	0.040679
470	0.040754
471	0.040830
472	0.040907
473	0.040986
474	0.041066
475	0.041149
476	0.041235
477	0.041324
478	0.041416
479	0.041510
480	0.041608
481	0.041709
482	0.041813
483	0.041920
484	0.042031
485	0.042147
486	0.042271
487	0.042406
488	0.042552
489	0.042710
490	0.042880
491	0.043061
492	0.043253
493	0.043456
494	0.043671
495	0.043896
496	0.044134
497	0.044386
498	0.044656
499	0.044947
500	0.045262
501	0.045601
502	0.045967
503	0.046360
504	0.046782
505	0.047233
506	0.047715
507	0.048231
508	0.048782
509	0.049372
510	0.050005
511	0.050685
512	0.051415
513	0.052196
514	0.053029
515	0.053913
516	0.054844
517	0.055819
518	0.056831
519	0.057872
520	0.058934
521	0.060010
522	0.061091
523	0.062170
524	0.063239
525	0.064293
526	0.065324
527	0.066327
528	0.067296
529	0.068226
530	0.069111
531	0.069948
532	0.070732
533	0.071463
534	0.072141
535	0.072765
536	0.073340
537	0.073871
538	0.074363
539	0.074823
540	0.075258
541	0.075676
542	0.076083
543	0.076484
544	0.076882
545	0.077279
546	0.077677
547	0.078073
548	0.078463
549	0.078843
550	0.079205
551	0.079541
552	0.079840
553	0.080091
554	0.080284
555	0.080407
556	0.080453
557	0.080417
558	0.080298
559	0.080100
560	0.079830
561	0.079502
562	0.079128
563	0.078726
564	0.078311
565	0.077897
566	0.077494
567	0.077109
568	0.076747
569	0.076407
570	0.076086
571	0.075781
572	0.075485
573	0.075194
574	0.074903
575	0.074610
576	0.074313
577	0.074015
578	0.073718
579	0.073426
580	0.073142
581	0.072872
582	0.072621
583	0.072391
584	0.072185
585	0.072003
586	0.071844
587	0.071708
588	0.071592
589	0.071496
590	0.071421
591	0.071366
592	0.071331
593	0.071318
594	0.071325
595	0.071351
596	0.071392
597	0.071443
598	0.071494
599	0.071538
600	0.071565
601	0.071567
602	0.071540
603	0.071478
604	0.071380
605	0.071246
606	0.071080
607	0.070885
608	0.070666
609	0.070430
610	0.070182
611	0.069929
612	0.069675
613	0.069427
614	0.069189
615	0.068965
616	0.068758
617	0.068573
618	0.068411
619	0.068273
620	0.068161
621	0.068076
622	0.068016
623	0.067982
624	0.067972
625	0.067984
626	0.068013
627	0.068054
628	0.068101
629	0.068149
630	0.068188
631	0.068214
632	0.068218
633	0.068196
634	0.068144
635	0.068058
636	0.067938
637	0.067782
638	0.067592
639	0.067369
640	0.067117
641	0.066840
642	0.066546
643	0.066243
644	0.065939
645	0.065644
646	0.065365
647	0.065109
648	0.064879
649	0.064678
650	0.064501
651	0.064346
652	0.064203
653	0.064064
654	0.063922
655	0.063767
656	0.063594
657	0.063401
658	0.063186
659	0.062953
660	0.062705
661	0.062448
662	0.062190
663	0.061938
664	0.061699
665	0.061480
666	0.061286
667	0.061119
668	0.060983
669	0.060878
670	0.060803
671	0.060758
672	0.060741
673	0.060749
674	0.060782
675	0.060838
676	0.060918
677	0.061024
678	0.061163
679	0.061342
680	0.061572
681	0.061866
682	0.062237
683	0.062700
684	0.063272
685	0.063970
686	0.064808
687	0.065802
688	0.066968
689	0.068318
690	0.069867
691	0.071627
692	0.073606
693	0.075809
694	0.078237
695	0.080881
696	0.083730
697	0.086766
698	0.089967
699	0.093307
700	0.096759
701	0.100297
702	0.103897
703	0.107542
704	0.111218
705	0.114917
706	0.118635
707	0.122369
708	0.126124
709	0.129903
710	0.133713
711	0.137562
712	0.141455
713	0.145396
714	0.149384
715	0.153419
716	0.157494
717	0.161599
718	0.165721
719	0.169844
720	0.173948
721	0.178019
722	0.182040
723	0.186000
724	0.189890
725	0.193700
726	0.197420
727	0.201041
728	0.204556
729	0.207954
730	0.211228
731	0.214371
732	0.217377
733	0.220243
734	0.222967
735	0.225553
736	0.228003
737	0.230319
738	0.232506
739	0.234564
740	0.236497
741	0.238306
742	0.239994
743	0.241564
744	0.243020
745	0.244365
746	0.245608
747	0.246757
748	0.247823
749	0.248811
750	0.249729
751	0.250581
752	0.251369
753	0.252095
754	0.252763
755	0.253374
756	0.253928
757	0.254429
758	0.254883
759	0.255297
760	0.255683
761	0.256049
762	0.256400
763	0.256735
764	0.257055
765	0.257356
766	0.257638
767	0.257896
768	0.258131
769	0.258342
770	0.258533
771	0.258708
772	0.258875
773	0.259041
774	0.259211
775	0.259386
776	0.259569
777	0.259757
778	0.259949
779	0.260143
780	0.260337
781	0.260528
782	0.260715
783	0.260898
784	0.261078
785	0.261255
786	0.261430
787	0.261605
788	0.261782
789	0.261962
790	0.262146
791	0.262332
792	0.262520
793	0.262706
794	0.262890
795	0.263069
796	0.263243
797	0.263411
798	0.263572
799	0.263729
800	0.263883
801	0.264039
802	0.264200
803	0.264365
804	0.264533
805	0.264700
806	0.264859
807	0.265005
808	0.265134
809	0.265248
810	0.265349
811	0.265439
812	0.265525
813	0.265615
814	0.265716
815	0.265837
816	0.265979
817	0.266144
818	0.266324
819	0.266513
820	0.266701
821	0.266885
822	0.267061
823	0.267227
824	0.267380
825	0.267520
826	0.267647
827	0.267766
828	0.267882
829	0.268000
830	0.268122
831	0.268248
832	0.268374
833	0.268500
834	0.268625
835	0.268749
836	0.268874
837	0.269000
838	0.269128
839	0.269262
840	0.269402
841	0.269553
842	0.269711
843	0.269874
844	0.270033
845	0.270182
846	0.270315
847	0.270432
848	0.270534
849	0.270628
850	0.270718
851	0.270812
852	0.270918
853	0.271039
854	0.271179
855	0.271335
856	0.271497
857	0.271656
858	0.271804
859	0.271935
860	0.272051
861	0.272154
862	0.272248
863	0.272339
864	0.272433
865	0.272537
866	0.272655
867	0.272789
868	0.272935
869	0.273086
870	0.273234
871	0.273375
872	0.273507
873	0.273630
874	0.273747
875	0.273857
876	0.273960
877	0.274057
878	0.274146
879	0.274229
880	0.274308
881	0.274384
882	0.274461
883	0.274540
884	0.274624
885	0.274714
886	0.274807
887	0.274898
888	0.274977
889	0.275032
890	0.275051
891	0.275029
892	0.274969
893	0.274888
894	0.274807
895	0.274754
896	0.274751
897	0.274809
898	0.274932
899	0.275110
900	0.275324
901	0.275549
902	0.275757
903	0.275923
904	0.276027
905	0.276064
906	0.276044
907	0.275985
908	0.275914
909	0.275853
910	0.275820
911	0.275826
912	0.275878
913	0.275983
914	0.276141
915	0.276339
916	0.276553
917	0.276757
918	0.276923
919	0.277033
920	0.277077
921	0.277049
922	0.276951
923	0.276788
924	0.276572
925	0.276318
926	0.276043
927	0.275764
928	0.275488
929	0.275212
930	0.274933
931	0.274649
932	0.274360
933	0.274067
934	0.273771
935	0.273472
936	0.273170
937	0.272867
938	0.272564
939	0.272260
940	0.271956
941	0.271654
942	0.271353
943	0.271055
944	0.270760
945	0.270468
946	0.270180
947	0.269898
948	0.269621
949	0.269350
950	0.269086
951	0.268830
952	0.268582
953	0.268342
954	0.268112
955	0.267892
956	0.267683
957	0.267485
958	0.267299
959	0.267125
960	0.266965
961	0.266819
962	0.266687
963	0.266571
964	0.266470
965	0.266386
966	0.266319
967	0.266270
968	0.266239
969	0.266227
970	0.266235
971	0.266263
972	0.266312
973	0.266383
974	0.266476
975	0.266592
976	0.266731
977	0.266895
978	0.267083
979	0.267297
980	0.267537
981	0.267803
982	0.268098
983	0.268425
984	0.268783
985	0.269172
986	0.269587
987	0.270024
988	0.270479
989	0.270946
990	0.271422
991	0.271905
992	0.272392
993	0.272881
994	0.273374
995	0.273873
996	0.274378
997	0.274892
998	0.275414
999	0.275941
1000	0.276470
1001	0.277002
1002	0.277536
1003	0.278072
1004	0.278607
1005	0.279143
1006	0.279677
1007	0.280210
1008	0.280741
1009	0.281270
1010	0.281795
1011	0.282316
1012	0.282832
1013	0.283344
1014	0.283850
1015	0.284350
1016	0.284844
1017	0.285331
1018	0.285811
1019	0.286283
1020	0.286747
1021	0.287203
1022	0.287650
1023	0.288088
1024	0.288517
1025	0.288936
1026	0.289346
1027	0.289745
1028	0.290135
1029	0.290514
1030	0.290882
1031	0.291239
1032	0.291585
1033	0.291920
1034	0.292246
1035	0.292563
1036	0.292870
1037	0.293168
1038	0.293453
1039	0.293726
1040	0.293985
1041	0.294231
1042	0.294462
1043	0.294681
1044	0.294887
1045	0.295081
1046	0.295267
1047	0.295445
1048	0.295618
1049	0.295785
1050	0.295946
1051	0.296101
1052	0.296248
1053	0.296389
1054	0.296523
1055	0.296650
1056	0.296771
1057	0.296884
1058	0.296991
1059	0.297091
1060	0.297184
1061	0.297270
1062	0.297349
1063	0.297421
1064	0.297487
1065	0.297545
1066	0.297597
1067	0.297641
1068	0.297679
1069	0.297709
1070	0.297733
1071	0.297749
1072	0.297759
1073	0.297761
1074	0.297757
1075	0.297745
1076	0.297727
1077	0.297701
1078	0.297668
1079	0.297629
1080	0.297582
1081	0.297528
1082	0.297467
1083	0.297398
1084	0.297323
1085	0.297240
1086	0.297151
1087	0.297054
1088	0.296950
1089	0.296838
1090	0.296720
1091	0.296594
1092	0.296460
1093	0.296314
1094	0.296156
1095	0.295992
1096	0.295830
1097	0.295675
1098	0.295535
1099	0.295410
1100	0.295300
1101	0.295202
1102	0.295110
1103	0.295015
1104	0.294905
1105	0.294765
1106	0.294579
1107	0.294333
1108	0.294015
1109	0.293624
1110	0.293160
1111	0.292633
1112	0.292062
1113	0.291480
1114	0.290930
1115	0.290460
1116	0.290114
1117	0.289921
1118	0.289890
1119	0.290005
1120	0.290223
1121	0.290486
1122	0.290726
1123	0.290878
1124	0.290891
1125	0.290738
1126	0.290415
1127	0.289946
1128	0.289371
1129	0.288733
1130	0.288070
1131	0.287401
1132	0.286730
1133	0.286038
1134	0.285299
1135	0.284481
1136	0.283556
1137	0.282509
1138	0.281339
1139	0.280064
1140	0.278718
1141	0.277341
1142	0.275978
1143	0.274667
1144	0.273434
1145	0.272296
1146	0.271255
1147	0.270307
1148	0.269445
1149	0.268660
1150	0.267944
1151	0.267291
1152	0.266698
1153	0.266166
1154	0.265694
1155	0.265280
1156	0.264918
1157	0.264600
1158	0.264314
1159	0.264051
1160	0.263802
1161	0.263566
1162	0.263342
1163	0.263135
1164	0.262948
1165	0.262788
1166	0.262657
1167	0.262556
1168	0.262482
1169	0.262428
1170	0.262386
1171	0.262346
1172	0.262302
1173	0.262248
1174	0.262185
1175	0.262117
1176	0.262047
1177	0.261983
1178	0.261929
1179	0.261890
1180	0.261866
1181	0.261856
1182	0.261856
1183	0.261861
1184	0.261863
1185	0.261860
1186	0.261850
1187	0.261833
1188	0.261814
1189	0.261795
1190	0.261779
1191	0.261770
1192	0.261766
1193	0.261771
1194	0.261784
1195	0.261807
1196	0.261840
1197	0.261887
1198	0.261948
1199	0.262022
1200	0.262106
1201	0.262198
1202	0.262292
1203	0.262385
1204	0.262473
1205	0.262556
1206	0.262639
1207	0.262726
1208	0.262825
1209	0.262943
1210	0.263084
1211	0.263251
1212	0.263440
1213	0.263646
1214	0.263864
1215	0.264085
1216	0.264306
1217	0.264524
1218	0.264740
1219	0.264956
1220	0.265177
1221	0.265405
1222	0.265645
1223	0.265897
1224	0.266161
1225	0.266434
1226	0.266712
1227	0.266987
1228	0.267253
1229	0.267503
1230	0.267733
1231	0.267942
1232	0.268130
1233	0.268303
1234	0.268466
1235	0.268627
1236	0.268795
1237	0.268977
1238	0.269177
1239	0.269393
1240	0.269621
1241	0.269853
1242	0.270081
1243	0.270295
1244	0.270490
1245	0.270660
1246	0.270806
1247	0.270932
1248	0.271042
1249	0.271146
1250	0.271251
1251	0.271363
1252	0.271484
1253	0.271616
1254	0.271754
1255	0.271893
1256	0.272028
1257	0.272153
1258	0.272262
1259	0.272355
1260	0.272431
1261	0.272494
1262	0.272548
1263	0.272601
1264	0.272660
1265	0.272730
1266	0.272817
1267	0.272921
1268	0.273042
1269	0.273177
1270	0.273322
1271	0.273473
1272	0.273623
1273	0.273767
1274	0.273899
1275	0.274012
1276	0.274100
1277	0.274155
1278	0.274175
1279	0.274156
1280	0.274097
1281	0.273997
1282	0.273856
1283	0.273675
1284	0.273454
1285	0.273196
1286	0.272902
1287	0.272574
1288	0.272213
1289	0.271822
1290	0.271404
1291	0.270963
1292	0.270505
1293	0.270034
1294	0.269553
1295	0.269061
1296	0.268553
1297	0.268025
1298	0.267472
1299	0.266893
1300	0.266287
1301	0.265658
1302	0.265010
1303	0.264348
1304	0.263677
1305	0.263006
1306	0.262322
1307	0.261608
1308	0.260851
1309	0.260049
1310	0.259212
1311	0.258356
1312	0.257497
1313	0.256651
1314	0.255829
1315	0.255039
1316	0.254286
1317	0.253565
1318	0.252866
1319	0.252168
1320	0.251448
1321	0.250689
1322	0.249887
1323	0.249055
1324	0.248197
1325	0.247315
1326	0.246409
1327	0.245478
1328	0.244525
1329	0.243550
1330	0.242552
1331	0.241534
1332	0.240494
1333	0.239435
1334	0.238356
1335	0.237258
1336	0.236141
1337	0.235007
1338	0.233856
1339	0.232687
1340	0.231503
1341	0.230303
1342	0.229089
1343	0.227859
1344	0.226616
1345	0.225360
1346	0.224091
1347	0.222810
1348	0.221518
1349	0.220215
1350	0.218901
1351	0.217577
1352	0.216245
1353	0.214903
1354	0.213554
1355	0.212197
1356	0.210833
1357	0.209463
1358	0.208087
1359	0.206706
1360	0.205321
1361	0.203931
1362	0.202538
1363	0.201142
1364	0.199743
1365	0.198342
1366	0.196937
1367	0.195529
1368	0.194124
1369	0.192727
1370	0.191341
1371	0.189968
1372	0.188605
1373	0.187250
1374	0.185902
1375	0.184558
1376	0.183213
1377	0.181866
1378	0.180512
1379	0.179150
1380	0.177781
1381	0.176409
1382	0.175038
1383	0.173669
1384	0.172301
1385	0.170933
1386	0.169565
1387	0.168197
1388	0.166829
1389	0.165461
1390	0.164093
1391	0.162716
1392	0.161314
1393	0.159909
1394	0.158541
1395	0.157240
1396	0.156008
1397	0.154824
1398	0.153653
1399	0.152460
1400	0.151217
1401	0.149906
1402	0.148509
1403	0.147016
1404	0.145426
1405	0.143757
1406	0.142048
1407	0.140352
1408	0.138713
1409	0.137144
1410	0.135620
1411	0.134130
1412	0.132675
1413	0.131255
1414	0.129870
1415	0.128521
1416	0.127207
1417	0.125930
1418	0.124689
1419	0.123486
1420	0.122320
1421	0.121191
1422	0.120100
1423	0.119048
1424	0.118035
1425	0.117060
1426	0.116125
1427	0.115230
1428	0.114375
1429	0.113560
1430	0.112786
1431	0.112053
1432	0.111362
1433	0.110713
1434	0.110106
1435	0.109541
1436	0.109019
1437	0.108541
1438	0.108106
1439	0.107715
1440	0.107369
1441	0.107067
1442	0.106810
1443	0.106598
1444	0.106433
1445	0.106313
1446	0.106240
1447	0.106213
1448	0.106233
1449	0.106301
1450	0.106417
1451	0.106581
1452	0.106809
1453	0.107132
1454	0.107538
1455	0.107969
1456	0.108356
1457	0.108645
1458	0.108809
1459	0.108844
1460	0.108772
1461	0.108620
1462	0.108425
1463	0.108237
1464	0.108111
1465	0.108099
1466	0.108234
1467	0.108508
1468	0.108878
1469	0.109276
1470	0.109659
1471	0.110030
1472	0.110391
1473	0.110740
1474	0.111076
1475	0.111405
1476	0.111728
1477	0.112051
1478	0.112375
1479	0.112705
1480	0.113044
1481	0.113396
1482	0.113764
1483	0.114153
1484	0.114567
1485	0.115009
1486	0.115479
1487	0.115977
1488	0.116498
1489	0.117037
1490	0.117588
1491	0.118145
1492	0.118704
1493	0.119260
1494	0.119814
1495	0.120362
1496	0.120907
1497	0.121449
1498	0.121992
1499	0.122537
1500	0.123090
1501	0.123653
1502	0.124228
1503	0.124816
1504	0.125414
1505	0.126020
1506	0.126630
1507	0.127240
1508	0.127848
1509	0.128454
1510	0.129058
1511	0.129661
1512	0.130267
1513	0.130878
1514	0.131496
1515	0.132121
1516	0.132749
1517	0.133374
1518	0.133989
1519	0.134588
1520	0.135171
1521	0.135738
1522	0.136295
1523	0.136850
1524	0.137410
1525	0.137981
1526	0.138571
1527	0.139183
1528	0.139816
1529	0.140467
1530	0.141128
1531	0.141789
1532	0.142442
1533	0.143081
1534	0.143704
1535	0.144314
1536	0.144912
1537	0.145504
1538	0.146095
1539	0.146692
1540	0.147299
1541	0.147921
1542	0.148558
1543	0.149206
1544	0.149860
1545	0.150513
1546	0.151159
1547	0.151792
1548	0.152409
1549	0.153007
1550	0.153586
1551	0.154146
1552	0.154692
1553	0.155229
1554	0.155763
1555	0.156300
1556	0.156845
1557	0.157398
1558	0.157962
1559	0.158532
1560	0.159105
1561	0.159673
1562	0.160228
1563	0.160764
1564	0.161277
1565	0.161768
1566	0.162241
1567	0.162702
1568	0.163160
1569	0.163624
1570	0.164100
1571	0.164593
1572	0.165101
1573	0.165619
1574	0.166139
1575	0.166653
1576	0.167155
1577	0.167644
1578	0.168122
1579	0.168593
1580	0.169063
1581	0.169537
1582	0.170020
1583	0.170513
1584	0.171015
1585	0.171521
1586	0.172026
1587	0.172526
1588	0.173015
1589	0.173495
1590	0.173966
1591	0.174431
1592	0.174891
1593	0.175346
1594	0.175793
1595	0.176231
1596	0.176655
1597	0.177061
1598	0.177450
1599	0.177824
1600	0.178189
1601	0.178555
1602	0.178931
1603	0.179327
1604	0.179746
1605	0.180191
1606	0.180657
1607	0.181136
1608	0.181616
1609	0.182084
1610	0.182525
1611	0.182930
1612	0.183295
1613	0.183621
1614	0.183917
1615	0.184197
1616	0.184473
1617	0.184759
1618	0.185065
1619	0.185397
1620	0.185756
1621	0.186134
1622	0.186524
1623	0.186913
1624	0.187291
1625	0.187651
1626	0.187992
1627	0.188316
1628	0.188628
1629	0.188934
1630	0.189240
1631	0.189549
1632	0.189862
1633	0.190180
1634	0.190500
1635	0.190822
1636	0.191143
1637	0.191463
1638	0.191778
1639	0.192089
1640	0.192397
1641	0.192701
1642	0.193003
1643	0.193303
1644	0.193598
1645	0.193888
1646	0.194169
1647	0.194439
1648	0.194696
1649	0.194938
1650	0.195162
1651	0.195367
1652	0.195551
1653	0.195718
1654	0.195872
1655	0.196019
1656	0.196165
1657	0.196315
1658	0.196472
1659	0.196634
1660	0.196801
1661	0.196968
1662	0.197133
1663	0.197291
1664	0.197437
1665	0.197566
1666	0.197674
1667	0.197757
1668	0.197814
1669	0.197846
1670	0.197859
1671	0.197860
1672	0.197857
1673	0.197857
1674	0.197869
1675	0.197896
1676	0.197939
1677	0.197992
1678	0.198048
1679	0.198093
1680	0.198117
1681	0.198109
1682	0.198065
1683	0.197984
1684	0.197872
1685	0.197737
1686	0.197591
1687	0.197443
1688	0.197302
1689	0.197173
1690	0.197060
1691	0.196965
1692	0.196887
1693	0.196822
1694	0.196764
1695	0.196709
1696	0.196651
1697	0.196586
1698	0.196515
1699	0.196438
1700	0.196357
1701	0.196273
1702	0.196184
1703	0.196088
1704	0.195977
1705	0.195847
1706	0.195689
1707	0.195498
1708	0.195275
1709	0.195023
1710	0.194753
1711	0.194477
1712	0.194212
1713	0.193970
1714	0.193761
1715	0.193588
1716	0.193447
1717	0.193325
1718	0.193208
1719	0.193080
1720	0.192927
1721	0.192742
1722	0.192523
1723	0.192275
1724	0.192007
1725	0.191726
1726	0.191441
1727	0.191157
1728	0.190877
1729	0.190598
1730	0.190315
1731	0.190019
1732	0.189701
1733	0.189359
1734	0.188996
1735	0.188618
1736	0.188235
1737	0.187856
1738	0.187483
1739	0.187120
1740	0.186766
1741	0.186423
1742	0.186092
1743	0.185775
1744	0.185469
1745	0.185174
1746	0.184887
1747	0.184605
1748	0.184327
1749	0.184045
1750	0.183754
1751	0.183444
1752	0.183107
1753	0.182739
1754	0.182338
1755	0.181907
1756	0.181452
1757	0.180979
1758	0.180494
1759	0.180006
1760	0.179526
1761	0.179063
1762	0.178630
1763	0.178232
1764	0.177876
1765	0.177564
1766	0.177293
1767	0.177058
1768	0.176850
1769	0.176659
1770	0.176475
1771	0.176289
1772	0.176094
1773	0.175885
1774	0.175655
1775	0.175399
1776	0.175113
1777	0.174798
1778	0.174454
1779	0.174085
1780	0.173693
1781	0.173283
1782	0.172859
1783	0.172429
1784	0.171996
1785	0.171564
1786	0.171135
1787	0.170708
1788	0.170283
1789	0.169857
1790	0.169432
1791	0.169006
1792	0.168581
1793	0.168155
1794	0.167730
1795	0.167304
1796	0.166878
1797	0.166453
1798	0.166027
1799	0.165602
1800	0.165176
1801	0.164751
1802	0.164325
1803	0.163900
1804	0.163474
1805	0.163049
1806	0.162623
1807	0.162198
1808	0.161772
1809	0.161347
1810	0.160921
1811	0.160496
1812	0.160070
1813	0.159644
1814	0.159219
1815	0.158793
1816	0.158368
1817	0.157942
1818	0.157517
1819	0.157091
1820	0.156666
1821	0.156240
1822	0.155815
1823	0.155389
1824	0.154964
1825	0.154538
1826	0.154113
1827	0.153687
1828	0.153261
1829	0.152836
1830	0.152410
1831	0.151985
1832	0.151559
1833	0.151134
1834	0.150708
1835	0.150283
1836	0.149857
1837	0.149432
1838	0.149006
1839	0.148581
1840	0.148155
1841	0.147730
1842	0.147304
1843	0.146879
1844	0.146453
1845	0.146027
1846	0.145602
1847	0.145176
1848	0.144751
1849	0.144325
1850	0.143900
1851	0.143474
1852	0.143049
1853	0.142623
1854	0.142198
1855	0.141772
1856	0.141347
1857	0.140921
1858	0.140496
1859	0.140070
1860	0.139644
1861	0.139219
1862	0.138793
1863	0.138368
1864	0.137942
1865	0.137517
1866	0.137091
1867	0.136666
1868	0.136240
1869	0.135815
1870	0.135389
1871	0.134964
1872	0.134538
1873	0.134113
1874	0.133687
1875	0.133262
1876	0.132836
1877	0.132410
1878	0.131985
1879	0.131559
1880	0.131134
1881	0.130708
1882	0.130283
1883	0.129857
1884	0.129432
1885	0.129006
1886	0.128581
1887	0.128155
1888	0.127730
1889	0.127304
1890	0.126879
1891	0.126453
1892	0.126027
1893	0.125602
1894	0.125176
1895	0.124751
1896	0.124325
1897	0.123900
1898	0.123474
1899	0.123049
1900	0.122623
1901	0.122198
1902	0.121772
1903	0.121347
1904	0.120921
1905	0.120496
1906	0.120070
1907	0.119644
1908	0.119219
1909	0.118793
1910	0.118368
1911	0.117942
1912	0.117517
1913	0.117091
1914	0.116666
1915	0.116240
1916	0.115815
1917	0.115389
1918	0.114964
1919	0.114538
1920	0.114113
1921	0.113687
1922	0.113262
1923	0.112836
1924	0.112410
1925	0.111985
1926	0.111559
1927	0.111134
1928	0.110708
1929	0.110283
1930	0.109857
1931	0.109432
1932	0.109006
1933	0.108581
1934	0.108155
1935	0.107730
1936	0.107304
1937	0.106879
1938	0.106453
1939	0.106027
1940	0.105602
1941	0.105174
1942	0.104740
1943	0.104305
1944	0.103880
1945	0.103471
1946	0.103080
1947	0.102700
1948	0.102323
1949	0.101941
1950	0.101545
1951	0.101132
1952	0.100696
1953	0.100236
1954	0.099750
1955	0.099244
1956	0.098728
1957	0.098216
1958	0.097720
1959	0.097243
1960	0.096780
1961	0.096330
1962	0.095894
1963	0.095471
1964	0.095063
1965	0.094671
1966	0.094296
1967	0.093938
1968	0.093599
1969	0.093279
1970	0.092979
1971	0.092700
1972	0.092442
1973	0.092208
1974	0.091996
1975	0.091809
1976	0.091647
1977	0.091512
1978	0.091403
1979	0.091321
1980	0.091269
1981	0.091246
1982	0.091253
1983	0.091291
1984	0.091361
1985	0.091464
1986	0.091600
1987	0.091772
1988	0.091978
1989	0.092221
1990	0.092501
1991	0.092818
1992	0.093175
1993	0.093571
1994	0.094007
1995	0.094485
1996	0.095005
1997	0.095568
1998	0.096175
1999	0.096827
2000	0.097524
2001	0.098268
2002	0.099082
2003	0.100017
2004	0.101062
2005	0.102135
2006	0.103121
2007	0.103915
2008	0.104450
2009	0.104709
2010	0.104718
2011	0.104535
2012	0.104231
2013	0.103890
2014	0.103600
2015	0.103430
2016	0.103413
2017	0.103532
2018	0.103712
2019	0.103856
2020	0.103905
2021	0.103885
2022	0.103843
2023	0.103820
2024	0.103856
2025	0.103970
2026	0.104153
2027	0.104373
2028	0.104582
2029	0.104738
2030	0.104823
2031	0.104843
2032	0.104831
2033	0.104834
2034	0.104901
2035	0.105075
2036	0.105375
2037	0.105797
2038	0.106304
2039	0.106839
2040	0.107337
2041	0.107741
2042	0.108019
2043	0.108169
2044	0.108223
2045	0.108235
2046	0.108274
2047	0.108407
2048	0.108684
2049	0.109133
2050	0.109753
2051	0.110513
2052	0.111357
2053	0.112217
2054	0.113048
2055	0.113823
2056	0.114528
2057	0.115155
2058	0.115698
2059	0.116158
2060	0.116538
2061	0.116845
2062	0.117084
2063	0.117260
2064	0.117375
2065	0.117437
2066	0.117459
2067	0.117464
2068	0.117481
2069	0.117529
2070	0.117610
2071	0.117713
2072	0.117829
2073	0.117960
2074	0.118104
2075	0.118260
2076	0.118429
2077	0.118611
2078	0.118804
2079	0.119008
2080	0.119223
2081	0.119448
2082	0.119684
2083	0.119929
2084	0.120183
2085	0.120446
2086	0.120718
2087	0.120997
2088	0.121284
2089	0.121579
2090	0.121880
2091	0.122187
2092	0.122501
2093	0.122820
2094	0.123145
2095	0.123474
2096	0.123808
2097	0.124146
2098	0.124488
2099	0.124833
2100	0.125181
2101	0.125532
2102	0.125885
2103	0.126240
2104	0.126596
2105	0.126954
2106	0.127312
2107	0.127671
2108	0.128030
2109	0.128389
2110	0.128747
2111	0.129104
2112	0.129460
2113	0.129814
2114	0.130166
2115	0.130516
2116	0.130863
2117	0.131207
2118	0.131547
2119	0.131885
2120	0.132218
2121	0.132546
2122	0.132870
2123	0.133189
2124	0.133503
2125	0.133811
2126	0.134113
2127	0.134409
2128	0.134698
2129	0.134980
2130	0.135255
2131	0.135523
2132	0.135782
2133	0.136034
2134	0.136277
2135	0.136511
2136	0.136737
2137	0.136953
2138	0.137159
2139	0.137355
2140	0.137542
2141	0.137717
2142	0.137882
2143	0.138036
2144	0.138179
2145	0.138309
2146	0.138428
2147	0.138535
2148	0.138630
2149	0.138711
2150	0.138780
2151	0.138835
2152	0.138879
2153	0.138915
2154	0.138935
2155	0.138929
2156	0.138889
2157	0.138818
2158	0.138726
2159	0.138628
2160	0.138537
2161	0.138466
2162	0.138426
2163	0.138424
2164	0.138466
2165	0.138551
2166	0.138676
2167	0.138826
2168	0.138987
2169	0.139146
2170	0.139298
2171	0.139450
2172	0.139604
2173	0.139760
2174	0.139917
2175	0.140076
2176	0.140235
2177	0.140394
2178	0.140553
2179	0.140710
2180	0.140867
2181	0.141022
2182	0.141174
2183	0.141325
2184	0.141472
2185	0.141616
2186	0.141757
2187	0.141895
2188	0.142028
2189	0.142156
2190	0.142281
2191	0.142400
2192	0.142514
2193	0.142623
2194	0.142726
2195	0.142824
2196	0.142916
2197	0.143002
2198	0.143081
2199	0.143154
2200	0.143221
2201	0.143281
2202	0.143335
2203	0.143382
2204	0.143422
2205	0.143455
2206	0.143482
2207	0.143502
2208	0.143514
2209	0.143520
2210	0.143520
2211	0.143512
2212	0.143498
2213	0.143477
2214	0.143450
2215	0.143416
2216	0.143376
2217	0.143330
2218	0.143278
2219	0.143219
2220	0.143156
2221	0.143087
2222	0.143012
2223	0.142933
2224	0.142849
2225	0.142760
2226	0.142667
2227	0.142570
2228	0.142470
2229	0.142366
2230	0.142259
2231	0.142149
2232	0.142037
2233	0.141923
2234	0.141808
2235	0.141691
2236	0.141574
2237	0.141456
2238	0.141339
2239	0.141222
2240	0.141106
2241	0.140992
2242	0.140880
2243	0.140770
2244	0.140664
2245	0.140561
2246	0.140463
2247	0.140369
2248	0.140281
2249	0.140199
2250	0.140124
2251	0.140056
2252	0.139987
2253	0.139908
2254	0.139848
2255	0.139846
2256	0.139921
2257	0.140055
2258	0.140203
2259	0.140312
2260	0.140333
2261	0.140235
2262	0.140001
2263	0.139623
2264	0.139105
2265	0.138468
2266	0.137755
2267	0.137026
2268	0.136348
2269	0.135767
2270	0.135286
2271	0.134872
2272	0.134509
2273	0.134195
2274	0.133926
2275	0.133702
2276	0.133520
2277	0.133378
2278	0.133274
2279	0.133206
2280	0.133172
2281	0.133170
2282	0.133199
2283	0.133256
2284	0.133340
2285	0.133448
2286	0.133581
2287	0.133735
2288	0.133908
2289	0.134101
2290	0.134310
2291	0.134535
2292	0.134774
2293	0.135026
2294	0.135288
2295	0.135561
2296	0.135842
2297	0.136130
2298	0.136425
2299	0.136725
2300	0.137028
2301	0.137334
2302	0.137642
2303	0.137950
2304	0.138258
2305	0.138565
2306	0.138870
2307	0.139171
2308	0.139469
2309	0.139762
2310	0.140050
2311	0.140332
2312	0.140607
2313	0.140875
2314	0.141135
2315	0.141387
2316	0.141629
2317	0.141863
2318	0.142086
2319	0.142300
2320	0.142503
2321	0.142695
2322	0.142876
2323	0.143046
2324	0.143205
2325	0.143352
2326	0.143487
2327	0.143610
2328	0.143722
2329	0.143822
2330	0.143911
2331	0.143988
2332	0.144054
2333	0.144108
2334	0.144152
2335	0.144184
2336	0.144207
2337	0.144219
2338	0.144222
2339	0.144215
2340	0.144200
2341	0.144176
2342	0.144145
2343	0.144106
2344	0.144061
2345	0.144010
2346	0.143954
2347	0.143894
2348	0.143830
2349	0.143763
2350	0.143694
2351	0.143624
2352	0.143556
2353	0.143496
2354	0.143443
2355	0.143391
2356	0.143331
2357	0.143257
2358	0.143163
2359	0.143049
2360	0.142915
2361	0.142761
2362	0.142591
2363	0.142407
2364	0.142216
2365	0.142023
2366	0.141833
2367	0.141646
2368	0.141459
2369	0.141265
2370	0.141060
2371	0.140847
2372	0.140626
2373	0.140398
2374	0.140163
2375	0.139921
2376	0.139672
2377	0.139416
2378	0.139153
2379	0.138883
2380	0.138605
2381	0.138321
2382	0.138030
2383	0.137731
2384	0.137425
2385	0.137112
2386	0.136793
2387	0.136466
2388	0.136132
2389	0.135791
2390	0.135442
2391	0.135087
2392	0.134725
2393	0.134355
2394	0.133979
2395	0.133595
2396	0.133205
2397	0.132807
2398	0.132402
2399	0.131990
2400	0.131571
2401	0.131145
2402	0.130712
2403	0.130271
2404	0.129824
2405	0.129370
2406	0.128908
2407	0.128440
2408	0.127964
2409	0.127481
2410	0.126991
2411	0.126494
2412	0.125990
2413	0.125479
2414	0.124961
2415	0.124436
2416	0.123903
2417	0.123364
2418	0.122818
2419	0.122264
2420	0.121703
2421	0.121136
2422	0.120561
2423	0.119979
2424	0.119390
2425	0.118794
2426	0.118191
2427	0.117580
2428	0.116963
2429	0.116339
2430	0.115707
2431	0.115068
2432	0.114423
2433	0.113770
2434	0.113110
2435	0.112443
2436	0.111769
2437	0.111088
2438	0.110400
2439	0.109705
2440	0.109003
2441	0.108293
2442	0.107577
2443	0.106853
2444	0.106122
2445	0.105385
2446	0.104640
2447	0.103888
2448	0.103129
2449	0.102363
2450	0.101590
2451	0.100809
2452	0.100022
2453	0.099228
2454	0.098426
2455	0.097618
2456	0.096802
2457	0.095979
2458	0.095149
2459	0.094313
2460	0.093469
2461	0.092618
2462	0.091759
2463	0.090894
2464	0.090022
2465	0.089142
2466	0.088256
2467	0.087362
2468	0.086462
2469	0.085554
2470	0.084639
2471	0.083717
2472	0.082788
2473	0.081852
2474	0.080909
2475	0.079959
2476	0.079002
2477	0.078037
2478	0.077066
2479	0.076087
2480	0.075102
2481	0.074109
2482	0.073109
2483	0.072102
2484	0.071088
2485	0.070067
2486	0.069039
2487	0.068004
2488	0.066961
2489	0.065912
2490	0.064856
2491	0.063792
2492	0.062721
2493	0.061644
2494	0.060559
2495	0.059467
2496	0.058368
2497	0.057262
2498	0.056149
2499	0.055029
2500	0.053901
