350	0.039400
351	0.039515
352	0.039642
353	0.039778
354	0.039922
355	0.040074
356	0.040234
357	0.040403
358	0.040582
359	0.040776
360	0.040978
361	0.041148
362	0.041300
363	0.041441
364	0.041576
365	0.041707
366	0.041840
367	0.041985
368	0.042158
369	0.042370
370	0.042625
371	0.042917
372	0.043228
373	0.043538
374	0.043838
375	0.044132
376	0.044424
377	0.044721
378	0.045030
379	0.045362
380	0.045726
381	0.046120
382	0.046535
383	0.046960
384	0.047380
385	0.047776
386	0.048142
387	0.048484
388	0.048821
389	0.049174
390	0.049553
391	0.049960
392	0.050387
393	0.050821
394	0.051242
395	0.051632
396	0.051979
397	0.052279
398	0.052538
399	0.052767
400	0.052981
401	0.053201
402	0.053449
403	0.053735
404	0.054058
405	0.054411
406	0.054781
407	0.055156
408	0.055528
409	0.055891
410	0.056244
411	0.056589
412	0.056931
413	0.057273
414	0.057620
415	0.057979
416	0.058353
417	0.058738
418	0.059130
419	0.059522
420	0.059909
421	0.060291
422	0.060670
423	0.061056
424	0.061459
425	0.061882
426	0.062327
427	0.062789
428	0.063261
429	0.063734
430	0.064197
431	0.064646
432	0.065079
433	0.065501
434	0.065917
435	0.066331
436	0.066745
437	0.067160
438	0.067580
439	0.068005
440	0.068431
441	0.068855
442	0.069270
443	0.069674
444	0.070066
445	0.070450
446	0.070834
447	0.071218
448	0.071602
449	0.071985
450	0.072364
451	0.072740
452	0.073116
453	0.073491
454	0.073866
455	0.074236
456	0.074595
457	0.074938
458	0.075264
459	0.075574
460	0.075873
461	0.076165
462	0.076450
463	0.076733
464	0.077016
465	0.077299
466	0.077583
467	0.077867
468	0.078150
469	0.078428
470	0.078702
471	0.078971
472	0.079238
473	0.079503
474	0.079770
475	0.080040
476	0.080313
477	0.080586
478	0.080860
479	0.081139
480	0.081434
481	0.081749
482	0.082084
483	0.082433
484	0.082790
485	0.083152
486	0.083522
487	0.083900
488	0.084284
489	0.084666
490	0.085043
491	0.085417
492	0.085795
493	0.086185
494	0.086590
495	0.087006
496	0.087429
497	0.087859
498	0.088300
499	0.088755
500	0.089224
501	0.089702
502	0.090185
503	0.090673
504	0.091167
505	0.091666
506	0.092171
507	0.092683
508	0.093203
509	0.093735
510	0.094282
511	0.094850
512	0.095442
513	0.096054
514	0.096682
515	0.097320
516	0.097965
517	0.098614
518	0.099260
519	0.099902
520	0.100540
521	0.101182
522	0.101829
523	0.102481
524	0.103135
525	0.103793
526	0.104452
527	0.105107
528	0.105754
529	0.106392
530	0.107021
531	0.107637
532	0.108239
533	0.108834
534	0.109433
535	0.110042
536	0.110658
537	0.111278
538	0.111900
539	0.112524
540	0.113151
541	0.113777
542	0.114398
543	0.115008
544	0.115604
545	0.116187
546	0.116760
547	0.117325
548	0.117882
549	0.118423
550	0.118941
551	0.119431
552	0.119892
553	0.120327
554	0.120741
555	0.121150
556	0.121575
557	0.122038
558	0.122548
559	0.123101
560	0.123681
561	0.124261
562	0.124815
563	0.125322
564	0.125768
565	0.126146
566	0.126458
567	0.126719
568	0.126955
569	0.127197
570	0.127466
571	0.127766
572	0.128088
573	0.128424
574	0.128771
575	0.129128
576	0.129495
577	0.129870
578	0.130248
579	0.130625
580	0.131003
581	0.131388
582	0.131786
583	0.132200
584	0.132627
585	0.133060
586	0.133495
587	0.133932
588	0.134367
589	0.134789
590	0.135185
591	0.135539
592	0.135844
593	0.136099
594	0.136311
595	0.136495
596	0.136671
597	0.136858
598	0.137074
599	0.137334
600	0.137644
601	0.138000
602	0.138394
603	0.138810
604	0.139227
605	0.139624
606	0.139987
607	0.140305
608	0.140576
609	0.140806
610	0.141008
611	0.141195
612	0.141381
613	0.141574
614	0.141780
615	0.141996
616	0.142217
617	0.142442
618	0.142667
619	0.142895
620	0.143127
621	0.143364
622	0.143606
623	0.143851
624	0.144100
625	0.144355
626	0.144617
627	0.144882
628	0.145148
629	0.145413
630	0.145678
631	0.145943
632	0.146207
633	0.146465
634	0.146711
635	0.146943
636	0.147157
637	0.147352
638	0.147529
639	0.147689
640	0.147832
641	0.147954
642	0.148055
643	0.148141
644	0.148221
645	0.148303
646	0.148391
647	0.148491
648	0.148602
649	0.148725
650	0.148866
651	0.149032
652	0.149220
653	0.149427
654	0.149642
655	0.149852
656	0.150051
657	0.150237
658	0.150409
659	0.150565
660	0.150701
661	0.150820
662	0.150928
663	0.151032
664	0.151143
665	0.151270
666	0.151412
667	0.151564
668	0.151726
669	0.151898
670	0.152085
671	0.152289
672	0.152510
673	0.152746
674	0.152994
675	0.153255
676	0.153528
677	0.153813
678	0.154107
679	0.154406
680	0.154713
681	0.155042
682	0.155415
683	0.155847
684	0.156348
685	0.156915
686	0.157537
687	0.158201
688	0.158904
689	0.159650
690	0.160447
691	0.161301
692	0.162215
693	0.163193
694	0.164245
695	0.165383
696	0.166612
697	0.167926
698	0.169308
699	0.170739
700	0.172202
701	0.173684
702	0.175180
703	0.176688
704	0.178206
705	0.179725
706	0.181238
707	0.182747
708	0.184256
709	0.185764
710	0.187249
711	0.188681
712	0.190035
713	0.191315
714	0.192555
715	0.193794
716	0.195064
717	0.196374
718	0.197727
719	0.199122
720	0.200557
721	0.202026
722	0.203508
723	0.204967
724	0.206368
725	0.207702
726	0.208995
727	0.210288
728	0.211607
729	0.212957
730	0.214315
731	0.215653
732	0.216953
733	0.218207
734	0.219408
735	0.220549
736	0.221626
737	0.222637
738	0.223586
739	0.224483
740	0.225337
741	0.226150
742	0.226919
743	0.227642
744	0.228322
745	0.228964
746	0.229570
747	0.230147
748	0.230704
749	0.231248
750	0.231785
751	0.232301
752	0.232764
753	0.233156
754	0.233495
755	0.233825
756	0.234183
757	0.234594
758	0.235065
759	0.235591
760	0.236155
761	0.236739
762	0.237318
763	0.237861
764	0.238330
765	0.238698
766	0.238960
767	0.239146
768	0.239310
769	0.239496
770	0.239713
771	0.239952
772	0.240213
773	0.240496
774	0.240796
775	0.241107
776	0.241422
777	0.241736
778	0.242044
779	0.242344
780	0.242635
781	0.242913
782	0.243178
783	0.243424
784	0.243650
785	0.243860
786	0.244070
787	0.244293
788	0.244537
789	0.244805
790	0.245093
791	0.245393
792	0.245700
793	0.246010
794	0.246314
795	0.246606
796	0.246877
797	0.247128
798	0.247363
799	0.247594
800	0.247838
801	0.248105
802	0.248392
803	0.248691
804	0.248990
805	0.249275
806	0.249530
807	0.249733
808	0.249859
809	0.249891
810	0.249836
811	0.249722
812	0.249595
813	0.249504
814	0.249486
815	0.249559
816	0.249721
817	0.249958
818	0.250257
819	0.250604
820	0.250972
821	0.251334
822	0.251663
823	0.251950
824	0.252204
825	0.252444
826	0.252686
827	0.252940
828	0.253207
829	0.253485
830	0.253770
831	0.254062
832	0.254366
833	0.254684
834	0.255014
835	0.255343
836	0.255662
837	0.255965
838	0.256256
839	0.256537
840	0.256811
841	0.257080
842	0.257339
843	0.257581
844	0.257803
845	0.258008
846	0.258200
847	0.258378
848	0.258543
849	0.258700
850	0.258858
851	0.259027
852	0.259211
853	0.259409
854	0.259614
855	0.259815
856	0.260010
857	0.260203
858	0.260398
859	0.260591
860	0.260770
861	0.260936
862	0.261099
863	0.261267
864	0.261444
865	0.261625
866	0.261805
867	0.261982
868	0.262155
869	0.262323
870	0.262491
871	0.262660
872	0.262829
873	0.262997
874	0.263160
875	0.263323
876	0.263486
877	0.263647
878	0.263804
879	0.263957
880	0.264109
881	0.264259
882	0.264407
883	0.264553
884	0.264700
885	0.264845
886	0.264983
887	0.265098
888	0.265176
889	0.265205
890	0.265173
891	0.265080
892	0.264934
893	0.264752
894	0.264551
895	0.264359
896	0.264206
897	0.264124
898	0.264141
899	0.264268
900	0.264487
901	0.264752
902	0.265018
903	0.265251
904	0.265427
905	0.265533
906	0.265577
907	0.265569
908	0.265524
909	0.265469
910	0.265439
911	0.265448
912	0.265494
913	0.265616
914	0.265856
915	0.266220
916	0.266681
917	0.267181
918	0.267647
919	0.268009
920	0.268215
921	0.268238
922	0.268054
923	0.267657
924	0.267073
925	0.266358
926	0.265591
927	0.264865
928	0.264244
929	0.263733
930	0.263290
931	0.262896
932	0.262549
933	0.262249
934	0.261993
935	0.261781
936	0.261611
937	0.261482
938	0.261392
939	0.261341
940	0.261326
941	0.261347
942	0.261401
943	0.261489
944	0.261608
945	0.261757
946	0.261935
947	0.262140
948	0.262372
949	0.262628
950	0.262908
951	0.263210
952	0.263532
953	0.263874
954	0.264234
955	0.264611
956	0.265004
957	0.265410
958	0.265829
959	0.266260
960	0.266700
961	0.267150
962	0.267607
963	0.268070
964	0.268537
965	0.269008
966	0.269481
967	0.269955
968	0.270429
969	0.270900
970	0.271368
971	0.271832
972	0.272289
973	0.272739
974	0.273181
975	0.273613
976	0.274033
977	0.274441
978	0.274835
979	0.275213
980	0.275575
981	0.275919
982	0.276243
983	0.276542
984	0.276815
985	0.277064
986	0.277291
987	0.277504
988	0.277706
989	0.277902
990	0.278095
991	0.278290
992	0.278487
993	0.278686
994	0.278888
995	0.279088
996	0.279285
997	0.279474
998	0.279658
999	0.279838
1000	0.280017
1001	0.280194
1002	0.280370
1003	0.280545
1004	0.280718
1005	0.280892
1006	0.281065
1007	0.281237
1008	0.281410
1009	0.281584
1010	0.281758
1011	0.281933
1012	0.282109
1013	0.282286
1014	0.282464
1015	0.282644
1016	0.282825
1017	0.283008
1018	0.283192
1019	0.283379
1020	0.283567
1021	0.283757
1022	0.283948
1023	0.284142
1024	0.284338
1025	0.284535
1026	0.284734
1027	0.284935
1028	0.285137
1029	0.285341
1030	0.285547
1031	0.285752
1032	0.285956
1033	0.286160
1034	0.286369
1035	0.286587
1036	0.286814
1037	0.287047
1038	0.287281
1039	0.287513
1040	0.287738
1041	0.287955
1042	0.288160
1043	0.288351
1044	0.288529
1045	0.288695
1046	0.288853
1047	0.289009
1048	0.289168
1049	0.289330
1050	0.289494
1051	0.289657
1052	0.289820
1053	0.289981
1054	0.290141
1055	0.290299
1056	0.290455
1057	0.290610
1058	0.290762
1059	0.290912
1060	0.291059
1061	0.291203
1062	0.291344
1063	0.291481
1064	0.291615
1065	0.291745
1066	0.291871
1067	0.291992
1068	0.292109
1069	0.292221
1070	0.292328
1071	0.292429
1072	0.292525
1073	0.292616
1074	0.292700
1075	0.292778
1076	0.292849
1077	0.292914
1078	0.292972
1079	0.293022
1080	0.293066
1081	0.293101
1082	0.293129
1083	0.293148
1084	0.293159
1085	0.293162
1086	0.293156
1087	0.293140
1088	0.293116
1089	0.293081
1090	0.293037
1091	0.292983
1092	0.292921
1093	0.292851
1094	0.292774
1095	0.292682
1096	0.292568
1097	0.292426
1098	0.292259
1099	0.292069
1100	0.291863
1101	0.291649
1102	0.291435
1103	0.291229
1104	0.291036
1105	0.290857
1106	0.290693
1107	0.290530
1108	0.290343
1109	0.290090
1110	0.289727
1111	0.289228
1112	0.288587
1113	0.287813
1114	0.286934
1115	0.285974
1116	0.284948
1117	0.283877
1118	0.282793
1119	0.281733
1120	0.280732
1121	0.279828
1122	0.279055
1123	0.278435
1124	0.277986
1125	0.277716
1126	0.277627
1127	0.277708
1128	0.277939
1129	0.278303
1130	0.278762
1131	0.279268
1132	0.279781
1133	0.280265
1134	0.280697
1135	0.281069
1136	0.281381
1137	0.281619
1138	0.281756
1139	0.281779
1140	0.281693
1141	0.281522
1142	0.281297
1143	0.281045
1144	0.280787
1145	0.280533
1146	0.280303
1147	0.280126
1148	0.280022
1149	0.280008
1150	0.280095
1151	0.280287
1152	0.280586
1153	0.280989
1154	0.281486
1155	0.282054
1156	0.282670
1157	0.283311
1158	0.283956
1159	0.284589
1160	0.285194
1161	0.285755
1162	0.286266
1163	0.286732
1164	0.287170
1165	0.287590
1166	0.287999
1167	0.288395
1168	0.288769
1169	0.289111
1170	0.289420
1171	0.289706
1172	0.289980
1173	0.290243
1174	0.290484
1175	0.290695
1176	0.290867
1177	0.291004
1178	0.291111
1179	0.291188
1180	0.291234
1181	0.291250
1182	0.291245
1183	0.291242
1184	0.291265
1185	0.291328
1186	0.291437
1187	0.291584
1188	0.291756
1189	0.291945
1190	0.292146
1191	0.292356
1192	0.292566
1193	0.292774
1194	0.292973
1195	0.293155
1196	0.293321
1197	0.293474
1198	0.293617
1199	0.293754
1200	0.293893
1201	0.294041
1202	0.294201
1203	0.294373
1204	0.294561
1205	0.294766
1206	0.294981
1207	0.295197
1208	0.295401
1209	0.295579
1210	0.295730
1211	0.295871
1212	0.296021
1213	0.296200
1214	0.296418
1215	0.296677
1216	0.296967
1217	0.297271
1218	0.297572
1219	0.297850
1220	0.298094
1221	0.298302
1222	0.298487
1223	0.298668
1224	0.298868
1225	0.299099
1226	0.299364
1227	0.299656
1228	0.299963
1229	0.300279
1230	0.300594
1231	0.300897
1232	0.301179
1233	0.301434
1234	0.301664
1235	0.301875
1236	0.302079
1237	0.302281
1238	0.302480
1239	0.302667
1240	0.302839
1241	0.303003
1242	0.303170
1243	0.303348
1244	0.303541
1245	0.303742
1246	0.303946
1247	0.304150
1248	0.304354
1249	0.304559
1250	0.304762
1251	0.304953
1252	0.305128
1253	0.305288
1254	0.305437
1255	0.305579
1256	0.305716
1257	0.305840
1258	0.305948
1259	0.306041
1260	0.306123
1261	0.306201
1262	0.306277
1263	0.306354
1264	0.306432
1265	0.306511
1266	0.306590
1267	0.306670
1268	0.306744
1269	0.306810
1270	0.306867
1271	0.306921
1272	0.306976
1273	0.307039
1274	0.307111
1275	0.307191
1276	0.307280
1277	0.307375
1278	0.307467
1279	0.307547
1280	0.307612
1281	0.307662
1282	0.307703
1283	0.307743
1284	0.307786
1285	0.307830
1286	0.307867
1287	0.307891
1288	0.307896
1289	0.307875
1290	0.307830
1291	0.307764
1292	0.307685
1293	0.307603
1294	0.307527
1295	0.307462
1296	0.307401
1297	0.307332
1298	0.307238
1299	0.307105
1300	0.306924
1301	0.306699
1302	0.306443
1303	0.306179
1304	0.305928
1305	0.305708
1306	0.305518
1307	0.305347
1308	0.305178
1309	0.304997
1310	0.304790
1311	0.304550
1312	0.304271
1313	0.303957
1314	0.303619
1315	0.303273
1316	0.302933
1317	0.302602
1318	0.302280
1319	0.301955
1320	0.301616
1321	0.301256
1322	0.300874
1323	0.300476
1324	0.300063
1325	0.299635
1326	0.299192
1327	0.298736
1328	0.298266
1329	0.297782
1330	0.297285
1331	0.296776
1332	0.296254
1333	0.295720
1334	0.295174
1335	0.294617
1336	0.294048
1337	0.293469
1338	0.292879
1339	0.292279
1340	0.291668
1341	0.291048
1342	0.290419
1343	0.289781
1344	0.289134
1345	0.288478
1346	0.287815
1347	0.287143
1348	0.286465
1349	0.285779
1350	0.285086
1351	0.284387
1352	0.283681
1353	0.282970
1354	0.282253
1355	0.281531
1356	0.280804
1357	0.280072
1358	0.279336
1359	0.278595
1360	0.277852
1361	0.277104
1362	0.276354
1363	0.275601
1364	0.274845
1365	0.274086
1366	0.273322
1367	0.272555
1368	0.271789
1369	0.271029
1370	0.270278
1371	0.269537
1372	0.268805
1373	0.268081
1374	0.267364
1375	0.266650
1376	0.265937
1377	0.265222
1378	0.264502
1379	0.263776
1380	0.263043
1381	0.262306
1382	0.261570
1383	0.260837
1384	0.260104
1385	0.259372
1386	0.258639
1387	0.257907
1388	0.257174
1389	0.256441
1390	0.255709
1391	0.254952
1392	0.254134
1393	0.253311
1394	0.252585
1395	0.252025
1396	0.251634
1397	0.251353
1398	0.251093
1399	0.250764
1400	0.250300
1401	0.249657
1402	0.248801
1403	0.247708
1404	0.246386
1405	0.244885
1406	0.243310
1407	0.241792
1408	0.240440
1409	0.239282
1410	0.238251
1411	0.237312
1412	0.236464
1413	0.235703
1414	0.235026
1415	0.234432
1416	0.233916
1417	0.233477
1418	0.233111
1419	0.232815
1420	0.232588
1421	0.232425
1422	0.232325
1423	0.232284
1424	0.232300
1425	0.232369
1426	0.232490
1427	0.232659
1428	0.232873
1429	0.233130
1430	0.233427
1431	0.233760
1432	0.234128
1433	0.234528
1434	0.234956
1435	0.235410
1436	0.235887
1437	0.236385
1438	0.236900
1439	0.237429
1440	0.237971
1441	0.238521
1442	0.239078
1443	0.239638
1444	0.240199
1445	0.240758
1446	0.241312
1447	0.241859
1448	0.242395
1449	0.242917
1450	0.243424
1451	0.243911
1452	0.244388
1453	0.244870
1454	0.245334
1455	0.245737
1456	0.246045
1457	0.246240
1458	0.246329
1459	0.246321
1460	0.246207
1461	0.245970
1462	0.245601
1463	0.245123
1464	0.244601
1465	0.244119
1466	0.243757
1467	0.243556
1468	0.243522
1469	0.243652
1470	0.243958
1471	0.244467
1472	0.245165
1473	0.245995
1474	0.246880
1475	0.247739
1476	0.248522
1477	0.249215
1478	0.249816
1479	0.250333
1480	0.250782
1481	0.251189
1482	0.251592
1483	0.252038
1484	0.252570
1485	0.253211
1486	0.253966
1487	0.254829
1488	0.255773
1489	0.256756
1490	0.257734
1491	0.258668
1492	0.259534
1493	0.260330
1494	0.261067
1495	0.261759
1496	0.262406
1497	0.262998
1498	0.263533
1499	0.264021
1500	0.264486
1501	0.264956
1502	0.265452
1503	0.265971
1504	0.266499
1505	0.267020
1506	0.267521
1507	0.267999
1508	0.268460
1509	0.268903
1510	0.269324
1511	0.269727
1512	0.270123
1513	0.270526
1514	0.270955
1515	0.271420
1516	0.271916
1517	0.272425
1518	0.272928
1519	0.273412
1520	0.273878
1521	0.274331
1522	0.274774
1523	0.275207
1524	0.275623
1525	0.276016
1526	0.276390
1527	0.276747
1528	0.277090
1529	0.277424
1530	0.277755
1531	0.278093
1532	0.278442
1533	0.278804
1534	0.279170
1535	0.279529
1536	0.279878
1537	0.280219
1538	0.280556
1539	0.280889
1540	0.281213
1541	0.281523
1542	0.281813
1543	0.282083
1544	0.282340
1545	0.282592
1546	0.282845
1547	0.283099
1548	0.283360
1549	0.283637
1550	0.283941
1551	0.284280
1552	0.284652
1553	0.285045
1554	0.285441
1555	0.285826
1556	0.286195
1557	0.286553
1558	0.286906
1559	0.287258
1560	0.287605
1561	0.287945
1562	0.288269
1563	0.288568
1564	0.288831
1565	0.289047
1566	0.289213
1567	0.289338
1568	0.289439
1569	0.289539
1570	0.289663
1571	0.289829
1572	0.290043
1573	0.290306
1574	0.290611
1575	0.290950
1576	0.291308
1577	0.291669
1578	0.292021
1579	0.292354
1580	0.292660
1581	0.292936
1582	0.293183
1583	0.293401
1584	0.293597
1585	0.293780
1586	0.293955
1587	0.294125
1588	0.294293
1589	0.294470
1590	0.294666
1591	0.294890
1592	0.295145
1593	0.295418
1594	0.295690
1595	0.295946
1596	0.296181
1597	0.296398
1598	0.296604
1599	0.296797
1600	0.296976
1601	0.297138
1602	0.297291
1603	0.297454
1604	0.297646
1605	0.297878
1606	0.298146
1607	0.298434
1608	0.298723
1609	0.298997
1610	0.299246
1611	0.299469
1612	0.299661
1613	0.299825
1614	0.299969
1615	0.300109
1616	0.300263
1617	0.300451
1618	0.300688
1619	0.300974
1620	0.301296
1621	0.301630
1622	0.301952
1623	0.302235
1624	0.302464
1625	0.302632
1626	0.302738
1627	0.302795
1628	0.302816
1629	0.302825
1630	0.302840
1631	0.302880
1632	0.302954
1633	0.303059
1634	0.303187
1635	0.303331
1636	0.303490
1637	0.303660
1638	0.303836
1639	0.304018
1640	0.304205
1641	0.304401
1642	0.304609
1643	0.304820
1644	0.305015
1645	0.305173
1646	0.305284
1647	0.305350
1648	0.305383
1649	0.305405
1650	0.305435
1651	0.305483
1652	0.305550
1653	0.305635
1654	0.305736
1655	0.305844
1656	0.305954
1657	0.306063
1658	0.306169
1659	0.306269
1660	0.306361
1661	0.306444
1662	0.306515
1663	0.306576
1664	0.306626
1665	0.306660
1666	0.306668
1667	0.306652
1668	0.306624
1669	0.306609
1670	0.306626
1671	0.306679
1672	0.306752
1673	0.306815
1674	0.306854
1675	0.306871
1676	0.306882
1677	0.306900
1678	0.306928
1679	0.306954
1680	0.306966
1681	0.306963
1682	0.306949
1683	0.306928
1684	0.306898
1685	0.306852
1686	0.306786
1687	0.306713
1688	0.306657
1689	0.306640
1690	0.306674
1691	0.306742
1692	0.306814
1693	0.306861
1694	0.306873
1695	0.306858
1696	0.306833
1697	0.306805
1698	0.306771
1699	0.306719
1700	0.306645
1701	0.306551
1702	0.306449
1703	0.306343
1704	0.306231
1705	0.306104
1706	0.305963
1707	0.305816
1708	0.305685
1709	0.305587
1710	0.305521
1711	0.305469
1712	0.305405
1713	0.305315
1714	0.305202
1715	0.305080
1716	0.304955
1717	0.304822
1718	0.304669
1719	0.304487
1720	0.304281
1721	0.304067
1722	0.303863
1723	0.303678
1724	0.303508
1725	0.303345
1726	0.303187
1727	0.303045
1728	0.302930
1729	0.302841
1730	0.302758
1731	0.302652
1732	0.302508
1733	0.302324
1734	0.302111
1735	0.301880
1736	0.301644
1737	0.301430
1738	0.301275
1739	0.301211
1740	0.301250
1741	0.301370
1742	0.301514
1743	0.301629
1744	0.301673
1745	0.301622
1746	0.301465
1747	0.301193
1748	0.300804
1749	0.300330
1750	0.299832
1751	0.299383
1752	0.299036
1753	0.298803
1754	0.298659
1755	0.298570
1756	0.298519
1757	0.298496
1758	0.298487
1759	0.298473
1760	0.298422
1761	0.298312
1762	0.298136
1763	0.297897
1764	0.297600
1765	0.297259
1766	0.296884
1767	0.296489
1768	0.296087
1769	0.295662
1770	0.295185
1771	0.294649
1772	0.294080
1773	0.293529
1774	0.293047
1775	0.292660
1776	0.292368
1777	0.292156
1778	0.292014
1779	0.291935
1780	0.291908
1781	0.291899
1782	0.291854
1783	0.291733
1784	0.291522
1785	0.291242
1786	0.290938
1787	0.290646
1788	0.290369
1789	0.290102
1790	0.289837
1791	0.289573
1792	0.289308
1793	0.289043
1794	0.288779
1795	0.288514
1796	0.288249
1797	0.287985
1798	0.287720
1799	0.287455
1800	0.287190
1801	0.286926
1802	0.286661
1803	0.286396
1804	0.286132
1805	0.285867
1806	0.285602
1807	0.285337
1808	0.285073
1809	0.284808
1810	0.284543
1811	0.284279
1812	0.284014
1813	0.283749
1814	0.283485
1815	0.283220
1816	0.282955
1817	0.282690
1818	0.282426
1819	0.282161
1820	0.281896
1821	0.281632
1822	0.281367
1823	0.281102
1824	0.280838
1825	0.280573
1826	0.280308
1827	0.280043
1828	0.279779
1829	0.279514
1830	0.279249
1831	0.278985
1832	0.278720
1833	0.278455
1834	0.278191
1835	0.277926
1836	0.277661
1837	0.277396
1838	0.277132
1839	0.276867
1840	0.276602
1841	0.276338
1842	0.276073
1843	0.275808
1844	0.275543
1845	0.275279
1846	0.275014
1847	0.274749
1848	0.274485
1849	0.274220
1850	0.273955
1851	0.273691
1852	0.273426
1853	0.273161
1854	0.272896
1855	0.272632
1856	0.272367
1857	0.272102
1858	0.271838
1859	0.271573
1860	0.271308
1861	0.271044
1862	0.270779
1863	0.270514
1864	0.270249
1865	0.269985
1866	0.269720
1867	0.269455
1868	0.269191
1869	0.268926
1870	0.268661
1871	0.268397
1872	0.268132
1873	0.267867
1874	0.267602
1875	0.267338
1876	0.267073
1877	0.266808
1878	0.266544
1879	0.266279
1880	0.266014
1881	0.265750
1882	0.265485
1883	0.265220
1884	0.264955
1885	0.264691
1886	0.264426
1887	0.264161
1888	0.263897
1889	0.263632
1890	0.263367
1891	0.263102
1892	0.262838
1893	0.262573
1894	0.262308
1895	0.262044
1896	0.261779
1897	0.261514
1898	0.261250
1899	0.260985
1900	0.260720
1901	0.260455
1902	0.260191
1903	0.259926
1904	0.259661
1905	0.259397
1906	0.259132
1907	0.258867
1908	0.258603
1909	0.258338
1910	0.258073
1911	0.257808
1912	0.257544
1913	0.257279
1914	0.257014
1915	0.256750
1916	0.256485
1917	0.256220
1918	0.255956
1919	0.255691
1920	0.255426
1921	0.255161
1922	0.254897
1923	0.254632
1924	0.254367
1925	0.254103
1926	0.253838
1927	0.253573
1928	0.253309
1929	0.253044
1930	0.252779
1931	0.252514
1932	0.252250
1933	0.251985
1934	0.251720
1935	0.251456
1936	0.251191
1937	0.250926
1938	0.250661
1939	0.250397
1940	0.250132
1941	0.249859
1942	0.249567
1943	0.249275
1944	0.249018
1945	0.248816
1946	0.248665
1947	0.248542
1948	0.248414
1949	0.248250
1950	0.248030
1951	0.247743
1952	0.247381
1953	0.246943
1954	0.246439
1955	0.245892
1956	0.245344
1957	0.244841
1958	0.244421
1959	0.244090
1960	0.243822
1961	0.243606
1962	0.243439
1963	0.243319
1964	0.243245
1965	0.243214
1966	0.243226
1967	0.243278
1968	0.243369
1969	0.243496
1970	0.243659
1971	0.243854
1972	0.244081
1973	0.244337
1974	0.244621
1975	0.244931
1976	0.245265
1977	0.245622
1978	0.245999
1979	0.246395
1980	0.246809
1981	0.247237
1982	0.247679
1983	0.248133
1984	0.248596
1985	0.249068
1986	0.249546
1987	0.250028
1988	0.250514
1989	0.251000
1990	0.251485
1991	0.251968
1992	0.252446
1993	0.252919
1994	0.253383
1995	0.253837
1996	0.254280
1997	0.254710
1998	0.255125
1999	0.255522
2000	0.255901
2001	0.256259
2002	0.256583
2003	0.256842
2004	0.257048
2005	0.257263
2006	0.257547
2007	0.257934
2008	0.258420
2009	0.258961
2010	0.259495
2011	0.259976
2012	0.260387
2013	0.260736
2014	0.261055
2015	0.261396
2016	0.261804
2017	0.262306
2018	0.262921
2019	0.263660
2020	0.264500
2021	0.265363
2022	0.266163
2023	0.266843
2024	0.267370
2025	0.267753
2026	0.268051
2027	0.268333
2028	0.268649
2029	0.269010
2030	0.269381
2031	0.269690
2032	0.269891
2033	0.269976
2034	0.269964
2035	0.269875
2036	0.269739
2037	0.269585
2038	0.269444
2039	0.269348
2040	0.269321
2041	0.269385
2042	0.269541
2043	0.269762
2044	0.270013
2045	0.270262
2046	0.270479
2047	0.270648
2048	0.270777
2049	0.270874
2050	0.270951
2051	0.271021
2052	0.271084
2053	0.271141
2054	0.271194
2055	0.271247
2056	0.271304
2057	0.271369
2058	0.271442
2059	0.271532
2060	0.271652
2061	0.271811
2062	0.272027
2063	0.272312
2064	0.272660
2065	0.273048
2066	0.273447
2067	0.273831
2068	0.274182
2069	0.274496
2070	0.274778
2071	0.275039
2072	0.275283
2073	0.275511
2074	0.275724
2075	0.275925
2076	0.276113
2077	0.276291
2078	0.276460
2079	0.276621
2080	0.276775
2081	0.276923
2082	0.277067
2083	0.277206
2084	0.277343
2085	0.277477
2086	0.277611
2087	0.277744
2088	0.277878
2089	0.278014
2090	0.278151
2091	0.278290
2092	0.278433
2093	0.278580
2094	0.278731
2095	0.278887
2096	0.279048
2097	0.279214
2098	0.279386
2099	0.279564
2100	0.279749
2101	0.279940
2102	0.280138
2103	0.280343
2104	0.280555
2105	0.280773
2106	0.280998
2107	0.281231
2108	0.281469
2109	0.281715
2110	0.281966
2111	0.282224
2112	0.282487
2113	0.282756
2114	0.283030
2115	0.283308
2116	0.283591
2117	0.283877
2118	0.284166
2119	0.284457
2120	0.284750
2121	0.285045
2122	0.285339
2123	0.285633
2124	0.285926
2125	0.286216
2126	0.286504
2127	0.286787
2128	0.287065
2129	0.287337
2130	0.287601
2131	0.287858
2132	0.288104
2133	0.288340
2134	0.288563
2135	0.288773
2136	0.288968
2137	0.289147
2138	0.289308
2139	0.289450
2140	0.289571
2141	0.289669
2142	0.289744
2143	0.289793
2144	0.289814
2145	0.289806
2146	0.289767
2147	0.289695
2148	0.289588
2149	0.289445
2150	0.289262
2151	0.289039
2152	0.288762
2153	0.288409
2154	0.287983
2155	0.287520
2156	0.287063
2157	0.286650
2158	0.286304
2159	0.286031
2160	0.285827
2161	0.285684
2162	0.285590
2163	0.285523
2164	0.285452
2165	0.285346
2166	0.285181
2167	0.284954
2168	0.284684
2169	0.284406
2170	0.284138
2171	0.283872
2172	0.283601
2173	0.283325
2174	0.283047
2175	0.282765
2176	0.282482
2177	0.282198
2178	0.281914
2179	0.281630
2180	0.281347
2181	0.281066
2182	0.280787
2183	0.280511
2184	0.280238
2185	0.279969
2186	0.279705
2187	0.279445
2188	0.279190
2189	0.278941
2190	0.278698
2191	0.278461
2192	0.278231
2193	0.278007
2194	0.277790
2195	0.277581
2196	0.277379
2197	0.277185
2198	0.276998
2199	0.276819
2200	0.276647
2201	0.276484
2202	0.276328
2203	0.276180
2204	0.276039
2205	0.275907
2206	0.275781
2207	0.275663
2208	0.275552
2209	0.275448
2210	0.275350
2211	0.275259
2212	0.275174
2213	0.275094
2214	0.275019
2215	0.274950
2216	0.274885
2217	0.274824
2218	0.274766
2219	0.274712
2220	0.274659
2221	0.274609
2222	0.274560
2223	0.274511
2224	0.274462
2225	0.274412
2226	0.274361
2227	0.274308
2228	0.274251
2229	0.274190
2230	0.274125
2231	0.274054
2232	0.273976
2233	0.273891
2234	0.273797
2235	0.273693
2236	0.273579
2237	0.273453
2238	0.273315
2239	0.273163
2240	0.272995
2241	0.272811
2242	0.272610
2243	0.272390
2244	0.272150
2245	0.271889
2246	0.271605
2247	0.271297
2248	0.270964
2249	0.270604
2250	0.270215
2251	0.269797
2252	0.269378
2253	0.269000
2254	0.268569
2255	0.267941
2256	0.267045
2257	0.265922
2258	0.264702
2259	0.263553
2260	0.262629
2261	0.262037
2262	0.261835
2263	0.262060
2264	0.262716
2265	0.263753
2266	0.265051
2267	0.266424
2268	0.267662
2269	0.268611
2270	0.269254
2271	0.269706
2272	0.270024
2273	0.270219
2274	0.270299
2275	0.270276
2276	0.270159
2277	0.269956
2278	0.269676
2279	0.269328
2280	0.268921
2281	0.268461
2282	0.267958
2283	0.267417
2284	0.266847
2285	0.266254
2286	0.265644
2287	0.265025
2288	0.264401
2289	0.263778
2290	0.263162
2291	0.262558
2292	0.261970
2293	0.261404
2294	0.260862
2295	0.260350
2296	0.259871
2297	0.259428
2298	0.259024
2299	0.258662
2300	0.258344
2301	0.258073
2302	0.257850
2303	0.257677
2304	0.257556
2305	0.257487
2306	0.257471
2307	0.257509
2308	0.257600
2309	0.257745
2310	0.257943
2311	0.258194
2312	0.258496
2313	0.258849
2314	0.259249
2315	0.259697
2316	0.260189
2317	0.260724
2318	0.261297
2319	0.261907
2320	0.262550
2321	0.263223
2322	0.263921
2323	0.264641
2324	0.265378
2325	0.266126
2326	0.266882
2327	0.267640
2328	0.268394
2329	0.269138
2330	0.269866
2331	0.270572
2332	0.271249
2333	0.271889
2334	0.272486
2335	0.273032
2336	0.273518
2337	0.273938
2338	0.274281
2339	0.274539
2340	0.274704
2341	0.274766
2342	0.274715
2343	0.274541
2344	0.274234
2345	0.273784
2346	0.273179
2347	0.272409
2348	0.271462
2349	0.270326
2350	0.268990
2351	0.267441
2352	0.265633
2353	0.263479
2354	0.260992
2355	0.258279
2356	0.255480
2357	0.252708
2358	0.250031
2359	0.247470
2360	0.245014
2361	0.242638
2362	0.240307
2363	0.237959
2364	0.235501
2365	0.232835
2366	0.229891
2367	0.226662
2368	0.223215
2369	0.219656
2370	0.216049
2371	0.212356
2372	0.208551
2373	0.204634
2374	0.200605
2375	0.196465
2376	0.192212
2377	0.187849
2378	0.183373
2379	0.178785
2380	0.174086
2381	0.169275
2382	0.164352
2383	0.159318
2384	0.154171
2385	0.148913
2386	0.143543
2387	0.138062
2388	0.132468
2389	0.126763
2390	0.120946
2391	0.115017
2392	0.108977
2393	0.102825
2394	0.096561
2395	0.090185
2396	0.083698
2397	0.077098
2398	0.070387
2399	0.063565
2400	0.056630
2401	0.049584
2402	0.042426
2403	0.035156
2404	0.027774
2405	0.020281
2406	0.012676
2407	0.004959
2408	-0.002870
2409	-0.010810
2410	-0.018862
2411	-0.027026
2412	-0.035302
2413	-0.043690
2414	-0.052189
2415	-0.060800
2416	-0.069523
2417	-0.078357
2418	-0.087303
2419	-0.096361
2420	-0.105531
2421	-0.114813
2422	-0.124206
2423	-0.133711
2424	-0.143328
2425	-0.153057
2426	-0.162897
2427	-0.172849
2428	-0.182913
2429	-0.193089
2430	-0.203376
2431	-0.213775
2432	-0.224286
2433	-0.234909
2434	-0.245644
2435	-0.256490
2436	-0.267448
2437	-0.278518
2438	-0.289699
2439	-0.300993
2440	-0.312398
2441	-0.323915
2442	-0.335543
2443	-0.347283
2444	-0.359136
2445	-0.371100
2446	-0.383175
2447	-0.395363
2448	-0.407662
2449	-0.420073
2450	-0.432595
2451	-0.445230
2452	-0.457976
2453	-0.470834
2454	-0.483804
2455	-0.496885
2456	-0.510079
2457	-0.523384
2458	-0.536801
2459	-0.550329
2460	-0.563969
2461	-0.577722
2462	-0.591585
2463	-0.605561
2464	-0.619648
2465	-0.633848
2466	-0.648159
2467	-0.662581
2468	-0.677116
2469	-0.691762
2470	-0.706520
2471	-0.721390
2472	-0.736371
2473	-0.751464
2474	-0.766669
2475	-0.781986
2476	-0.797415
2477	-0.812955
2478	-0.828607
2479	-0.844371
2480	-0.860247
2481	-0.876234
2482	-0.892333
2483	-0.908544
2484	-0.924867
2485	-0.941301
2486	-0.957847
2487	-0.974505
2488	-0.991275
2489	-1.008156
2490	-1.025150
2491	-1.042255
2492	-1.059471
2493	-1.076800
2494	-1.094240
2495	-1.111792
2496	-1.129456
2497	-1.147232
2498	-1.165119
2499	-1.183118
2500	-1.201229
