350	0.046875
351	0.047101
352	0.047322
353	0.047538
354	0.047751
355	0.047961
356	0.048167
357	0.048371
358	0.048570
359	0.048760
360	0.048941
361	0.049155
362	0.049384
363	0.049619
364	0.049863
365	0.050121
366	0.050384
367	0.050641
368	0.050880
369	0.051099
370	0.051310
371	0.051533
372	0.051785
373	0.052080
374	0.052414
375	0.052779
376	0.053157
377	0.053542
378	0.053931
379	0.054317
380	0.054699
381	0.055085
382	0.055486
383	0.055911
384	0.056360
385	0.056827
386	0.057305
387	0.057780
388	0.058243
389	0.058682
390	0.059093
391	0.059480
392	0.059852
393	0.060219
394	0.060598
395	0.060998
396	0.061419
397	0.061846
398	0.062258
399	0.062644
400	0.063006
401	0.063343
402	0.063656
403	0.063946
404	0.064215
405	0.064474
406	0.064736
407	0.065020
408	0.065337
409	0.065685
410	0.066055
411	0.066435
412	0.066817
413	0.067195
414	0.067567
415	0.067935
416	0.068298
417	0.068660
418	0.069028
419	0.069408
420	0.069803
421	0.070216
422	0.070643
423	0.071075
424	0.071509
425	0.071945
426	0.072386
427	0.072839
428	0.073312
429	0.073808
430	0.074323
431	0.074851
432	0.075382
433	0.075907
434	0.076422
435	0.076925
436	0.077416
437	0.077898
438	0.078371
439	0.078838
440	0.079302
441	0.079767
442	0.080235
443	0.080705
444	0.081171
445	0.081627
446	0.082072
447	0.082503
448	0.082920
449	0.083329
450	0.083733
451	0.084134
452	0.084530
453	0.084917
454	0.085298
455	0.085674
456	0.086047
457	0.086416
458	0.086777
459	0.087124
460	0.087452
461	0.087763
462	0.088061
463	0.088351
464	0.088638
465	0.088924
466	0.089210
467	0.089493
468	0.089775
469	0.090055
470	0.090334
471	0.090614
472	0.090896
473	0.091176
474	0.091456
475	0.091739
476	0.092029
477	0.092332
478	0.092646
479	0.092966
480	0.093287
481	0.093608
482	0.093934
483	0.094275
484	0.094635
485	0.095009
486	0.095393
487	0.095782
488	0.096178
489	0.096584
490	0.097003
491	0.097429
492	0.097857
493	0.098279
494	0.098698
495	0.099121
496	0.099553
497	0.099997
498	0.100447
499	0.100902
500	0.101359
501	0.101819
502	0.102283
503	0.102750
504	0.103219
505	0.103689
506	0.104161
507	0.104635
508	0.105114
509	0.105598
510	0.106087
511	0.106580
512	0.107077
513	0.107581
514	0.108095
515	0.108615
516	0.109135
517	0.109652
518	0.110165
519	0.110674
520	0.111179
521	0.111679
522	0.112172
523	0.112661
524	0.113150
525	0.113642
526	0.114142
527	0.114652
528	0.115174
529	0.115705
530	0.116241
531	0.116779
532	0.117317
533	0.117853
534	0.118389
535	0.118928
536	0.119475
537	0.120036
538	0.120606
539	0.121182
540	0.121759
541	0.122334
542	0.122905
543	0.123470
544	0.124025
545	0.124568
546	0.125101
547	0.125632
548	0.126168
549	0.126714
550	0.127271
551	0.127837
552	0.128408
553	0.128986
554	0.129578
555	0.130198
556	0.130857
557	0.131561
558	0.132303
559	0.133069
560	0.133841
561	0.134595
562	0.135300
563	0.135924
564	0.136448
565	0.136870
566	0.137212
567	0.137515
568	0.137827
569	0.138185
570	0.138610
571	0.139107
572	0.139670
573	0.140289
574	0.140944
575	0.141610
576	0.142260
577	0.142879
578	0.143461
579	0.144012
580	0.144535
581	0.145026
582	0.145474
583	0.145874
584	0.146232
585	0.146567
586	0.146900
587	0.147252
588	0.147627
589	0.148026
590	0.148449
591	0.148901
592	0.149376
593	0.149857
594	0.150319
595	0.150737
596	0.151099
597	0.151409
598	0.151688
599	0.151953
600	0.152215
601	0.152482
602	0.152759
603	0.153055
604	0.153375
605	0.153721
606	0.154086
607	0.154456
608	0.154814
609	0.155147
610	0.155453
611	0.155735
612	0.156001
613	0.156259
614	0.156517
615	0.156777
616	0.157039
617	0.157303
618	0.157567
619	0.157832
620	0.158099
621	0.158367
622	0.158630
623	0.158887
624	0.159139
625	0.159393
626	0.159651
627	0.159915
628	0.160187
629	0.160465
630	0.160750
631	0.161040
632	0.161332
633	0.161623
634	0.161910
635	0.162186
636	0.162449
637	0.162700
638	0.162944
639	0.163185
640	0.163422
641	0.163653
642	0.163875
643	0.164089
644	0.164301
645	0.164516
646	0.164741
647	0.164974
648	0.165208
649	0.165437
650	0.165664
651	0.165903
652	0.166162
653	0.166443
654	0.166739
655	0.167040
656	0.167342
657	0.167645
658	0.167947
659	0.168244
660	0.168526
661	0.168788
662	0.169027
663	0.169252
664	0.169474
665	0.169710
666	0.169961
667	0.170220
668	0.170482
669	0.170745
670	0.171009
671	0.171273
672	0.171539
673	0.171806
674	0.172076
675	0.172350
676	0.172627
677	0.172904
678	0.173181
679	0.173452
680	0.173712
681	0.173961
682	0.174206
683	0.174459
684	0.174730
685	0.175020
686	0.175320
687	0.175615
688	0.175893
689	0.176153
690	0.176405
691	0.176657
692	0.176917
693	0.177181
694	0.177450
695	0.177730
696	0.178037
697	0.178380
698	0.178754
699	0.179147
700	0.179547
701	0.179945
702	0.180346
703	0.180757
704	0.181185
705	0.181624
706	0.182062
707	0.182491
708	0.182916
709	0.183338
710	0.183739
711	0.184081
712	0.184331
713	0.184483
714	0.184572
715	0.184651
716	0.184768
717	0.184942
718	0.185177
719	0.185470
720	0.185820
721	0.186221
722	0.186660
723	0.187102
724	0.187508
725	0.187863
726	0.188193
727	0.188554
728	0.188989
729	0.189507
730	0.190084
731	0.190679
732	0.191264
733	0.191825
734	0.192357
735	0.192856
736	0.193321
737	0.193753
738	0.194159
739	0.194551
740	0.194942
741	0.195335
742	0.195722
743	0.196098
744	0.196461
745	0.196808
746	0.197141
747	0.197462
748	0.197776
749	0.198086
750	0.198401
751	0.198730
752	0.199059
753	0.199342
754	0.199538
755	0.199659
756	0.199753
757	0.199871
758	0.200047
759	0.200300
760	0.200634
761	0.201046
762	0.201527
763	0.202057
764	0.202601
765	0.203111
766	0.203538
767	0.203849
768	0.204057
769	0.204218
770	0.204388
771	0.204584
772	0.204795
773	0.205022
774	0.205265
775	0.205522
776	0.205785
777	0.206051
778	0.206316
779	0.206578
780	0.206831
781	0.207072
782	0.207299
783	0.207510
784	0.207704
785	0.207883
786	0.208055
787	0.208232
788	0.208424
789	0.208640
790	0.208878
791	0.209134
792	0.209401
793	0.209671
794	0.209934
795	0.210183
796	0.210413
797	0.210621
798	0.210812
799	0.211001
800	0.211203
801	0.211429
802	0.211679
803	0.211941
804	0.212207
805	0.212466
806	0.212704
807	0.212896
808	0.213017
809	0.213049
810	0.212989
811	0.212857
812	0.212694
813	0.212554
814	0.212484
815	0.212506
816	0.212615
817	0.212797
818	0.213049
819	0.213362
820	0.213714
821	0.214064
822	0.214380
823	0.214644
824	0.214863
825	0.215056
826	0.215247
827	0.215451
828	0.215668
829	0.215895
830	0.216128
831	0.216373
832	0.216649
833	0.216961
834	0.217289
835	0.217610
836	0.217912
837	0.218194
838	0.218456
839	0.218700
840	0.218926
841	0.219138
842	0.219337
843	0.219523
844	0.219702
845	0.219882
846	0.220066
847	0.220245
848	0.220402
849	0.220534
850	0.220661
851	0.220804
852	0.220972
853	0.221161
854	0.221358
855	0.221550
856	0.221735
857	0.221915
858	0.222090
859	0.222243
860	0.222358
861	0.222428
862	0.222477
863	0.222537
864	0.222632
865	0.222762
866	0.222915
867	0.223085
868	0.223262
869	0.223440
870	0.223614
871	0.223779
872	0.223934
873	0.224079
874	0.224219
875	0.224369
876	0.224532
877	0.224705
878	0.224880
879	0.225049
880	0.225205
881	0.225343
882	0.225459
883	0.225554
884	0.225642
885	0.225746
886	0.225880
887	0.226034
888	0.226184
889	0.226305
890	0.226375
891	0.226377
892	0.226299
893	0.226138
894	0.225903
895	0.225630
896	0.225381
897	0.225225
898	0.225213
899	0.225358
900	0.225626
901	0.225952
902	0.226261
903	0.226507
904	0.226672
905	0.226760
906	0.226775
907	0.226727
908	0.226631
909	0.226524
910	0.226458
911	0.226455
912	0.226515
913	0.226672
914	0.226963
915	0.227398
916	0.227952
917	0.228568
918	0.229174
919	0.229687
920	0.230031
921	0.230150
922	0.230012
923	0.229623
924	0.229025
925	0.228293
926	0.227522
927	0.226809
928	0.226223
929	0.225763
930	0.225383
931	0.225062
932	0.224799
933	0.224591
934	0.224436
935	0.224334
936	0.224281
937	0.224276
938	0.224317
939	0.224402
940	0.224530
941	0.224698
942	0.224904
943	0.225147
944	0.225425
945	0.225736
946	0.226077
947	0.226448
948	0.226846
949	0.227269
950	0.227715
951	0.228183
952	0.228671
953	0.229176
954	0.229697
955	0.230232
956	0.230779
957	0.231337
958	0.231902
959	0.232474
960	0.233051
961	0.233630
962	0.234210
963	0.234788
964	0.235364
965	0.235935
966	0.236499
967	0.237054
968	0.237599
969	0.238131
970	0.238648
971	0.239150
972	0.239633
973	0.240097
974	0.240538
975	0.240955
976	0.241347
977	0.241712
978	0.242046
979	0.242350
980	0.242620
981	0.242855
982	0.243052
983	0.243207
984	0.243316
985	0.243378
986	0.243396
987	0.243376
988	0.243326
989	0.243253
990	0.243165
991	0.243068
992	0.242969
993	0.242872
994	0.242777
995	0.242684
996	0.242590
997	0.242492
998	0.242389
999	0.242281
1000	0.242170
1001	0.242060
1002	0.241950
1003	0.241842
1004	0.241737
1005	0.241635
1006	0.241537
1007	0.241444
1008	0.241356
1009	0.241275
1010	0.241202
1011	0.241135
1012	0.241077
1013	0.241027
1014	0.240986
1015	0.240955
1016	0.240934
1017	0.240922
1018	0.240922
1019	0.240931
1020	0.240952
1021	0.240983
1022	0.241026
1023	0.241079
1024	0.241144
1025	0.241219
1026	0.241306
1027	0.241403
1028	0.241511
1029	0.241630
1030	0.241758
1031	0.241896
1032	0.242040
1033	0.242193
1034	0.242357
1035	0.242534
1036	0.242726
1037	0.242932
1038	0.243149
1039	0.243374
1040	0.243603
1041	0.243833
1042	0.244060
1043	0.244279
1044	0.244488
1045	0.244685
1046	0.244871
1047	0.245047
1048	0.245217
1049	0.245383
1050	0.245544
1051	0.245699
1052	0.245849
1053	0.245993
1054	0.246131
1055	0.246265
1056	0.246393
1057	0.246516
1058	0.246635
1059	0.246748
1060	0.246857
1061	0.246961
1062	0.247061
1063	0.247157
1064	0.247248
1065	0.247336
1066	0.247419
1067	0.247498
1068	0.247574
1069	0.247646
1070	0.247715
1071	0.247780
1072	0.247842
1073	0.247901
1074	0.247957
1075	0.248009
1076	0.248060
1077	0.248107
1078	0.248152
1079	0.248194
1080	0.248234
1081	0.248272
1082	0.248308
1083	0.248341
1084	0.248373
1085	0.248403
1086	0.248432
1087	0.248459
1088	0.248485
1089	0.248509
1090	0.248532
1091	0.248554
1092	0.248578
1093	0.248611
1094	0.248647
1095	0.248672
1096	0.248677
1097	0.248656
1098	0.248611
1099	0.248543
1100	0.248458
1101	0.248363
1102	0.248270
1103	0.248195
1104	0.248153
1105	0.248151
1106	0.248180
1107	0.248227
1108	0.248271
1109	0.248285
1110	0.248244
1111	0.248116
1112	0.247854
1113	0.247412
1114	0.246770
1115	0.245940
1116	0.244965
1117	0.243901
1118	0.242812
1119	0.241752
1120	0.240766
1121	0.239896
1122	0.239175
1123	0.238617
1124	0.238210
1125	0.237928
1126	0.237755
1127	0.237694
1128	0.237772
1129	0.238020
1130	0.238449
1131	0.239047
1132	0.239776
1133	0.240589
1134	0.241436
1135	0.242269
1136	0.243044
1137	0.243718
1138	0.244257
1139	0.244644
1140	0.244882
1141	0.245001
1142	0.245034
1143	0.245013
1144	0.244968
1145	0.244931
1146	0.244940
1147	0.245027
1148	0.245216
1149	0.245521
1150	0.245948
1151	0.246489
1152	0.247125
1153	0.247836
1154	0.248597
1155	0.249388
1156	0.250190
1157	0.250987
1158	0.251756
1159	0.252475
1160	0.253134
1161	0.253730
1162	0.254272
1163	0.254771
1164	0.255241
1165	0.255685
1166	0.256099
1167	0.256487
1168	0.256858
1169	0.257224
1170	0.257589
1171	0.257947
1172	0.258287
1173	0.258597
1174	0.258876
1175	0.259131
1176	0.259361
1177	0.259560
1178	0.259719
1179	0.259830
1180	0.259895
1181	0.259929
1182	0.259951
1183	0.259981
1184	0.260031
1185	0.260106
1186	0.260208
1187	0.260337
1188	0.260493
1189	0.260676
1190	0.260886
1191	0.261123
1192	0.261382
1193	0.261658
1194	0.261941
1195	0.262217
1196	0.262476
1197	0.262710
1198	0.262915
1199	0.263086
1200	0.263227
1201	0.263346
1202	0.263456
1203	0.263574
1204	0.263716
1205	0.263882
1206	0.264064
1207	0.264245
1208	0.264415
1209	0.264568
1210	0.264714
1211	0.264869
1212	0.265046
1213	0.265251
1214	0.265483
1215	0.265739
1216	0.266012
1217	0.266289
1218	0.266555
1219	0.266798
1220	0.267009
1221	0.267186
1222	0.267346
1223	0.267508
1224	0.267684
1225	0.267878
1226	0.268082
1227	0.268290
1228	0.268494
1229	0.268697
1230	0.268902
1231	0.269109
1232	0.269318
1233	0.269527
1234	0.269733
1235	0.269935
1236	0.270131
1237	0.270316
1238	0.270484
1239	0.270629
1240	0.270751
1241	0.270860
1242	0.270971
1243	0.271096
1244	0.271238
1245	0.271394
1246	0.271557
1247	0.271725
1248	0.271898
1249	0.272080
1250	0.272272
1251	0.272471
1252	0.272674
1253	0.272881
1254	0.273086
1255	0.273285
1256	0.273472
1257	0.273639
1258	0.273778
1259	0.273886
1260	0.273964
1261	0.274015
1262	0.274040
1263	0.274049
1264	0.274049
1265	0.274050
1266	0.274059
1267	0.274083
1268	0.274125
1269	0.274186
1270	0.274269
1271	0.274378
1272	0.274517
1273	0.274683
1274	0.274872
1275	0.275076
1276	0.275287
1277	0.275497
1278	0.275698
1279	0.275879
1280	0.276037
1281	0.276171
1282	0.276288
1283	0.276393
1284	0.276491
1285	0.276586
1286	0.276683
1287	0.276782
1288	0.276881
1289	0.276977
1290	0.277060
1291	0.277119
1292	0.277151
1293	0.277158
1294	0.277149
1295	0.277133
1296	0.277116
1297	0.277093
1298	0.277061
1299	0.277021
1300	0.276976
1301	0.276927
1302	0.276877
1303	0.276828
1304	0.276775
1305	0.276715
1306	0.276652
1307	0.276600
1308	0.276566
1309	0.276548
1310	0.276538
1311	0.276523
1312	0.276493
1313	0.276442
1314	0.276366
1315	0.276264
1316	0.276135
1317	0.275984
1318	0.275816
1319	0.275639
1320	0.275459
1321	0.275286
1322	0.275121
1323	0.274959
1324	0.274798
1325	0.274638
1326	0.274479
1327	0.274320
1328	0.274161
1329	0.274003
1330	0.273845
1331	0.273687
1332	0.273529
1333	0.273370
1334	0.273211
1335	0.273052
1336	0.272892
1337	0.272731
1338	0.272569
1339	0.272406
1340	0.272241
1341	0.272076
1342	0.271908
1343	0.271740
1344	0.271569
1345	0.271396
1346	0.271221
1347	0.271044
1348	0.270865
1349	0.270683
1350	0.270499
1351	0.270311
1352	0.270121
1353	0.269928
1354	0.269731
1355	0.269532
1356	0.269328
1357	0.269121
1358	0.268911
1359	0.268696
1360	0.268478
1361	0.268255
1362	0.268028
1363	0.267796
1364	0.267560
1365	0.267318
1366	0.267068
1367	0.266810
1368	0.266548
1369	0.266288
1370	0.266032
1371	0.265784
1372	0.265544
1373	0.265313
1374	0.265088
1375	0.264869
1376	0.264653
1377	0.264439
1378	0.264221
1379	0.263997
1380	0.263768
1381	0.263536
1382	0.263303
1383	0.263073
1384	0.262843
1385	0.262614
1386	0.262384
1387	0.262154
1388	0.261925
1389	0.261695
1390	0.261465
1391	0.261215
1392	0.260912
1393	0.260604
1394	0.260379
1395	0.260297
1396	0.260361
1397	0.260519
1398	0.260697
1399	0.260819
1400	0.260826
1401	0.260682
1402	0.260357
1403	0.259829
1404	0.259103
1405	0.258224
1406	0.257279
1407	0.256379
1408	0.255620
1409	0.255023
1410	0.254531
1411	0.254115
1412	0.253773
1413	0.253503
1414	0.253300
1415	0.253163
1416	0.253090
1417	0.253077
1418	0.253122
1419	0.253223
1420	0.253376
1421	0.253580
1422	0.253831
1423	0.254127
1424	0.254465
1425	0.254843
1426	0.255258
1427	0.255707
1428	0.256188
1429	0.256699
1430	0.257236
1431	0.257797
1432	0.258380
1433	0.258981
1434	0.259598
1435	0.260229
1436	0.260871
1437	0.261521
1438	0.262177
1439	0.262836
1440	0.263496
1441	0.264153
1442	0.264806
1443	0.265451
1444	0.266086
1445	0.266709
1446	0.267316
1447	0.267906
1448	0.268475
1449	0.269021
1450	0.269541
1451	0.270034
1452	0.270503
1453	0.270960
1454	0.271381
1455	0.271731
1456	0.271991
1457	0.272165
1458	0.272274
1459	0.272333
1460	0.272340
1461	0.272268
1462	0.272085
1463	0.271778
1464	0.271358
1465	0.270854
1466	0.270307
1467	0.269757
1468	0.269255
1469	0.268869
1470	0.268680
1471	0.268762
1472	0.269117
1473	0.269682
1474	0.270374
1475	0.271107
1476	0.271814
1477	0.272447
1478	0.272984
1479	0.273417
1480	0.273770
1481	0.274096
1482	0.274458
1483	0.274907
1484	0.275466
1485	0.276132
1486	0.276882
1487	0.277691
1488	0.278545
1489	0.279426
1490	0.280316
1491	0.281188
1492	0.282024
1493	0.282820
1494	0.283584
1495	0.284334
1496	0.285076
1497	0.285801
1498	0.286487
1499	0.287109
1500	0.287654
1501	0.288123
1502	0.288529
1503	0.288892
1504	0.289224
1505	0.289533
1506	0.289824
1507	0.290104
1508	0.290382
1509	0.290663
1510	0.290948
1511	0.291232
1512	0.291514
1513	0.291795
1514	0.292084
1515	0.292389
1516	0.292713
1517	0.293056
1518	0.293415
1519	0.293780
1520	0.294136
1521	0.294465
1522	0.294754
1523	0.294999
1524	0.295208
1525	0.295394
1526	0.295571
1527	0.295746
1528	0.295924
1529	0.296111
1530	0.296313
1531	0.296537
1532	0.296781
1533	0.297033
1534	0.297267
1535	0.297465
1536	0.297623
1537	0.297748
1538	0.297857
1539	0.297965
1540	0.298083
1541	0.298221
1542	0.298384
1543	0.298569
1544	0.298766
1545	0.298954
1546	0.299112
1547	0.299226
1548	0.299299
1549	0.299352
1550	0.299411
1551	0.299496
1552	0.299620
1553	0.299784
1554	0.299981
1555	0.300195
1556	0.300408
1557	0.300600
1558	0.300760
1559	0.300886
1560	0.300991
1561	0.301089
1562	0.301195
1563	0.301318
1564	0.301457
1565	0.301606
1566	0.301753
1567	0.301886
1568	0.301995
1569	0.302079
1570	0.302142
1571	0.302195
1572	0.302248
1573	0.302304
1574	0.302365
1575	0.302433
1576	0.302507
1577	0.302584
1578	0.302657
1579	0.302723
1580	0.302784
1581	0.302847
1582	0.302920
1583	0.303005
1584	0.303101
1585	0.303202
1586	0.303307
1587	0.303423
1588	0.303553
1589	0.303698
1590	0.303858
1591	0.304024
1592	0.304191
1593	0.304357
1594	0.304522
1595	0.304683
1596	0.304833
1597	0.304960
1598	0.305057
1599	0.305131
1600	0.305197
1601	0.305267
1602	0.305350
1603	0.305443
1604	0.305535
1605	0.305617
1606	0.305684
1607	0.305738
1608	0.305785
1609	0.305833
1610	0.305890
1611	0.305962
1612	0.306053
1613	0.306169
1614	0.306309
1615	0.306467
1616	0.306630
1617	0.306782
1618	0.306914
1619	0.307022
1620	0.307112
1621	0.307198
1622	0.307290
1623	0.307400
1624	0.307533
1625	0.307686
1626	0.307853
1627	0.308020
1628	0.308179
1629	0.308320
1630	0.308436
1631	0.308527
1632	0.308595
1633	0.308645
1634	0.308683
1635	0.308719
1636	0.308769
1637	0.308844
1638	0.308954
1639	0.309087
1640	0.309222
1641	0.309339
1642	0.309428
1643	0.309494
1644	0.309546
1645	0.309590
1646	0.309621
1647	0.309635
1648	0.309633
1649	0.309628
1650	0.309638
1651	0.309676
1652	0.309742
1653	0.309835
1654	0.309956
1655	0.310107
1656	0.310292
1657	0.310505
1658	0.310724
1659	0.310927
1660	0.311095
1661	0.311218
1662	0.311291
1663	0.311317
1664	0.311298
1665	0.311247
1666	0.311183
1667	0.311134
1668	0.311121
1669	0.311156
1670	0.311240
1671	0.311358
1672	0.311492
1673	0.311619
1674	0.311725
1675	0.311807
1676	0.311871
1677	0.311923
1678	0.311972
1679	0.312020
1680	0.312069
1681	0.312127
1682	0.312193
1683	0.312264
1684	0.312328
1685	0.312368
1686	0.312375
1687	0.312357
1688	0.312336
1689	0.312340
1690	0.312387
1691	0.312474
1692	0.312582
1693	0.312695
1694	0.312807
1695	0.312924
1696	0.313049
1697	0.313178
1698	0.313291
1699	0.313368
1700	0.313402
1701	0.313403
1702	0.313391
1703	0.313386
1704	0.313396
1705	0.313410
1706	0.313412
1707	0.313396
1708	0.313366
1709	0.313335
1710	0.313308
1711	0.313291
1712	0.313288
1713	0.313303
1714	0.313336
1715	0.313388
1716	0.313451
1717	0.313513
1718	0.313564
1719	0.313599
1720	0.313618
1721	0.313628
1722	0.313648
1723	0.313685
1724	0.313740
1725	0.313808
1726	0.313881
1727	0.313948
1728	0.313999
1729	0.314017
1730	0.313987
1731	0.313901
1732	0.313760
1733	0.313581
1734	0.313389
1735	0.313202
1736	0.313025
1737	0.312868
1738	0.312748
1739	0.312687
1740	0.312708
1741	0.312811
1742	0.312969
1743	0.313138
1744	0.313274
1745	0.313343
1746	0.313331
1747	0.313235
1748	0.313062
1749	0.312835
1750	0.312591
1751	0.312373
1752	0.312224
1753	0.312161
1754	0.312179
1755	0.312251
1756	0.312349
1757	0.312447
1758	0.312533
1759	0.312593
1760	0.312616
1761	0.312599
1762	0.312546
1763	0.312472
1764	0.312400
1765	0.312346
1766	0.312310
1767	0.312277
1768	0.312220
1769	0.312109
1770	0.311922
1771	0.311665
1772	0.311365
1773	0.311051
1774	0.310744
1775	0.310462
1776	0.310224
1777	0.310045
1778	0.309939
1779	0.309904
1780	0.309918
1781	0.309945
1782	0.309952
1783	0.309915
1784	0.309832
1785	0.309716
1786	0.309590
1787	0.309472
1788	0.309360
1789	0.309252
1790	0.309146
1791	0.309039
1792	0.308932
1793	0.308826
1794	0.308719
1795	0.308613
1796	0.308506
1797	0.308399
1798	0.308293
1799	0.308186
1800	0.308079
1801	0.307973
1802	0.307866
1803	0.307760
1804	0.307653
1805	0.307546
1806	0.307440
1807	0.307333
1808	0.307226
1809	0.307120
1810	0.307013
1811	0.306907
1812	0.306800
1813	0.306693
1814	0.306587
1815	0.306480
1816	0.306374
1817	0.306267
1818	0.306160
1819	0.306054
1820	0.305947
1821	0.305840
1822	0.305734
1823	0.305627
1824	0.305521
1825	0.305414
1826	0.305307
1827	0.305201
1828	0.305094
1829	0.304987
1830	0.304881
1831	0.304774
1832	0.304668
1833	0.304561
1834	0.304454
1835	0.304348
1836	0.304241
1837	0.304134
1838	0.304028
1839	0.303921
1840	0.303815
1841	0.303708
1842	0.303601
1843	0.303495
1844	0.303388
1845	0.303282
1846	0.303175
1847	0.303068
1848	0.302962
1849	0.302855
1850	0.302748
1851	0.302642
1852	0.302535
1853	0.302429
1854	0.302322
1855	0.302215
1856	0.302109
1857	0.302002
1858	0.301895
1859	0.301789
1860	0.301682
1861	0.301576
1862	0.301469
1863	0.301362
1864	0.301256
1865	0.301149
1866	0.301042
1867	0.300936
1868	0.300829
1869	0.300723
1870	0.300616
1871	0.300509
1872	0.300403
1873	0.300296
1874	0.300190
1875	0.300083
1876	0.299976
1877	0.299870
1878	0.299763
1879	0.299656
1880	0.299550
1881	0.299443
1882	0.299337
1883	0.299230
1884	0.299123
1885	0.299017
1886	0.298910
1887	0.298803
1888	0.298697
1889	0.298590
1890	0.298484
1891	0.298377
1892	0.298270
1893	0.298164
1894	0.298057
1895	0.297950
1896	0.297844
1897	0.297737
1898	0.297631
1899	0.297524
1900	0.297417
1901	0.297311
1902	0.297204
1903	0.297097
1904	0.296991
1905	0.296884
1906	0.296778
1907	0.296671
1908	0.296564
1909	0.296458
1910	0.296351
1911	0.296245
1912	0.296138
1913	0.296031
1914	0.295925
1915	0.295818
1916	0.295711
1917	0.295605
1918	0.295498
1919	0.295392
1920	0.295285
1921	0.295178
1922	0.295072
1923	0.294965
1924	0.294858
1925	0.294752
1926	0.294645
1927	0.294539
1928	0.294432
1929	0.294325
1930	0.294219
1931	0.294112
1932	0.294005
1933	0.293899
1934	0.293792
1935	0.293686
1936	0.293579
1937	0.293472
1938	0.293366
1939	0.293259
1940	0.293153
1941	0.293049
1942	0.292952
1943	0.292858
1944	0.292755
1945	0.292633
1946	0.292489
1947	0.292325
1948	0.292149
1949	0.291970
1950	0.291797
1951	0.291635
1952	0.291492
1953	0.291375
1954	0.291288
1955	0.291231
1956	0.291197
1957	0.291175
1958	0.291153
1959	0.291127
1960	0.291105
1961	0.291089
1962	0.291080
1963	0.291078
1964	0.291084
1965	0.291099
1966	0.291123
1967	0.291157
1968	0.291200
1969	0.291255
1970	0.291320
1971	0.291397
1972	0.291486
1973	0.291588
1974	0.291704
1975	0.291833
1976	0.291976
1977	0.292135
1978	0.292309
1979	0.292498
1980	0.292704
1981	0.292927
1982	0.293168
1983	0.293427
1984	0.293704
1985	0.294000
1986	0.294316
1987	0.294652
1988	0.295009
1989	0.295387
1990	0.295787
1991	0.296209
1992	0.296653
1993	0.297121
1994	0.297613
1995	0.298129
1996	0.298671
1997	0.299237
1998	0.299830
1999	0.300449
2000	0.301095
2001	0.301769
2002	0.302485
2003	0.303284
2004	0.304179
2005	0.305105
2006	0.305949
2007	0.306599
2008	0.306989
2009	0.307116
2010	0.307026
2011	0.306779
2012	0.306444
2013	0.306110
2014	0.305881
2015	0.305863
2016	0.306147
2017	0.306765
2018	0.307645
2019	0.308628
2020	0.309549
2021	0.310325
2022	0.310950
2023	0.311453
2024	0.311880
2025	0.312275
2026	0.312677
2027	0.313122
2028	0.313641
2029	0.314247
2030	0.314919
2031	0.315612
2032	0.316251
2033	0.316751
2034	0.317066
2035	0.317223
2036	0.317299
2037	0.317380
2038	0.317532
2039	0.317765
2040	0.318049
2041	0.318339
2042	0.318611
2043	0.318864
2044	0.319099
2045	0.319292
2046	0.319395
2047	0.319374
2048	0.319248
2049	0.319087
2050	0.318976
2051	0.318974
2052	0.319084
2053	0.319281
2054	0.319516
2055	0.319747
2056	0.319967
2057	0.320171
2058	0.320342
2059	0.320457
2060	0.320505
2061	0.320505
2062	0.320511
2063	0.320583
2064	0.320751
2065	0.321009
2066	0.321337
2067	0.321694
2068	0.322038
2069	0.322345
2070	0.322613
2071	0.322861
2072	0.323096
2073	0.323319
2074	0.323531
2075	0.323732
2076	0.323923
2077	0.324106
2078	0.324280
2079	0.324447
2080	0.324607
2081	0.324761
2082	0.324909
2083	0.325053
2084	0.325193
2085	0.325328
2086	0.325461
2087	0.325591
2088	0.325719
2089	0.325845
2090	0.325970
2091	0.326094
2092	0.326217
2093	0.326341
2094	0.326464
2095	0.326588
2096	0.326713
2097	0.326838
2098	0.326965
2099	0.327093
2100	0.327222
2101	0.327353
2102	0.327486
2103	0.327621
2104	0.327757
2105	0.327896
2106	0.328036
2107	0.328178
2108	0.328322
2109	0.328467
2110	0.328614
2111	0.328762
2112	0.328912
2113	0.329063
2114	0.329214
2115	0.329366
2116	0.329518
2117	0.329671
2118	0.329823
2119	0.329974
2120	0.330124
2121	0.330273
2122	0.330420
2123	0.330564
2124	0.330706
2125	0.330844
2126	0.330978
2127	0.331108
2128	0.331233
2129	0.331351
2130	0.331464
2131	0.331569
2132	0.331667
2133	0.331756
2134	0.331835
2135	0.331905
2136	0.331964
2137	0.332011
2138	0.332045
2139	0.332066
2140	0.332072
2141	0.332063
2142	0.332038
2143	0.331995
2144	0.331934
2145	0.331853
2146	0.331752
2147	0.331629
2148	0.331484
2149	0.331314
2150	0.331120
2151	0.330899
2152	0.330645
2153	0.330348
2154	0.330008
2155	0.329643
2156	0.329273
2157	0.328915
2158	0.328580
2159	0.328269
2160	0.327980
2161	0.327706
2162	0.327437
2163	0.327162
2164	0.326865
2165	0.326527
2166	0.326139
2167	0.325697
2168	0.325213
2169	0.324703
2170	0.324181
2171	0.323644
2172	0.323092
2173	0.322526
2174	0.321949
2175	0.321363
2176	0.320770
2177	0.320173
2178	0.319572
2179	0.318971
2180	0.318370
2181	0.317771
2182	0.317177
2183	0.316588
2184	0.316007
2185	0.315435
2186	0.314872
2187	0.314322
2188	0.313783
2189	0.313259
2190	0.312751
2191	0.312258
2192	0.311783
2193	0.311326
2194	0.310887
2195	0.310469
2196	0.310072
2197	0.309696
2198	0.309341
2199	0.309010
2200	0.308701
2201	0.308416
2202	0.308154
2203	0.307917
2204	0.307704
2205	0.307515
2206	0.307351
2207	0.307212
2208	0.307097
2209	0.307007
2210	0.306940
2211	0.306898
2212	0.306880
2213	0.306885
2214	0.306913
2215	0.306964
2216	0.307036
2217	0.307130
2218	0.307244
2219	0.307378
2220	0.307531
2221	0.307702
2222	0.307890
2223	0.308095
2224	0.308314
2225	0.308547
2226	0.308793
2227	0.309050
2228	0.309318
2229	0.309594
2230	0.309877
2231	0.310165
2232	0.310458
2233	0.310753
2234	0.311048
2235	0.311342
2236	0.311633
2237	0.311919
2238	0.312197
2239	0.312467
2240	0.312725
2241	0.312970
2242	0.313198
2243	0.313409
2244	0.313599
2245	0.313766
2246	0.313908
2247	0.314021
2248	0.314104
2249	0.314153
2250	0.314165
2251	0.314139
2252	0.314014
2253	0.313692
2254	0.313275
2255	0.312989
2256	0.313020
2257	0.313429
2258	0.314151
2259	0.315044
2260	0.315950
2261	0.316737
2262	0.317308
2263	0.317561
2264	0.317402
2265	0.316785
2266	0.315754
2267	0.314469
2268	0.313178
2269	0.312111
2270	0.311342
2271	0.310740
2272	0.310235
2273	0.309823
2274	0.309495
2275	0.309247
2276	0.309072
2277	0.308964
2278	0.308918
2279	0.308928
2280	0.308989
2281	0.309096
2282	0.309244
2283	0.309428
2284	0.309644
2285	0.309886
2286	0.310150
2287	0.310434
2288	0.310731
2289	0.311039
2290	0.311354
2291	0.311672
2292	0.311989
2293	0.312304
2294	0.312612
2295	0.312911
2296	0.313198
2297	0.313470
2298	0.313726
2299	0.313962
2300	0.314177
2301	0.314368
2302	0.314535
2303	0.314676
2304	0.314788
2305	0.314871
2306	0.314924
2307	0.314945
2308	0.314934
2309	0.314891
2310	0.314814
2311	0.314704
2312	0.314560
2313	0.314383
2314	0.314172
2315	0.313928
2316	0.313652
2317	0.313344
2318	0.313004
2319	0.312634
2320	0.312236
2321	0.311809
2322	0.311357
2323	0.310880
2324	0.310380
2325	0.309860
2326	0.309320
2327	0.308765
2328	0.308195
2329	0.307614
2330	0.307024
2331	0.306429
2332	0.305831
2333	0.305234
2334	0.304641
2335	0.304055
2336	0.303481
2337	0.302922
2338	0.302382
2339	0.301866
2340	0.301378
2341	0.300922
2342	0.300503
2343	0.300126
2344	0.299797
2345	0.299519
2346	0.299299
2347	0.299142
2348	0.299054
2349	0.299040
2350	0.299107
2351	0.299260
2352	0.299523
2353	0.299939
2354	0.300501
2355	0.301157
2356	0.301839
2357	0.302490
2358	0.303078
2359	0.303591
2360	0.304036
2361	0.304425
2362	0.304772
2363	0.305111
2364	0.305485
2365	0.305943
2366	0.306520
2367	0.307219
2368	0.308008
2369	0.308834
2370	0.309666
2371	0.310523
2372	0.311417
2373	0.312348
2374	0.313317
2375	0.314323
2376	0.315366
2377	0.316446
2378	0.317563
2379	0.318718
2380	0.319910
2381	0.321140
2382	0.322406
2383	0.323710
2384	0.325051
2385	0.326429
2386	0.327845
2387	0.329297
2388	0.330787
2389	0.332315
2390	0.333879
2391	0.335481
2392	0.337120
2393	0.338796
2394	0.340509
2395	0.342260
2396	0.344048
2397	0.345873
2398	0.347735
2399	0.349635
2400	0.351572
2401	0.353546
2402	0.355558
2403	0.357606
2404	0.359692
2405	0.361815
2406	0.363975
2407	0.366173
2408	0.368408
2409	0.370680
2410	0.372989
2411	0.375336
2412	0.377720
2413	0.380141
2414	0.382599
2415	0.385095
2416	0.387627
2417	0.390197
2418	0.392805
2419	0.395449
2420	0.398131
2421	0.400850
2422	0.403606
2423	0.406400
2424	0.409230
2425	0.412098
2426	0.415003
2427	0.417946
2428	0.420926
2429	0.423943
2430	0.426997
2431	0.430088
2432	0.433217
2433	0.436383
2434	0.439586
2435	0.442826
2436	0.446104
2437	0.449419
2438	0.452771
2439	0.456160
2440	0.459587
2441	0.463051
2442	0.466552
2443	0.470090
2444	0.473666
2445	0.477279
2446	0.480929
2447	0.484616
2448	0.488340
2449	0.492102
2450	0.495901
2451	0.499738
2452	0.503611
2453	0.507522
2454	0.511470
2455	0.515455
2456	0.519478
2457	0.523537
2458	0.527634
2459	0.531769
2460	0.535940
2461	0.540149
2462	0.544395
2463	0.548678
2464	0.552998
2465	0.557356
2466	0.561751
2467	0.566183
2468	0.570653
2469	0.575159
2470	0.579703
2471	0.584284
2472	0.588903
2473	0.593558
2474	0.598251
2475	0.602981
2476	0.607749
2477	0.612553
2478	0.617395
2479	0.622274
2480	0.627190
2481	0.632144
2482	0.637135
2483	0.642163
2484	0.647228
2485	0.652331
2486	0.657471
2487	0.662648
2488	0.667862
2489	0.673113
2490	0.678402
2491	0.683728
2492	0.689091
2493	0.694492
2494	0.699930
2495	0.705404
2496	0.710917
2497	0.716466
2498	0.722053
2499	0.727677
2500	0.733338
