350	0.054456
351	0.054698
352	0.054937
353	0.055174
354	0.055409
355	0.055642
356	0.055876
357	0.056109
358	0.056341
359	0.056570
360	0.056795
361	0.057041
362	0.057282
363	0.057520
364	0.057764
365	0.058019
366	0.058291
367	0.058581
368	0.058888
369	0.059218
370	0.059585
371	0.059988
372	0.060420
373	0.060868
374	0.061315
375	0.061746
376	0.062165
377	0.062591
378	0.063045
379	0.063543
380	0.064079
381	0.064633
382	0.065193
383	0.065755
384	0.066319
385	0.066875
386	0.067405
387	0.067909
388	0.068396
389	0.068883
390	0.069384
391	0.069911
392	0.070463
393	0.071024
394	0.071582
395	0.072117
396	0.072617
397	0.073073
398	0.073486
399	0.073861
400	0.074206
401	0.074541
402	0.074887
403	0.075256
404	0.075652
405	0.076071
406	0.076508
407	0.076954
408	0.077401
409	0.077846
410	0.078289
411	0.078730
412	0.079167
413	0.079604
414	0.080046
415	0.080499
416	0.080969
417	0.081456
418	0.081951
419	0.082443
420	0.082933
421	0.083426
422	0.083933
423	0.084459
424	0.085007
425	0.085576
426	0.086163
427	0.086767
428	0.087384
429	0.088004
430	0.088620
431	0.089223
432	0.089809
433	0.090381
434	0.090948
435	0.091520
436	0.092100
437	0.092690
438	0.093288
439	0.093887
440	0.094482
441	0.095071
442	0.095649
443	0.096215
444	0.096765
445	0.097302
446	0.097831
447	0.098354
448	0.098872
449	0.099384
450	0.099892
451	0.100396
452	0.100898
453	0.101399
454	0.101895
455	0.102378
456	0.102845
457	0.103293
458	0.103723
459	0.104136
460	0.104536
461	0.104925
462	0.105306
463	0.105680
464	0.106051
465	0.106422
466	0.106793
467	0.107160
468	0.107521
469	0.107874
470	0.108222
471	0.108566
472	0.108910
473	0.109256
474	0.109608
475	0.109968
476	0.110338
477	0.110717
478	0.111104
479	0.111501
480	0.111911
481	0.112333
482	0.112766
483	0.113207
484	0.113656
485	0.114112
486	0.114579
487	0.115057
488	0.115548
489	0.116047
490	0.116550
491	0.117058
492	0.117572
493	0.118094
494	0.118629
495	0.119175
496	0.119729
497	0.120289
498	0.120854
499	0.121425
500	0.122000
501	0.122577
502	0.123152
503	0.123725
504	0.124296
505	0.124869
506	0.125445
507	0.126029
508	0.126620
509	0.127217
510	0.127820
511	0.128431
512	0.129052
513	0.129682
514	0.130319
515	0.130957
516	0.131593
517	0.132225
518	0.132850
519	0.133469
520	0.134083
521	0.134694
522	0.135305
523	0.135918
524	0.136537
525	0.137164
526	0.137799
527	0.138439
528	0.139081
529	0.139722
530	0.140360
531	0.140995
532	0.141627
533	0.142265
534	0.142916
535	0.143591
536	0.144291
537	0.145015
538	0.145759
539	0.146516
540	0.147278
541	0.148040
542	0.148795
543	0.149540
544	0.150274
545	0.150995
546	0.151707
547	0.152413
548	0.153113
549	0.153804
550	0.154477
551	0.155128
552	0.155753
553	0.156354
554	0.156941
555	0.157534
556	0.158162
557	0.158848
558	0.159600
559	0.160408
560	0.161252
561	0.162102
562	0.162928
563	0.163705
564	0.164414
565	0.165048
566	0.165609
567	0.166115
568	0.166602
569	0.167112
570	0.167670
571	0.168279
572	0.168923
573	0.169589
574	0.170266
575	0.170954
576	0.171644
577	0.172325
578	0.172982
579	0.173609
580	0.174208
581	0.174790
582	0.175369
583	0.175952
584	0.176538
585	0.177123
586	0.177708
587	0.178295
588	0.178879
589	0.179446
590	0.179976
591	0.180453
592	0.180867
593	0.181218
594	0.181515
595	0.181775
596	0.182021
597	0.182283
598	0.182586
599	0.182949
600	0.183379
601	0.183870
602	0.184406
603	0.184966
604	0.185523
605	0.186056
606	0.186547
607	0.186985
608	0.187368
609	0.187703
610	0.188008
611	0.188301
612	0.188601
613	0.188916
614	0.189249
615	0.189592
616	0.189936
617	0.190277
618	0.190615
619	0.190953
620	0.191290
621	0.191625
622	0.191950
623	0.192268
624	0.192581
625	0.192895
626	0.193213
627	0.193533
628	0.193858
629	0.194185
630	0.194517
631	0.194855
632	0.195196
633	0.195536
634	0.195868
635	0.196191
636	0.196507
637	0.196823
638	0.197143
639	0.197465
640	0.197784
641	0.198091
642	0.198383
643	0.198663
644	0.198936
645	0.199206
646	0.199478
647	0.199751
648	0.200025
649	0.200303
650	0.200597
651	0.200913
652	0.201250
653	0.201601
654	0.201959
655	0.202314
656	0.202666
657	0.203017
658	0.203366
659	0.203711
660	0.204044
661	0.204362
662	0.204666
663	0.204962
664	0.205259
665	0.205564
666	0.205876
667	0.206189
668	0.206499
669	0.206809
670	0.207121
671	0.207440
672	0.207766
673	0.208100
674	0.208433
675	0.208765
676	0.209094
677	0.209423
678	0.209750
679	0.210073
680	0.210390
681	0.210710
682	0.211047
683	0.211412
684	0.211808
685	0.212223
686	0.212637
687	0.213027
688	0.213380
689	0.213694
690	0.213981
691	0.214254
692	0.214524
693	0.214801
694	0.215097
695	0.215425
696	0.215798
697	0.216217
698	0.216669
699	0.217139
700	0.217615
701	0.218091
702	0.218569
703	0.219058
704	0.219562
705	0.220079
706	0.220601
707	0.221122
708	0.221641
709	0.222150
710	0.222627
711	0.223040
712	0.223368
713	0.223610
714	0.223797
715	0.223974
716	0.224174
717	0.224420
718	0.224721
719	0.225081
720	0.225497
721	0.225964
722	0.226464
723	0.226965
724	0.227438
725	0.227873
726	0.228291
727	0.228732
728	0.229228
729	0.229786
730	0.230390
731	0.231009
732	0.231623
733	0.232222
734	0.232800
735	0.233356
736	0.233884
737	0.234383
738	0.234853
739	0.235303
740	0.235741
741	0.236173
742	0.236595
743	0.237003
744	0.237393
745	0.237765
746	0.238126
747	0.238481
748	0.238840
749	0.239211
750	0.239589
751	0.239949
752	0.240252
753	0.240491
754	0.240706
755	0.240946
756	0.241244
757	0.241614
758	0.242058
759	0.242566
760	0.243122
761	0.243701
762	0.244268
763	0.244782
764	0.245202
765	0.245504
766	0.245697
767	0.245828
768	0.245961
769	0.246133
770	0.246340
771	0.246570
772	0.246829
773	0.247112
774	0.247407
775	0.247703
776	0.247997
777	0.248292
778	0.248588
779	0.248885
780	0.249179
781	0.249469
782	0.249748
783	0.250012
784	0.250255
785	0.250479
786	0.250694
787	0.250915
788	0.251150
789	0.251403
790	0.251678
791	0.251969
792	0.252272
793	0.252579
794	0.252878
795	0.253163
796	0.253429
797	0.253677
798	0.253914
799	0.254149
800	0.254389
801	0.254639
802	0.254897
803	0.255161
804	0.255426
805	0.255682
806	0.255912
807	0.256101
808	0.256231
809	0.256293
810	0.256295
811	0.256256
812	0.256202
813	0.256157
814	0.256140
815	0.256173
816	0.256278
817	0.256467
818	0.256727
819	0.257034
820	0.257359
821	0.257686
822	0.258006
823	0.258310
824	0.258592
825	0.258856
826	0.259104
827	0.259345
828	0.259591
829	0.259853
830	0.260135
831	0.260429
832	0.260722
833	0.261010
834	0.261301
835	0.261600
836	0.261902
837	0.262197
838	0.262479
839	0.262746
840	0.263001
841	0.263244
842	0.263475
843	0.263692
844	0.263890
845	0.264065
846	0.264222
847	0.264373
848	0.264533
849	0.264708
850	0.264892
851	0.265076
852	0.265253
853	0.265426
854	0.265600
855	0.265778
856	0.265952
857	0.266114
858	0.266261
859	0.266401
860	0.266552
861	0.266726
862	0.266927
863	0.267140
864	0.267350
865	0.267548
866	0.267739
867	0.267926
868	0.268110
869	0.268282
870	0.268431
871	0.268556
872	0.268673
873	0.268801
874	0.268951
875	0.269120
876	0.269295
877	0.269466
878	0.269631
879	0.269793
880	0.269954
881	0.270115
882	0.270269
883	0.270415
884	0.270556
885	0.270694
886	0.270824
887	0.270942
888	0.271039
889	0.271100
890	0.271117
891	0.271093
892	0.271040
893	0.270971
894	0.270885
895	0.270797
896	0.270729
897	0.270699
898	0.270713
899	0.270770
900	0.270873
901	0.271018
902	0.271197
903	0.271392
904	0.271576
905	0.271733
906	0.271855
907	0.271940
908	0.271992
909	0.272030
910	0.272083
911	0.272167
912	0.272283
913	0.272463
914	0.272745
915	0.273142
916	0.273617
917	0.274105
918	0.274537
919	0.274859
920	0.275037
921	0.275057
922	0.274917
923	0.274628
924	0.274215
925	0.273718
926	0.273195
927	0.272709
928	0.272307
929	0.271998
930	0.271750
931	0.271546
932	0.271385
933	0.271266
934	0.271187
935	0.271147
936	0.271146
937	0.271181
938	0.271251
939	0.271355
940	0.271491
941	0.271659
942	0.271857
943	0.272083
944	0.272337
945	0.272616
946	0.272921
947	0.273248
948	0.273598
949	0.273968
950	0.274357
951	0.274765
952	0.275189
953	0.275629
954	0.276083
955	0.276549
956	0.277027
957	0.277515
958	0.278012
959	0.278516
960	0.279026
961	0.279542
962	0.280060
963	0.280581
964	0.281103
965	0.281624
966	0.282144
967	0.282660
968	0.283172
969	0.283678
970	0.284177
971	0.284668
972	0.285149
973	0.285619
974	0.286077
975	0.286521
976	0.286949
977	0.287362
978	0.287757
979	0.288133
980	0.288489
981	0.288823
982	0.289130
983	0.289402
984	0.289640
985	0.289854
986	0.290059
987	0.290269
988	0.290491
989	0.290730
990	0.290984
991	0.291253
992	0.291535
993	0.291822
994	0.292107
995	0.292378
996	0.292629
997	0.292857
998	0.293070
999	0.293279
1000	0.293490
1001	0.293700
1002	0.293906
1003	0.294109
1004	0.294310
1005	0.294507
1006	0.294702
1007	0.294894
1008	0.295084
1009	0.295272
1010	0.295458
1011	0.295641
1012	0.295823
1013	0.296004
1014	0.296182
1015	0.296360
1016	0.296535
1017	0.296710
1018	0.296883
1019	0.297055
1020	0.297226
1021	0.297396
1022	0.297565
1023	0.297733
1024	0.297900
1025	0.298066
1026	0.298231
1027	0.298396
1028	0.298559
1029	0.298722
1030	0.298883
1031	0.299042
1032	0.299195
1033	0.299348
1034	0.299505
1035	0.299673
1036	0.299852
1037	0.300038
1038	0.300223
1039	0.300402
1040	0.300570
1041	0.300723
1042	0.300859
1043	0.300977
1044	0.301076
1045	0.301160
1046	0.301236
1047	0.301313
1048	0.301399
1049	0.301496
1050	0.301599
1051	0.301706
1052	0.301816
1053	0.301929
1054	0.302046
1055	0.302165
1056	0.302287
1057	0.302412
1058	0.302539
1059	0.302668
1060	0.302799
1061	0.302931
1062	0.303065
1063	0.303200
1064	0.303336
1065	0.303473
1066	0.303610
1067	0.303748
1068	0.303886
1069	0.304024
1070	0.304162
1071	0.304299
1072	0.304435
1073	0.304571
1074	0.304706
1075	0.304839
1076	0.304971
1077	0.305101
1078	0.305229
1079	0.305355
1080	0.305478
1081	0.305599
1082	0.305718
1083	0.305833
1084	0.305945
1085	0.306054
1086	0.306159
1087	0.306260
1088	0.306358
1089	0.306451
1090	0.306539
1091	0.306623
1092	0.306705
1093	0.306791
1094	0.306876
1095	0.306950
1096	0.307000
1097	0.307018
1098	0.307003
1099	0.306961
1100	0.306892
1101	0.306788
1102	0.306646
1103	0.306471
1104	0.306281
1105	0.306104
1106	0.305957
1107	0.305840
1108	0.305734
1109	0.305613
1110	0.305451
1111	0.305221
1112	0.304884
1113	0.304402
1114	0.303747
1115	0.302905
1116	0.301883
1117	0.300724
1118	0.299484
1119	0.298229
1120	0.297036
1121	0.295988
1122	0.295156
1123	0.294593
1124	0.294330
1125	0.294374
1126	0.294698
1127	0.295252
1128	0.295971
1129	0.296774
1130	0.297582
1131	0.298339
1132	0.299022
1133	0.299623
1134	0.300154
1135	0.300629
1136	0.301057
1137	0.301433
1138	0.301751
1139	0.302011
1140	0.302211
1141	0.302343
1142	0.302412
1143	0.302435
1144	0.302442
1145	0.302467
1146	0.302551
1147	0.302717
1148	0.302974
1149	0.303323
1150	0.303767
1151	0.304305
1152	0.304937
1153	0.305658
1154	0.306449
1155	0.307280
1156	0.308118
1157	0.308938
1158	0.309720
1159	0.310444
1160	0.311097
1161	0.311672
1162	0.312176
1163	0.312631
1164	0.313068
1165	0.313505
1166	0.313944
1167	0.314377
1168	0.314794
1169	0.315187
1170	0.315558
1171	0.315909
1172	0.316244
1173	0.316558
1174	0.316844
1175	0.317103
1176	0.317338
1177	0.317552
1178	0.317743
1179	0.317908
1180	0.318040
1181	0.318145
1182	0.318234
1183	0.318327
1184	0.318442
1185	0.318584
1186	0.318754
1187	0.318950
1188	0.319173
1189	0.319423
1190	0.319697
1191	0.319986
1192	0.320274
1193	0.320547
1194	0.320796
1195	0.321013
1196	0.321198
1197	0.321351
1198	0.321477
1199	0.321580
1200	0.321672
1201	0.321768
1202	0.321883
1203	0.322028
1204	0.322209
1205	0.322428
1206	0.322678
1207	0.322951
1208	0.323234
1209	0.323518
1210	0.323793
1211	0.324057
1212	0.324307
1213	0.324543
1214	0.324768
1215	0.324983
1216	0.325195
1217	0.325407
1218	0.325624
1219	0.325847
1220	0.326075
1221	0.326304
1222	0.326531
1223	0.326757
1224	0.326981
1225	0.327206
1226	0.327427
1227	0.327641
1228	0.327845
1229	0.328042
1230	0.328235
1231	0.328430
1232	0.328628
1233	0.328826
1234	0.329019
1235	0.329203
1236	0.329378
1237	0.329548
1238	0.329710
1239	0.329860
1240	0.329993
1241	0.330110
1242	0.330216
1243	0.330322
1244	0.330436
1245	0.330563
1246	0.330707
1247	0.330867
1248	0.331046
1249	0.331245
1250	0.331468
1251	0.331712
1252	0.331964
1253	0.332206
1254	0.332424
1255	0.332614
1256	0.332783
1257	0.332943
1258	0.333094
1259	0.333227
1260	0.333330
1261	0.333394
1262	0.333426
1263	0.333445
1264	0.333469
1265	0.333508
1266	0.333563
1267	0.333628
1268	0.333704
1269	0.333796
1270	0.333906
1271	0.334026
1272	0.334147
1273	0.334256
1274	0.334354
1275	0.334454
1276	0.334571
1277	0.334709
1278	0.334861
1279	0.335015
1280	0.335157
1281	0.335284
1282	0.335404
1283	0.335522
1284	0.335642
1285	0.335761
1286	0.335879
1287	0.335997
1288	0.336120
1289	0.336251
1290	0.336376
1291	0.336473
1292	0.336528
1293	0.336538
1294	0.336522
1295	0.336503
1296	0.336494
1297	0.336498
1298	0.336513
1299	0.336542
1300	0.336594
1301	0.336673
1302	0.336771
1303	0.336871
1304	0.336946
1305	0.336973
1306	0.336956
1307	0.336922
1308	0.336895
1309	0.336887
1310	0.336900
1311	0.336925
1312	0.336957
1313	0.336991
1314	0.337020
1315	0.337029
1316	0.337004
1317	0.336937
1318	0.336827
1319	0.336681
1320	0.336517
1321	0.336348
1322	0.336182
1323	0.336012
1324	0.335833
1325	0.335647
1326	0.335454
1327	0.335254
1328	0.335047
1329	0.334833
1330	0.334613
1331	0.334387
1332	0.334156
1333	0.333919
1334	0.333676
1335	0.333429
1336	0.333177
1337	0.332920
1338	0.332660
1339	0.332395
1340	0.332127
1341	0.331855
1342	0.331580
1343	0.331303
1344	0.331022
1345	0.330739
1346	0.330455
1347	0.330168
1348	0.329880
1349	0.329590
1350	0.329299
1351	0.329008
1352	0.328716
1353	0.328424
1354	0.328131
1355	0.327839
1356	0.327548
1357	0.327257
1358	0.326967
1359	0.326678
1360	0.326391
1361	0.326106
1362	0.325823
1363	0.325542
1364	0.325264
1365	0.324989
1366	0.324719
1367	0.324455
1368	0.324194
1369	0.323932
1370	0.323668
1371	0.323399
1372	0.323126
1373	0.322849
1374	0.322567
1375	0.322282
1376	0.321994
1377	0.321707
1378	0.321421
1379	0.321139
1380	0.320861
1381	0.320584
1382	0.320308
1383	0.320030
1384	0.319752
1385	0.319474
1386	0.319196
1387	0.318918
1388	0.318639
1389	0.318361
1390	0.318083
1391	0.317781
1392	0.317420
1393	0.317054
1394	0.316782
1395	0.316674
1396	0.316730
1397	0.316892
1398	0.317073
1399	0.317185
1400	0.317163
1401	0.316967
1402	0.316563
1403	0.315928
1404	0.315070
1405	0.314041
1406	0.312942
1407	0.311902
1408	0.311029
1409	0.310347
1410	0.309790
1411	0.309324
1412	0.308947
1413	0.308655
1414	0.308445
1415	0.308313
1416	0.308257
1417	0.308272
1418	0.308357
1419	0.308506
1420	0.308718
1421	0.308989
1422	0.309315
1423	0.309694
1424	0.310122
1425	0.310596
1426	0.311112
1427	0.311667
1428	0.312259
1429	0.312883
1430	0.313537
1431	0.314217
1432	0.314919
1433	0.315642
1434	0.316380
1435	0.317132
1436	0.317894
1437	0.318662
1438	0.319433
1439	0.320205
1440	0.320973
1441	0.321735
1442	0.322486
1443	0.323225
1444	0.323948
1445	0.324650
1446	0.325330
1447	0.325984
1448	0.326608
1449	0.327199
1450	0.327755
1451	0.328271
1452	0.328753
1453	0.329211
1454	0.329623
1455	0.329955
1456	0.330180
1457	0.330292
1458	0.330303
1459	0.330221
1460	0.330046
1461	0.329770
1462	0.329391
1463	0.328927
1464	0.328419
1465	0.327927
1466	0.327508
1467	0.327200
1468	0.327019
1469	0.326978
1470	0.327095
1471	0.327396
1472	0.327873
1473	0.328480
1474	0.329160
1475	0.329861
1476	0.330551
1477	0.331217
1478	0.331865
1479	0.332510
1480	0.333169
1481	0.333851
1482	0.334559
1483	0.335291
1484	0.336045
1485	0.336813
1486	0.337591
1487	0.338376
1488	0.339168
1489	0.339970
1490	0.340784
1491	0.341609
1492	0.342443
1493	0.343282
1494	0.344115
1495	0.344923
1496	0.345680
1497	0.346357
1498	0.346933
1499	0.347409
1500	0.347795
1501	0.348117
1502	0.348401
1503	0.348666
1504	0.348928
1505	0.349202
1506	0.349499
1507	0.349827
1508	0.350176
1509	0.350528
1510	0.350853
1511	0.351137
1512	0.351380
1513	0.351601
1514	0.351823
1515	0.352069
1516	0.352354
1517	0.352681
1518	0.353038
1519	0.353411
1520	0.353779
1521	0.354119
1522	0.354413
1523	0.354657
1524	0.354856
1525	0.355026
1526	0.355191
1527	0.355375
1528	0.355588
1529	0.355835
1530	0.356109
1531	0.356398
1532	0.356684
1533	0.356956
1534	0.357204
1535	0.357417
1536	0.357588
1537	0.357713
1538	0.357797
1539	0.357852
1540	0.357897
1541	0.357955
1542	0.358037
1543	0.358151
1544	0.358298
1545	0.358478
1546	0.358685
1547	0.358906
1548	0.359126
1549	0.359330
1550	0.359510
1551	0.359662
1552	0.359793
1553	0.359909
1554	0.360020
1555	0.360132
1556	0.360250
1557	0.360371
1558	0.360491
1559	0.360604
1560	0.360710
1561	0.360812
1562	0.360914
1563	0.361016
1564	0.361113
1565	0.361195
1566	0.361261
1567	0.361318
1568	0.361383
1569	0.361470
1570	0.361585
1571	0.361724
1572	0.361875
1573	0.362032
1574	0.362193
1575	0.362359
1576	0.362533
1577	0.362705
1578	0.362866
1579	0.363007
1580	0.363123
1581	0.363213
1582	0.363276
1583	0.363307
1584	0.363306
1585	0.363281
1586	0.363245
1587	0.363222
1588	0.363231
1589	0.363285
1590	0.363386
1591	0.363528
1592	0.363703
1593	0.363900
1594	0.364108
1595	0.364312
1596	0.364502
1597	0.364675
1598	0.364832
1599	0.364985
1600	0.365147
1601	0.365319
1602	0.365491
1603	0.365655
1604	0.365802
1605	0.365931
1606	0.366047
1607	0.366153
1608	0.366249
1609	0.366328
1610	0.366389
1611	0.366437
1612	0.366474
1613	0.366513
1614	0.366565
1615	0.366638
1616	0.366730
1617	0.366843
1618	0.366979
1619	0.367133
1620	0.367295
1621	0.367456
1622	0.367605
1623	0.367740
1624	0.367865
1625	0.367985
1626	0.368100
1627	0.368206
1628	0.368298
1629	0.368373
1630	0.368427
1631	0.368461
1632	0.368481
1633	0.368489
1634	0.368494
1635	0.368505
1636	0.368539
1637	0.368609
1638	0.368725
1639	0.368884
1640	0.369076
1641	0.369281
1642	0.369484
1643	0.369665
1644	0.369812
1645	0.369917
1646	0.369977
1647	0.370003
1648	0.370012
1649	0.370027
1650	0.370071
1651	0.370151
1652	0.370262
1653	0.370389
1654	0.370507
1655	0.370596
1656	0.370643
1657	0.370647
1658	0.370617
1659	0.370574
1660	0.370544
1661	0.370550
1662	0.370612
1663	0.370735
1664	0.370907
1665	0.371107
1666	0.371307
1667	0.371485
1668	0.371631
1669	0.371742
1670	0.371825
1671	0.371890
1672	0.371945
1673	0.371991
1674	0.372023
1675	0.372042
1676	0.372046
1677	0.372045
1678	0.372054
1679	0.372083
1680	0.372138
1681	0.372222
1682	0.372336
1683	0.372478
1684	0.372637
1685	0.372794
1686	0.372932
1687	0.373034
1688	0.373103
1689	0.373156
1690	0.373213
1691	0.373288
1692	0.373378
1693	0.373473
1694	0.373558
1695	0.373620
1696	0.373656
1697	0.373668
1698	0.373657
1699	0.373631
1700	0.373602
1701	0.373586
1702	0.373593
1703	0.373632
1704	0.373698
1705	0.373778
1706	0.373851
1707	0.373900
1708	0.373918
1709	0.373907
1710	0.373880
1711	0.373855
1712	0.373846
1713	0.373857
1714	0.373884
1715	0.373918
1716	0.373952
1717	0.373990
1718	0.374032
1719	0.374068
1720	0.374081
1721	0.374057
1722	0.373999
1723	0.373922
1724	0.373851
1725	0.373797
1726	0.373761
1727	0.373736
1728	0.373712
1729	0.373687
1730	0.373657
1731	0.373625
1732	0.373597
1733	0.373567
1734	0.373526
1735	0.373466
1736	0.373378
1737	0.373261
1738	0.373123
1739	0.372981
1740	0.372855
1741	0.372764
1742	0.372724
1743	0.372727
1744	0.372752
1745	0.372777
1746	0.372784
1747	0.372759
1748	0.372697
1749	0.372598
1750	0.372472
1751	0.372332
1752	0.372202
1753	0.372106
1754	0.372055
1755	0.372040
1756	0.372033
1757	0.371986
1758	0.371854
1759	0.371623
1760	0.371322
1761	0.370992
1762	0.370677
1763	0.370405
1764	0.370185
1765	0.370015
1766	0.369893
1767	0.369808
1768	0.369733
1769	0.369632
1770	0.369465
1771	0.369203
1772	0.368839
1773	0.368396
1774	0.367920
1775	0.367459
1776	0.367043
1777	0.366693
1778	0.366417
1779	0.366214
1780	0.366077
1781	0.365991
1782	0.365940
1783	0.365906
1784	0.365877
1785	0.365840
1786	0.365788
1787	0.365724
1788	0.365658
1789	0.365594
1790	0.365532
1791	0.365469
1792	0.365407
1793	0.365345
1794	0.365282
1795	0.365220
1796	0.365158
1797	0.365096
1798	0.365033
1799	0.364971
1800	0.364909
1801	0.364846
1802	0.364784
1803	0.364722
1804	0.364659
1805	0.364597
1806	0.364535
1807	0.364472
1808	0.364410
1809	0.364348
1810	0.364286
1811	0.364223
1812	0.364161
1813	0.364099
1814	0.364036
1815	0.363974
1816	0.363912
1817	0.363849
1818	0.363787
1819	0.363725
1820	0.363662
1821	0.363600
1822	0.363538
1823	0.363475
1824	0.363413
1825	0.363351
1826	0.363289
1827	0.363226
1828	0.363164
1829	0.363102
1830	0.363039
1831	0.362977
1832	0.362915
1833	0.362852
1834	0.362790
1835	0.362728
1836	0.362665
1837	0.362603
1838	0.362541
1839	0.362479
1840	0.362416
1841	0.362354
1842	0.362292
1843	0.362229
1844	0.362167
1845	0.362105
1846	0.362042
1847	0.361980
1848	0.361918
1849	0.361855
1850	0.361793
1851	0.361731
1852	0.361669
1853	0.361606
1854	0.361544
1855	0.361482
1856	0.361419
1857	0.361357
1858	0.361295
1859	0.361232
1860	0.361170
1861	0.361108
1862	0.361045
1863	0.360983
1864	0.360921
1865	0.360859
1866	0.360796
1867	0.360734
1868	0.360672
1869	0.360609
1870	0.360547
1871	0.360485
1872	0.360422
1873	0.360360
1874	0.360298
1875	0.360235
1876	0.360173
1877	0.360111
1878	0.360049
1879	0.359986
1880	0.359924
1881	0.359862
1882	0.359799
1883	0.359737
1884	0.359675
1885	0.359612
1886	0.359550
1887	0.359488
1888	0.359425
1889	0.359363
1890	0.359301
1891	0.359239
1892	0.359176
1893	0.359114
1894	0.359052
1895	0.358989
1896	0.358927
1897	0.358865
1898	0.358802
1899	0.358740
1900	0.358678
1901	0.358615
1902	0.358553
1903	0.358491
1904	0.358429
1905	0.358366
1906	0.358304
1907	0.358242
1908	0.358179
1909	0.358117
1910	0.358055
1911	0.357992
1912	0.357930
1913	0.357868
1914	0.357805
1915	0.357743
1916	0.357681
1917	0.357619
1918	0.357556
1919	0.357494
1920	0.357432
1921	0.357369
1922	0.357307
1923	0.357245
1924	0.357182
1925	0.357120
1926	0.357058
1927	0.356995
1928	0.356933
1929	0.356871
1930	0.356809
1931	0.356746
1932	0.356684
1933	0.356622
1934	0.356559
1935	0.356497
1936	0.356435
1937	0.356372
1938	0.356310
1939	0.356248
1940	0.356185
1941	0.356125
1942	0.356068
1943	0.356015
1944	0.355960
1945	0.355895
1946	0.355814
1947	0.355714
1948	0.355596
1949	0.355464
1950	0.355324
1951	0.355182
1952	0.355047
1953	0.354928
1954	0.354836
1955	0.354776
1956	0.354753
1957	0.354763
1958	0.354802
1959	0.354865
1960	0.354952
1961	0.355064
1962	0.355200
1963	0.355360
1964	0.355542
1965	0.355746
1966	0.355972
1967	0.356220
1968	0.356487
1969	0.356775
1970	0.357082
1971	0.357407
1972	0.357751
1973	0.358113
1974	0.358491
1975	0.358886
1976	0.359297
1977	0.359723
1978	0.360163
1979	0.360618
1980	0.361086
1981	0.361568
1982	0.362061
1983	0.362567
1984	0.363083
1985	0.363610
1986	0.364148
1987	0.364694
1988	0.365250
1989	0.365814
1990	0.366386
1991	0.366964
1992	0.367550
1993	0.368141
1994	0.368738
1995	0.369339
1996	0.369945
1997	0.370555
1998	0.371167
1999	0.371782
2000	0.372399
2001	0.373017
2002	0.373617
2003	0.374175
2004	0.374759
2005	0.375447
2006	0.376253
2007	0.377115
2008	0.377934
2009	0.378619
2010	0.379122
2011	0.379455
2012	0.379680
2013	0.379866
2014	0.380078
2015	0.380383
2016	0.380861
2017	0.381562
2018	0.382476
2019	0.383512
2020	0.384484
2021	0.385176
2022	0.385514
2023	0.385552
2024	0.385391
2025	0.385153
2026	0.384950
2027	0.384871
2028	0.384980
2029	0.385308
2030	0.385837
2031	0.386496
2032	0.387172
2033	0.387764
2034	0.388229
2035	0.388570
2036	0.388811
2037	0.388992
2038	0.389139
2039	0.389267
2040	0.389405
2041	0.389579
2042	0.389795
2043	0.390021
2044	0.390189
2045	0.390235
2046	0.390118
2047	0.389823
2048	0.389380
2049	0.388862
2050	0.388369
2051	0.388019
2052	0.387920
2053	0.388139
2054	0.388647
2055	0.389345
2056	0.390106
2057	0.390816
2058	0.391401
2059	0.391819
2060	0.392072
2061	0.392188
2062	0.392221
2063	0.392259
2064	0.392375
2065	0.392603
2066	0.392937
2067	0.393328
2068	0.393716
2069	0.394058
2070	0.394347
2071	0.394606
2072	0.394848
2073	0.395073
2074	0.395284
2075	0.395482
2076	0.395667
2077	0.395841
2078	0.396006
2079	0.396163
2080	0.396312
2081	0.396454
2082	0.396591
2083	0.396724
2084	0.396853
2085	0.396980
2086	0.397104
2087	0.397228
2088	0.397351
2089	0.397475
2090	0.397600
2091	0.397726
2092	0.397855
2093	0.397986
2094	0.398120
2095	0.398258
2096	0.398399
2097	0.398545
2098	0.398695
2099	0.398850
2100	0.399010
2101	0.399175
2102	0.399345
2103	0.399520
2104	0.399700
2105	0.399885
2106	0.400076
2107	0.400271
2108	0.400471
2109	0.400675
2110	0.400883
2111	0.401096
2112	0.401312
2113	0.401530
2114	0.401752
2115	0.401976
2116	0.402201
2117	0.402427
2118	0.402653
2119	0.402880
2120	0.403105
2121	0.403328
2122	0.403548
2123	0.403765
2124	0.403978
2125	0.404185
2126	0.404385
2127	0.404579
2128	0.404763
2129	0.404938
2130	0.405102
2131	0.405253
2132	0.405392
2133	0.405515
2134	0.405623
2135	0.405712
2136	0.405783
2137	0.405834
2138	0.405862
2139	0.405866
2140	0.405846
2141	0.405798
2142	0.405721
2143	0.405614
2144	0.405475
2145	0.405301
2146	0.405091
2147	0.404843
2148	0.404555
2149	0.404225
2150	0.403850
2151	0.403429
2152	0.402933
2153	0.402308
2154	0.401585
2155	0.400868
2156	0.400261
2157	0.399832
2158	0.399595
2159	0.399522
2160	0.399563
2161	0.399665
2162	0.399776
2163	0.399831
2164	0.399755
2165	0.399484
2166	0.398990
2167	0.398303
2168	0.397508
2169	0.396706
2170	0.395949
2171	0.395198
2172	0.394433
2173	0.393656
2174	0.392870
2175	0.392078
2176	0.391282
2177	0.390485
2178	0.389689
2179	0.388897
2180	0.388110
2181	0.387331
2182	0.386562
2183	0.385805
2184	0.385061
2185	0.384332
2186	0.383620
2187	0.382926
2188	0.382253
2189	0.381600
2190	0.380970
2191	0.380364
2192	0.379782
2193	0.379226
2194	0.378697
2195	0.378196
2196	0.377722
2197	0.377277
2198	0.376862
2199	0.376476
2200	0.376121
2201	0.375796
2202	0.375502
2203	0.375238
2204	0.375005
2205	0.374802
2206	0.374630
2207	0.374488
2208	0.374375
2209	0.374292
2210	0.374237
2211	0.374211
2212	0.374211
2213	0.374238
2214	0.374290
2215	0.374367
2216	0.374467
2217	0.374589
2218	0.374732
2219	0.374894
2220	0.375074
2221	0.375270
2222	0.375482
2223	0.375706
2224	0.375941
2225	0.376185
2226	0.376436
2227	0.376692
2228	0.376951
2229	0.377210
2230	0.377468
2231	0.377720
2232	0.377966
2233	0.378202
2234	0.378426
2235	0.378634
2236	0.378823
2237	0.378992
2238	0.379135
2239	0.379251
2240	0.379336
2241	0.379386
2242	0.379399
2243	0.379370
2244	0.379295
2245	0.379171
2246	0.378995
2247	0.378761
2248	0.378467
2249	0.378107
2250	0.377678
2251	0.377176
2252	0.376559
2253	0.375748
2254	0.374770
2255	0.373752
2256	0.372851
2257	0.372192
2258	0.371841
2259	0.371806
2260	0.372059
2261	0.372551
2262	0.373223
2263	0.373985
2264	0.374722
2265	0.375315
2266	0.375685
2267	0.375825
2268	0.375811
2269	0.375763
2270	0.375753
2271	0.375743
2272	0.375708
2273	0.375650
2274	0.375570
2275	0.375472
2276	0.375357
2277	0.375226
2278	0.375081
2279	0.374924
2280	0.374757
2281	0.374582
2282	0.374398
2283	0.374209
2284	0.374015
2285	0.373817
2286	0.373618
2287	0.373417
2288	0.373216
2289	0.373017
2290	0.372819
2291	0.372625
2292	0.372434
2293	0.372247
2294	0.372066
2295	0.371890
2296	0.371721
2297	0.371559
2298	0.371404
2299	0.371257
2300	0.371117
2301	0.370986
2302	0.370863
2303	0.370749
2304	0.370643
2305	0.370545
2306	0.370456
2307	0.370376
2308	0.370303
2309	0.370238
2310	0.370181
2311	0.370130
2312	0.370086
2313	0.370048
2314	0.370016
2315	0.369988
2316	0.369964
2317	0.369944
2318	0.369926
2319	0.369909
2320	0.369892
2321	0.369875
2322	0.369856
2323	0.369835
2324	0.369809
2325	0.369777
2326	0.369739
2327	0.369692
2328	0.369635
2329	0.369567
2330	0.369486
2331	0.369390
2332	0.369278
2333	0.369147
2334	0.368996
2335	0.368822
2336	0.368625
2337	0.368401
2338	0.368148
2339	0.367865
2340	0.367548
2341	0.367197
2342	0.366807
2343	0.366377
2344	0.365905
2345	0.365386
2346	0.364820
2347	0.364203
2348	0.363532
2349	0.362805
2350	0.362018
2351	0.361169
2352	0.360245
2353	0.359226
2354	0.358116
2355	0.356939
2356	0.355732
2357	0.354523
2358	0.353328
2359	0.352152
2360	0.350993
2361	0.349844
2362	0.348697
2363	0.347536
2364	0.346338
2365	0.345078
2366	0.343740
2367	0.342321
2368	0.340838
2369	0.339319
2370	0.337778
2371	0.336205
2372	0.334596
2373	0.332949
2374	0.331265
2375	0.329543
2376	0.327784
2377	0.325988
2378	0.324154
2379	0.322283
2380	0.320375
2381	0.318429
2382	0.316447
2383	0.314426
2384	0.312369
2385	0.310274
2386	0.308142
2387	0.305972
2388	0.303765
2389	0.301521
2390	0.299239
2391	0.296921
2392	0.294564
2393	0.292171
2394	0.289740
2395	0.287272
2396	0.284766
2397	0.282224
2398	0.279643
2399	0.277026
2400	0.274371
2401	0.271679
2402	0.268949
2403	0.266183
2404	0.263378
2405	0.260537
2406	0.257658
2407	0.254742
2408	0.251789
2409	0.248798
2410	0.245770
2411	0.242704
2412	0.239602
2413	0.236461
2414	0.233284
2415	0.230069
2416	0.226817
2417	0.223528
2418	0.220201
2419	0.216837
2420	0.213436
2421	0.209997
2422	0.206521
2423	0.203007
2424	0.199457
2425	0.195869
2426	0.192243
2427	0.188581
2428	0.184881
2429	0.181143
2430	0.177369
2431	0.173556
2432	0.169707
2433	0.165820
2434	0.161896
2435	0.157935
2436	0.153936
2437	0.149900
2438	0.145827
2439	0.141717
2440	0.137569
2441	0.133383
2442	0.129161
2443	0.124901
2444	0.120603
2445	0.116269
2446	0.111897
2447	0.107488
2448	0.103041
2449	0.098557
2450	0.094036
2451	0.089477
2452	0.084881
2453	0.080248
2454	0.075577
2455	0.070869
2456	0.066124
2457	0.061342
2458	0.056522
2459	0.051665
2460	0.046770
2461	0.041838
2462	0.036869
2463	0.031862
2464	0.026819
2465	0.021737
2466	0.016619
2467	0.011463
2468	0.006270
2469	0.001039
2470	-0.004229
2471	-0.009534
2472	-0.014876
2473	-0.020256
2474	-0.025673
2475	-0.031128
2476	-0.036620
2477	-0.042149
2478	-0.047715
2479	-0.053319
2480	-0.058960
2481	-0.064639
2482	-0.070354
2483	-0.076107
2484	-0.081898
2485	-0.087726
2486	-0.093591
2487	-0.099493
2488	-0.105433
2489	-0.111410
2490	-0.117424
2491	-0.123476
2492	-0.129565
2493	-0.135692
2494	-0.141855
2495	-0.148056
2496	-0.154295
2497	-0.160571
2498	-0.166884
2499	-0.173234
2500	-0.179622
