350	0.022962
351	0.022949
352	0.022933
353	0.022916
354	0.022897
355	0.022877
356	0.022856
357	0.022833
358	0.022806
359	0.022772
360	0.022732
361	0.022714
362	0.022704
363	0.022688
364	0.022664
365	0.022641
366	0.022627
367	0.022628
368	0.022643
369	0.022664
370	0.022687
371	0.022724
372	0.022785
373	0.022865
374	0.022950
375	0.023030
376	0.023097
377	0.023146
378	0.023184
379	0.023215
380	0.023238
381	0.023248
382	0.023253
383	0.023264
384	0.023292
385	0.023338
386	0.023399
387	0.023472
388	0.023556
389	0.023651
390	0.023755
391	0.023860
392	0.023956
393	0.024035
394	0.024090
395	0.024114
396	0.024108
397	0.024083
398	0.024054
399	0.024034
400	0.024032
401	0.024054
402	0.024105
403	0.024183
404	0.024281
405	0.024388
406	0.024492
407	0.024583
408	0.024661
409	0.024727
410	0.024783
411	0.024833
412	0.024885
413	0.024941
414	0.025006
415	0.025083
416	0.025180
417	0.025296
418	0.025420
419	0.025545
420	0.025668
421	0.025790
422	0.025917
423	0.026052
424	0.026198
425	0.026357
426	0.026528
427	0.026709
428	0.026893
429	0.027070
430	0.027235
431	0.027388
432	0.027530
433	0.027662
434	0.027790
435	0.027917
436	0.028047
437	0.028184
438	0.028331
439	0.028483
440	0.028634
441	0.028781
442	0.028922
443	0.029055
444	0.029180
445	0.029303
446	0.029426
447	0.029550
448	0.029674
449	0.029799
450	0.029921
451	0.030040
452	0.030157
453	0.030272
454	0.030385
455	0.030493
456	0.030590
457	0.030675
458	0.030749
459	0.030818
460	0.030884
461	0.030950
462	0.031016
463	0.031083
464	0.031150
465	0.031217
466	0.031284
467	0.031350
468	0.031412
469	0.031469
470	0.031523
471	0.031577
472	0.031634
473	0.031693
474	0.031753
475	0.031813
476	0.031875
477	0.031935
478	0.031994
479	0.032057
480	0.032128
481	0.032208
482	0.032295
483	0.032387
484	0.032481
485	0.032576
486	0.032669
487	0.032760
488	0.032850
489	0.032942
490	0.033039
491	0.033146
492	0.033266
493	0.033404
494	0.033564
495	0.033742
496	0.033939
497	0.034154
498	0.034389
499	0.034644
500	0.034915
501	0.035203
502	0.035511
503	0.035839
504	0.036188
505	0.036561
506	0.036961
507	0.037393
508	0.037861
509	0.038366
510	0.038911
511	0.039499
512	0.040135
513	0.040818
514	0.041547
515	0.042319
516	0.043131
517	0.043976
518	0.044847
519	0.045734
520	0.046630
521	0.047532
522	0.048435
523	0.049333
524	0.050222
525	0.051097
526	0.051953
527	0.052784
528	0.053583
529	0.054346
530	0.055072
531	0.055756
532	0.056396
533	0.056995
534	0.057563
535	0.058104
536	0.058622
537	0.059115
538	0.059587
539	0.060041
540	0.060478
541	0.060902
542	0.061312
543	0.061709
544	0.062094
545	0.062468
546	0.062829
547	0.063175
548	0.063501
549	0.063802
550	0.064070
551	0.064298
552	0.064481
553	0.064614
554	0.064696
555	0.064735
556	0.064739
557	0.064717
558	0.064674
559	0.064614
560	0.064537
561	0.064439
562	0.064311
563	0.064149
564	0.063950
565	0.063715
566	0.063443
567	0.063137
568	0.062799
569	0.062433
570	0.062043
571	0.061635
572	0.061216
573	0.060797
574	0.060390
575	0.060004
576	0.059648
577	0.059333
578	0.059069
579	0.058858
580	0.058692
581	0.058561
582	0.058453
583	0.058360
584	0.058274
585	0.058195
586	0.058121
587	0.058057
588	0.058002
589	0.057955
590	0.057915
591	0.057880
592	0.057852
593	0.057828
594	0.057808
595	0.057793
596	0.057781
597	0.057774
598	0.057772
599	0.057775
600	0.057781
601	0.057788
602	0.057788
603	0.057774
604	0.057738
605	0.057676
606	0.057585
607	0.057465
608	0.057316
609	0.057142
610	0.056947
611	0.056735
612	0.056514
613	0.056293
614	0.056078
615	0.055872
616	0.055677
617	0.055497
618	0.055336
619	0.055198
620	0.055086
621	0.055003
622	0.054947
623	0.054913
624	0.054901
625	0.054911
626	0.054942
627	0.054991
628	0.055054
629	0.055127
630	0.055202
631	0.055274
632	0.055337
633	0.055379
634	0.055390
635	0.055358
636	0.055281
637	0.055159
638	0.054997
639	0.054799
640	0.054567
641	0.054299
642	0.054002
643	0.053684
644	0.053358
645	0.053034
646	0.052720
647	0.052424
648	0.052154
649	0.051911
650	0.051700
651	0.051520
652	0.051362
653	0.051214
654	0.051059
655	0.050885
656	0.050687
657	0.050461
658	0.050205
659	0.049919
660	0.049610
661	0.049285
662	0.048955
663	0.048629
664	0.048322
665	0.048044
666	0.047803
667	0.047601
668	0.047438
669	0.047318
670	0.047239
671	0.047198
672	0.047192
673	0.047217
674	0.047272
675	0.047352
676	0.047455
677	0.047581
678	0.047732
679	0.047915
680	0.048144
681	0.048441
682	0.048833
683	0.049343
684	0.049989
685	0.050786
686	0.051746
687	0.052886
688	0.054219
689	0.055767
690	0.057551
691	0.059591
692	0.061906
693	0.064510
694	0.067410
695	0.070606
696	0.074090
697	0.077842
698	0.081830
699	0.086017
700	0.090367
701	0.094843
702	0.099417
703	0.104064
704	0.108765
705	0.113508
706	0.118287
707	0.123104
708	0.127963
709	0.132858
710	0.137760
711	0.142635
712	0.147458
713	0.152242
714	0.157033
715	0.161877
716	0.166801
717	0.171806
718	0.176890
719	0.182047
720	0.187265
721	0.192518
722	0.197759
723	0.202931
724	0.207984
725	0.212903
726	0.217723
727	0.222489
728	0.227228
729	0.231922
730	0.236527
731	0.241001
732	0.245322
733	0.249476
734	0.253450
735	0.257234
736	0.260826
737	0.264227
738	0.267446
739	0.270494
740	0.273382
741	0.276112
742	0.278673
743	0.281061
744	0.283274
745	0.285320
746	0.287210
747	0.288961
748	0.290589
749	0.292116
750	0.293556
751	0.294887
752	0.296072
753	0.297107
754	0.298048
755	0.298943
756	0.299813
757	0.300650
758	0.301443
759	0.302187
760	0.302887
761	0.303557
762	0.304203
763	0.304815
764	0.305376
765	0.305881
766	0.306344
767	0.306808
768	0.307315
769	0.307860
770	0.308399
771	0.308894
772	0.309354
773	0.309789
774	0.310201
775	0.310592
776	0.310968
777	0.311337
778	0.311704
779	0.312070
780	0.312429
781	0.312767
782	0.313072
783	0.313334
784	0.313552
785	0.313739
786	0.313917
787	0.314105
788	0.314320
789	0.314572
790	0.314862
791	0.315184
792	0.315526
793	0.315875
794	0.316215
795	0.316528
796	0.316808
797	0.317061
798	0.317305
799	0.317558
800	0.317837
801	0.318152
802	0.318501
803	0.318872
804	0.319245
805	0.319590
806	0.319873
807	0.320059
808	0.320116
809	0.320024
810	0.319794
811	0.319473
812	0.319126
813	0.318822
814	0.318613
815	0.318541
816	0.318627
817	0.318869
818	0.319243
819	0.319708
820	0.320220
821	0.320730
822	0.321209
823	0.321639
824	0.322021
825	0.322372
826	0.322713
827	0.323055
828	0.323404
829	0.323770
830	0.324160
831	0.324577
832	0.325021
833	0.325491
834	0.325982
835	0.326490
836	0.327002
837	0.327507
838	0.327997
839	0.328469
840	0.328926
841	0.329363
842	0.329772
843	0.330149
844	0.330490
845	0.330791
846	0.331053
847	0.331291
848	0.331528
849	0.331779
850	0.332050
851	0.332331
852	0.332612
853	0.332897
854	0.333187
855	0.333471
856	0.333735
857	0.333977
858	0.334199
859	0.334415
860	0.334638
861	0.334883
862	0.335151
863	0.335429
864	0.335695
865	0.335937
866	0.336160
867	0.336372
868	0.336577
869	0.336771
870	0.336956
871	0.337140
872	0.337332
873	0.337526
874	0.337721
875	0.337917
876	0.338107
877	0.338282
878	0.338437
879	0.338578
880	0.338715
881	0.338848
882	0.338970
883	0.339073
884	0.339156
885	0.339220
886	0.339262
887	0.339268
888	0.339225
889	0.339118
890	0.338929
891	0.338641
892	0.338263
893	0.337826
894	0.337362
895	0.336910
896	0.336510
897	0.336199
898	0.336003
899	0.335936
900	0.335989
901	0.336131
902	0.336325
903	0.336526
904	0.336677
905	0.336736
906	0.336697
907	0.336578
908	0.336402
909	0.336185
910	0.335951
911	0.335723
912	0.335519
913	0.335436
914	0.335581
915	0.335986
916	0.336599
917	0.337309
918	0.337985
919	0.338509
920	0.338796
921	0.338798
922	0.338474
923	0.337809
924	0.336841
925	0.335660
926	0.334390
927	0.333166
928	0.332079
929	0.331139
930	0.330286
931	0.329491
932	0.328753
933	0.328071
934	0.327444
935	0.326870
936	0.326347
937	0.325875
938	0.325451
939	0.325076
940	0.324747
941	0.324462
942	0.324222
943	0.324023
944	0.323866
945	0.323748
946	0.323668
947	0.323626
948	0.323618
949	0.323645
950	0.323705
951	0.323797
952	0.323918
953	0.324068
954	0.324246
955	0.324449
956	0.324678
957	0.324930
958	0.325204
959	0.325498
960	0.325812
961	0.326144
962	0.326492
963	0.326856
964	0.327234
965	0.327624
966	0.328026
967	0.328437
968	0.328857
969	0.329285
970	0.329718
971	0.330155
972	0.330596
973	0.331038
974	0.331481
975	0.331923
976	0.332363
977	0.332799
978	0.333230
979	0.333655
980	0.334072
981	0.334480
982	0.334881
983	0.335279
984	0.335669
985	0.336035
986	0.336364
987	0.336647
988	0.336885
989	0.337081
990	0.337244
991	0.337382
992	0.337505
993	0.337623
994	0.337747
995	0.337888
996	0.338048
997	0.338227
998	0.338413
999	0.338595
1000	0.338768
1001	0.338938
1002	0.339108
1003	0.339278
1004	0.339449
1005	0.339621
1006	0.339795
1007	0.339971
1008	0.340149
1009	0.340330
1010	0.340513
1011	0.340700
1012	0.340890
1013	0.341083
1014	0.341281
1015	0.341482
1016	0.341687
1017	0.341897
1018	0.342111
1019	0.342329
1020	0.342551
1021	0.342778
1022	0.343009
1023	0.343245
1024	0.343485
1025	0.343729
1026	0.343977
1027	0.344229
1028	0.344485
1029	0.344744
1030	0.345007
1031	0.345271
1032	0.345534
1033	0.345798
1034	0.346071
1035	0.346359
1036	0.346663
1037	0.346978
1038	0.347297
1039	0.347613
1040	0.347921
1041	0.348215
1042	0.348493
1043	0.348749
1044	0.348985
1045	0.349201
1046	0.349403
1047	0.349602
1048	0.349806
1049	0.350015
1050	0.350226
1051	0.350436
1052	0.350644
1053	0.350850
1054	0.351054
1055	0.351256
1056	0.351454
1057	0.351649
1058	0.351840
1059	0.352027
1060	0.352210
1061	0.352387
1062	0.352560
1063	0.352726
1064	0.352887
1065	0.353041
1066	0.353188
1067	0.353328
1068	0.353460
1069	0.353585
1070	0.353701
1071	0.353809
1072	0.353907
1073	0.353996
1074	0.354075
1075	0.354144
1076	0.354202
1077	0.354250
1078	0.354286
1079	0.354310
1080	0.354322
1081	0.354322
1082	0.354308
1083	0.354282
1084	0.354242
1085	0.354188
1086	0.354119
1087	0.354036
1088	0.353938
1089	0.353824
1090	0.353694
1091	0.353548
1092	0.353390
1093	0.353228
1094	0.353052
1095	0.352844
1096	0.352586
1097	0.352274
1098	0.351910
1099	0.351502
1100	0.351061
1101	0.350601
1102	0.350138
1103	0.349695
1104	0.349291
1105	0.348942
1106	0.348648
1107	0.348396
1108	0.348159
1109	0.347894
1110	0.347555
1111	0.347095
1112	0.346458
1113	0.345592
1114	0.344462
1115	0.343067
1116	0.341435
1117	0.339612
1118	0.337668
1119	0.335680
1120	0.333735
1121	0.331926
1122	0.330328
1123	0.328983
1124	0.327897
1125	0.327052
1126	0.326423
1127	0.325979
1128	0.325687
1129	0.325511
1130	0.325410
1131	0.325340
1132	0.325264
1133	0.325159
1134	0.325009
1135	0.324804
1136	0.324531
1137	0.324170
1138	0.323696
1139	0.323091
1140	0.322337
1141	0.321414
1142	0.320314
1143	0.319051
1144	0.317667
1145	0.316234
1146	0.314842
1147	0.313576
1148	0.312502
1149	0.311662
1150	0.311072
1151	0.310727
1152	0.310597
1153	0.310640
1154	0.310811
1155	0.311063
1156	0.311368
1157	0.311712
1158	0.312085
1159	0.312469
1160	0.312837
1161	0.313156
1162	0.313399
1163	0.313561
1164	0.313655
1165	0.313708
1166	0.313750
1167	0.313808
1168	0.313903
1169	0.314039
1170	0.314207
1171	0.314383
1172	0.314530
1173	0.314617
1174	0.314622
1175	0.314544
1176	0.314392
1177	0.314189
1178	0.313959
1179	0.313721
1180	0.313489
1181	0.313277
1182	0.313086
1183	0.312914
1184	0.312764
1185	0.312643
1186	0.312563
1187	0.312532
1188	0.312556
1189	0.312631
1190	0.312743
1191	0.312876
1192	0.313009
1193	0.313126
1194	0.313209
1195	0.313256
1196	0.313271
1197	0.313266
1198	0.313259
1199	0.313267
1200	0.313305
1201	0.313381
1202	0.313503
1203	0.313672
1204	0.313884
1205	0.314129
1206	0.314394
1207	0.314675
1208	0.314976
1209	0.315302
1210	0.315662
1211	0.316056
1212	0.316481
1213	0.316933
1214	0.317403
1215	0.317884
1216	0.318366
1217	0.318838
1218	0.319287
1219	0.319711
1220	0.320113
1221	0.320505
1222	0.320905
1223	0.321324
1224	0.321768
1225	0.322236
1226	0.322721
1227	0.323215
1228	0.323707
1229	0.324190
1230	0.324657
1231	0.325104
1232	0.325528
1233	0.325928
1234	0.326304
1235	0.326657
1236	0.326985
1237	0.327293
1238	0.327583
1239	0.327858
1240	0.328123
1241	0.328382
1242	0.328632
1243	0.328870
1244	0.329095
1245	0.329304
1246	0.329507
1247	0.329714
1248	0.329937
1249	0.330180
1250	0.330441
1251	0.330708
1252	0.330969
1253	0.331211
1254	0.331423
1255	0.331600
1256	0.331743
1257	0.331857
1258	0.331947
1259	0.332016
1260	0.332064
1261	0.332087
1262	0.332080
1263	0.332042
1264	0.331977
1265	0.331892
1266	0.331801
1267	0.331720
1268	0.331665
1269	0.331654
1270	0.331700
1271	0.331804
1272	0.331951
1273	0.332115
1274	0.332268
1275	0.332393
1276	0.332483
1277	0.332539
1278	0.332564
1279	0.332554
1280	0.332503
1281	0.332412
1282	0.332286
1283	0.332134
1284	0.331972
1285	0.331806
1286	0.331634
1287	0.331458
1288	0.331278
1289	0.331099
1290	0.330924
1291	0.330752
1292	0.330574
1293	0.330374
1294	0.330143
1295	0.329875
1296	0.329565
1297	0.329214
1298	0.328819
1299	0.328384
1300	0.327909
1301	0.327405
1302	0.326883
1303	0.326353
1304	0.325815
1305	0.325264
1306	0.324685
1307	0.324068
1308	0.323407
1309	0.322702
1310	0.321952
1311	0.321159
1312	0.320326
1313	0.319461
1314	0.318574
1315	0.317674
1316	0.316764
1317	0.315841
1318	0.314898
1319	0.313922
1320	0.312909
1321	0.311860
1322	0.310777
1323	0.309663
1324	0.308518
1325	0.307342
1326	0.306137
1327	0.304901
1328	0.303636
1329	0.302342
1330	0.301019
1331	0.299667
1332	0.298287
1333	0.296880
1334	0.295445
1335	0.293982
1336	0.292494
1337	0.290978
1338	0.289437
1339	0.287870
1340	0.286277
1341	0.284660
1342	0.283018
1343	0.281351
1344	0.279661
1345	0.277947
1346	0.276210
1347	0.274450
1348	0.272667
1349	0.270862
1350	0.269035
1351	0.267186
1352	0.265317
1353	0.263426
1354	0.261515
1355	0.259584
1356	0.257633
1357	0.255662
1358	0.253673
1359	0.251665
1360	0.249638
1361	0.247593
1362	0.245531
1363	0.243451
1364	0.241354
1365	0.239235
1366	0.237083
1367	0.234904
1368	0.232719
1369	0.230552
1370	0.228420
1371	0.226332
1372	0.224290
1373	0.222287
1374	0.220316
1375	0.218369
1376	0.216433
1377	0.214492
1378	0.212529
1379	0.210535
1380	0.208511
1381	0.206470
1382	0.204430
1383	0.202402
1384	0.200377
1385	0.198353
1386	0.196328
1387	0.194304
1388	0.192279
1389	0.190255
1390	0.188231
1391	0.186185
1392	0.184086
1393	0.181982
1394	0.179962
1395	0.178088
1396	0.176362
1397	0.174735
1398	0.173129
1399	0.171465
1400	0.169684
1401	0.167748
1402	0.165623
1403	0.163289
1404	0.160749
1405	0.158048
1406	0.155274
1407	0.152545
1408	0.149956
1409	0.147534
1410	0.145222
1411	0.142992
1412	0.140843
1413	0.138776
1414	0.136788
1415	0.134879
1416	0.133048
1417	0.131294
1418	0.129617
1419	0.128014
1420	0.126486
1421	0.125032
1422	0.123649
1423	0.122339
1424	0.121099
1425	0.119929
1426	0.118828
1427	0.117795
1428	0.116829
1429	0.115929
1430	0.115095
1431	0.114325
1432	0.113618
1433	0.112974
1434	0.112391
1435	0.111870
1436	0.111408
1437	0.111005
1438	0.110660
1439	0.110372
1440	0.110141
1441	0.109964
1442	0.109842
1443	0.109774
1444	0.109758
1445	0.109794
1446	0.109881
1447	0.110017
1448	0.110202
1449	0.110436
1450	0.110717
1451	0.111043
1452	0.111434
1453	0.111926
1454	0.112497
1455	0.113073
1456	0.113570
1457	0.113933
1458	0.114146
1459	0.114225
1460	0.114194
1461	0.114073
1462	0.113880
1463	0.113654
1464	0.113453
1465	0.113341
1466	0.113360
1467	0.113505
1468	0.113737
1469	0.114009
1470	0.114312
1471	0.114690
1472	0.115174
1473	0.115765
1474	0.116448
1475	0.117201
1476	0.117999
1477	0.118826
1478	0.119664
1479	0.120494
1480	0.121298
1481	0.122066
1482	0.122805
1483	0.123533
1484	0.124274
1485	0.125041
1486	0.125845
1487	0.126690
1488	0.127567
1489	0.128462
1490	0.129358
1491	0.130247
1492	0.131121
1493	0.131977
1494	0.132817
1495	0.133644
1496	0.134472
1497	0.135312
1498	0.136169
1499	0.137042
1500	0.137921
1501	0.138799
1502	0.139668
1503	0.140530
1504	0.141391
1505	0.142256
1506	0.143129
1507	0.144009
1508	0.144885
1509	0.145746
1510	0.146580
1511	0.147385
1512	0.148162
1513	0.148920
1514	0.149672
1515	0.150435
1516	0.151219
1517	0.152037
1518	0.152894
1519	0.153778
1520	0.154669
1521	0.155541
1522	0.156366
1523	0.157134
1524	0.157857
1525	0.158553
1526	0.159244
1527	0.159944
1528	0.160664
1529	0.161406
1530	0.162171
1531	0.162956
1532	0.163753
1533	0.164543
1534	0.165312
1535	0.166053
1536	0.166774
1537	0.167491
1538	0.168216
1539	0.168946
1540	0.169672
1541	0.170383
1542	0.171080
1543	0.171765
1544	0.172444
1545	0.173120
1546	0.173789
1547	0.174448
1548	0.175100
1549	0.175751
1550	0.176410
1551	0.177076
1552	0.177742
1553	0.178398
1554	0.179031
1555	0.179637
1556	0.180220
1557	0.180784
1558	0.181333
1559	0.181866
1560	0.182381
1561	0.182881
1562	0.183375
1563	0.183877
1564	0.184396
1565	0.184935
1566	0.185487
1567	0.186043
1568	0.186602
1569	0.187163
1570	0.187729
1571	0.188295
1572	0.188852
1573	0.189385
1574	0.189891
1575	0.190379
1576	0.190864
1577	0.191358
1578	0.191871
1579	0.192401
1580	0.192944
1581	0.193495
1582	0.194048
1583	0.194591
1584	0.195112
1585	0.195597
1586	0.196043
1587	0.196463
1588	0.196873
1589	0.197291
1590	0.197726
1591	0.198175
1592	0.198636
1593	0.199102
1594	0.199569
1595	0.200034
1596	0.200486
1597	0.200919
1598	0.201332
1599	0.201729
1600	0.202119
1601	0.202509
1602	0.202909
1603	0.203318
1604	0.203729
1605	0.204140
1606	0.204554
1607	0.204977
1608	0.205417
1609	0.205880
1610	0.206364
1611	0.206857
1612	0.207346
1613	0.207823
1614	0.208284
1615	0.208728
1616	0.209160
1617	0.209577
1618	0.209969
1619	0.210337
1620	0.210691
1621	0.211044
1622	0.211401
1623	0.211755
1624	0.212086
1625	0.212380
1626	0.212638
1627	0.212870
1628	0.213091
1629	0.213307
1630	0.213516
1631	0.213716
1632	0.213909
1633	0.214099
1634	0.214292
1635	0.214484
1636	0.214670
1637	0.214849
1638	0.215029
1639	0.215222
1640	0.215434
1641	0.215656
1642	0.215868
1643	0.216050
1644	0.216189
1645	0.216289
1646	0.216361
1647	0.216419
1648	0.216472
1649	0.216526
1650	0.216586
1651	0.216655
1652	0.216732
1653	0.216808
1654	0.216871
1655	0.216905
1656	0.216900
1657	0.216854
1658	0.216774
1659	0.216673
1660	0.216565
1661	0.216462
1662	0.216366
1663	0.216284
1664	0.216224
1665	0.216187
1666	0.216173
1667	0.216173
1668	0.216176
1669	0.216169
1670	0.216138
1671	0.216077
1672	0.215988
1673	0.215877
1674	0.215748
1675	0.215606
1676	0.215449
1677	0.215277
1678	0.215093
1679	0.214900
1680	0.214693
1681	0.214464
1682	0.214203
1683	0.213909
1684	0.213585
1685	0.213239
1686	0.212884
1687	0.212533
1688	0.212189
1689	0.211858
1690	0.211549
1691	0.211268
1692	0.211021
1693	0.210806
1694	0.210604
1695	0.210390
1696	0.210142
1697	0.209853
1698	0.209532
1699	0.209190
1700	0.208829
1701	0.208447
1702	0.208037
1703	0.207598
1704	0.207147
1705	0.206707
1706	0.206291
1707	0.205905
1708	0.205549
1709	0.205218
1710	0.204912
1711	0.204630
1712	0.204363
1713	0.204094
1714	0.203797
1715	0.203458
1716	0.203072
1717	0.202655
1718	0.202226
1719	0.201799
1720	0.201380
1721	0.200975
1722	0.200594
1723	0.200248
1724	0.199942
1725	0.199671
1726	0.199425
1727	0.199197
1728	0.198988
1729	0.198796
1730	0.198617
1731	0.198434
1732	0.198229
1733	0.197988
1734	0.197706
1735	0.197391
1736	0.197057
1737	0.196714
1738	0.196362
1739	0.196010
1740	0.195673
1741	0.195373
1742	0.195131
1743	0.194938
1744	0.194761
1745	0.194570
1746	0.194347
1747	0.194083
1748	0.193769
1749	0.193394
1750	0.192940
1751	0.192404
1752	0.191807
1753	0.191182
1754	0.190563
1755	0.189968
1756	0.189407
1757	0.188888
1758	0.188428
1759	0.188047
1760	0.187763
1761	0.187559
1762	0.187393
1763	0.187235
1764	0.187075
1765	0.186908
1766	0.186731
1767	0.186529
1768	0.186272
1769	0.185958
1770	0.185620
1771	0.185290
1772	0.184987
1773	0.184699
1774	0.184396
1775	0.184047
1776	0.183639
1777	0.183171
1778	0.182656
1779	0.182092
1780	0.181473
1781	0.180804
1782	0.180109
1783	0.179417
1784	0.178755
1785	0.178131
1786	0.177525
1787	0.176919
1788	0.176310
1789	0.175697
1790	0.175082
1791	0.174467
1792	0.173852
1793	0.173237
1794	0.172622
1795	0.172007
1796	0.171392
1797	0.170776
1798	0.170161
1799	0.169546
1800	0.168931
1801	0.168316
1802	0.167701
1803	0.167086
1804	0.166471
1805	0.165856
1806	0.165241
1807	0.164626
1808	0.164011
1809	0.163396
1810	0.162780
1811	0.162165
1812	0.161550
1813	0.160935
1814	0.160320
1815	0.159705
1816	0.159090
1817	0.158475
1818	0.157860
1819	0.157245
1820	0.156630
1821	0.156015
1822	0.155400
1823	0.154785
1824	0.154169
1825	0.153554
1826	0.152939
1827	0.152324
1828	0.151709
1829	0.151094
1830	0.150479
1831	0.149864
1832	0.149249
1833	0.148634
1834	0.148019
1835	0.147404
1836	0.146789
1837	0.146173
1838	0.145558
1839	0.144943
1840	0.144328
1841	0.143713
1842	0.143098
1843	0.142483
1844	0.141868
1845	0.141253
1846	0.140638
1847	0.140023
1848	0.139408
1849	0.138793
1850	0.138177
1851	0.137562
1852	0.136947
1853	0.136332
1854	0.135717
1855	0.135102
1856	0.134487
1857	0.133872
1858	0.133257
1859	0.132642
1860	0.132027
1861	0.131412
1862	0.130797
1863	0.130181
1864	0.129566
1865	0.128951
1866	0.128336
1867	0.127721
1868	0.127106
1869	0.126491
1870	0.125876
1871	0.125261
1872	0.124646
1873	0.124031
1874	0.123416
1875	0.122801
1876	0.122186
1877	0.121570
1878	0.120955
1879	0.120340
1880	0.119725
1881	0.119110
1882	0.118495
1883	0.117880
1884	0.117265
1885	0.116650
1886	0.116035
1887	0.115420
1888	0.114805
1889	0.114190
1890	0.113574
1891	0.112959
1892	0.112344
1893	0.111729
1894	0.111114
1895	0.110499
1896	0.109884
1897	0.109269
1898	0.108654
1899	0.108039
1900	0.107424
1901	0.106809
1902	0.106194
1903	0.105578
1904	0.104963
1905	0.104348
1906	0.103733
1907	0.103118
1908	0.102503
1909	0.101888
1910	0.101273
1911	0.100658
1912	0.100043
1913	0.099428
1914	0.098813
1915	0.098198
1916	0.097582
1917	0.096967
1918	0.096352
1919	0.095737
1920	0.095122
1921	0.094507
1922	0.093892
1923	0.093277
1924	0.092662
1925	0.092047
1926	0.091432
1927	0.090817
1928	0.090202
1929	0.089586
1930	0.088971
1931	0.088356
1932	0.087741
1933	0.087126
1934	0.086511
1935	0.085896
1936	0.085281
1937	0.084666
1938	0.084051
1939	0.083436
1940	0.082821
1941	0.082198
1942	0.081555
1943	0.080914
1944	0.080310
1945	0.079762
1946	0.079263
1947	0.078786
1948	0.078296
1949	0.077762
1950	0.077162
1951	0.076489
1952	0.075738
1953	0.074912
1954	0.074025
1955	0.073105
1956	0.072199
1957	0.071357
1958	0.070616
1959	0.069982
1960	0.069428
1961	0.068939
1962	0.068514
1963	0.068150
1964	0.067844
1965	0.067596
1966	0.067401
1967	0.067260
1968	0.067168
1969	0.067123
1970	0.067125
1971	0.067170
1972	0.067255
1973	0.067380
1974	0.067541
1975	0.067737
1976	0.067965
1977	0.068223
1978	0.068508
1979	0.068819
1980	0.069154
1981	0.069509
1982	0.069883
1983	0.070274
1984	0.070679
1985	0.071096
1986	0.071523
1987	0.071958
1988	0.072398
1989	0.072841
1990	0.073285
1991	0.073728
1992	0.074168
1993	0.074602
1994	0.075027
1995	0.075443
1996	0.075846
1997	0.076235
1998	0.076607
1999	0.076959
2000	0.077291
2001	0.077598
2002	0.077870
2003	0.078086
2004	0.078260
2005	0.078425
2006	0.078606
2007	0.078819
2008	0.079079
2009	0.079382
2010	0.079718
2011	0.080073
2012	0.080436
2013	0.080796
2014	0.081141
2015	0.081472
2016	0.081814
2017	0.082199
2018	0.082660
2019	0.083207
2020	0.083812
2021	0.084414
2022	0.084988
2023	0.085536
2024	0.086052
2025	0.086534
2026	0.086986
2027	0.087407
2028	0.087809
2029	0.088217
2030	0.088652
2031	0.089118
2032	0.089594
2033	0.090047
2034	0.090460
2035	0.090838
2036	0.091193
2037	0.091530
2038	0.091829
2039	0.092050
2040	0.092167
2041	0.092189
2042	0.092173
2043	0.092201
2044	0.092356
2045	0.092678
2046	0.093146
2047	0.093695
2048	0.094227
2049	0.094646
2050	0.094889
2051	0.094930
2052	0.094802
2053	0.094585
2054	0.094342
2055	0.094120
2056	0.093967
2057	0.093923
2058	0.094001
2059	0.094178
2060	0.094403
2061	0.094624
2062	0.094811
2063	0.094981
2064	0.095177
2065	0.095450
2066	0.095827
2067	0.096286
2068	0.096774
2069	0.097229
2070	0.097631
2071	0.098007
2072	0.098369
2073	0.098720
2074	0.099060
2075	0.099390
2076	0.099710
2077	0.100021
2078	0.100324
2079	0.100618
2080	0.100905
2081	0.101186
2082	0.101460
2083	0.101728
2084	0.101992
2085	0.102250
2086	0.102504
2087	0.102755
2088	0.103002
2089	0.103246
2090	0.103487
2091	0.103726
2092	0.103964
2093	0.104200
2094	0.104435
2095	0.104669
2096	0.104902
2097	0.105136
2098	0.105369
2099	0.105603
2100	0.105837
2101	0.106072
2102	0.106308
2103	0.106545
2104	0.106783
2105	0.107023
2106	0.107264
2107	0.107507
2108	0.107752
2109	0.107999
2110	0.108248
2111	0.108498
2112	0.108751
2113	0.109006
2114	0.109263
2115	0.109522
2116	0.109783
2117	0.110046
2118	0.110311
2119	0.110578
2120	0.110847
2121	0.111117
2122	0.111389
2123	0.111662
2124	0.111936
2125	0.112211
2126	0.112487
2127	0.112764
2128	0.113040
2129	0.113318
2130	0.113594
2131	0.113871
2132	0.114147
2133	0.114421
2134	0.114694
2135	0.114966
2136	0.115235
2137	0.115502
2138	0.115766
2139	0.116027
2140	0.116284
2141	0.116537
2142	0.116786
2143	0.117029
2144	0.117266
2145	0.117498
2146	0.117723
2147	0.117940
2148	0.118150
2149	0.118351
2150	0.118544
2151	0.118727
2152	0.118898
2153	0.119057
2154	0.119208
2155	0.119358
2156	0.119506
2157	0.119641
2158	0.119749
2159	0.119817
2160	0.119836
2161	0.119802
2162	0.119718
2163	0.119590
2164	0.119428
2165	0.119245
2166	0.119061
2167	0.118893
2168	0.118757
2169	0.118663
2170	0.118607
2171	0.118580
2172	0.118576
2173	0.118594
2174	0.118633
2175	0.118691
2176	0.118767
2177	0.118859
2178	0.118967
2179	0.119089
2180	0.119223
2181	0.119368
2182	0.119524
2183	0.119689
2184	0.119862
2185	0.120041
2186	0.120226
2187	0.120415
2188	0.120608
2189	0.120804
2190	0.121001
2191	0.121198
2192	0.121396
2193	0.121591
2194	0.121785
2195	0.121976
2196	0.122163
2197	0.122345
2198	0.122522
2199	0.122693
2200	0.122856
2201	0.123013
2202	0.123161
2203	0.123300
2204	0.123431
2205	0.123551
2206	0.123660
2207	0.123759
2208	0.123846
2209	0.123921
2210	0.123983
2211	0.124033
2212	0.124070
2213	0.124093
2214	0.124102
2215	0.124097
2216	0.124078
2217	0.124044
2218	0.123995
2219	0.123931
2220	0.123852
2221	0.123758
2222	0.123648
2223	0.123523
2224	0.123383
2225	0.123226
2226	0.123055
2227	0.122867
2228	0.122665
2229	0.122447
2230	0.122214
2231	0.121965
2232	0.121702
2233	0.121425
2234	0.121133
2235	0.120826
2236	0.120506
2237	0.120173
2238	0.119826
2239	0.119466
2240	0.119094
2241	0.118710
2242	0.118315
2243	0.117908
2244	0.117491
2245	0.117064
2246	0.116627
2247	0.116182
2248	0.115728
2249	0.115267
2250	0.114800
2251	0.114326
2252	0.113823
2253	0.113251
2254	0.112660
2255	0.112149
2256	0.111797
2257	0.111625
2258	0.111601
2259	0.111656
2260	0.111717
2261	0.111721
2262	0.111625
2263	0.111382
2264	0.110953
2265	0.110321
2266	0.109509
2267	0.108593
2268	0.107682
2269	0.106877
2270	0.106209
2271	0.105621
2272	0.105081
2273	0.104588
2274	0.104139
2275	0.103730
2276	0.103360
2277	0.103026
2278	0.102725
2279	0.102454
2280	0.102213
2281	0.101997
2282	0.101806
2283	0.101636
2284	0.101486
2285	0.101354
2286	0.101238
2287	0.101135
2288	0.101043
2289	0.100962
2290	0.100889
2291	0.100823
2292	0.100761
2293	0.100702
2294	0.100646
2295	0.100589
2296	0.100531
2297	0.100471
2298	0.100406
2299	0.100337
2300	0.100261
2301	0.100178
2302	0.100087
2303	0.099986
2304	0.099874
2305	0.099751
2306	0.099616
2307	0.099468
2308	0.099307
2309	0.099131
2310	0.098940
2311	0.098734
2312	0.098512
2313	0.098274
2314	0.098019
2315	0.097747
2316	0.097458
2317	0.097151
2318	0.096827
2319	0.096485
2320	0.096126
2321	0.095750
2322	0.095356
2323	0.094944
2324	0.094516
2325	0.094071
2326	0.093610
2327	0.093132
2328	0.092639
2329	0.092132
2330	0.091609
2331	0.091074
2332	0.090525
2333	0.089964
2334	0.089391
2335	0.088808
2336	0.088215
2337	0.087614
2338	0.087005
2339	0.086389
2340	0.085769
2341	0.085144
2342	0.084516
2343	0.083887
2344	0.083258
2345	0.082631
2346	0.082007
2347	0.081387
2348	0.080773
2349	0.080167
2350	0.079572
2351	0.078987
2352	0.078421
2353	0.077885
2354	0.077378
2355	0.076885
2356	0.076387
2357	0.075869
2358	0.075320
2359	0.074738
2360	0.074124
2361	0.073481
2362	0.072814
2363	0.072131
2364	0.071445
2365	0.070770
2366	0.070115
2367	0.069482
2368	0.068861
2369	0.068238
2370	0.067604
2371	0.066965
2372	0.066323
2373	0.065678
2374	0.065032
2375	0.064383
2376	0.063732
2377	0.063078
2378	0.062423
2379	0.061765
2380	0.061104
2381	0.060442
2382	0.059777
2383	0.059110
2384	0.058440
2385	0.057768
2386	0.057094
2387	0.056418
2388	0.055739
2389	0.055059
2390	0.054375
2391	0.053690
2392	0.053002
2393	0.052312
2394	0.051620
2395	0.050925
2396	0.050228
2397	0.049529
2398	0.048828
2399	0.048124
2400	0.047418
2401	0.046709
2402	0.045999
2403	0.045286
2404	0.044571
2405	0.043853
2406	0.043133
2407	0.042411
2408	0.041687
2409	0.040960
2410	0.040231
2411	0.039500
2412	0.038767
2413	0.038031
2414	0.037293
2415	0.036552
2416	0.035810
2417	0.035065
2418	0.034317
2419	0.033568
2420	0.032816
2421	0.032062
2422	0.031306
2423	0.030547
2424	0.029786
2425	0.029023
2426	0.028257
2427	0.027489
2428	0.026719
2429	0.025947
2430	0.025172
2431	0.024395
2432	0.023616
2433	0.022835
2434	0.022051
2435	0.021265
2436	0.020476
2437	0.019685
2438	0.018892
2439	0.018097
2440	0.017300
2441	0.016500
2442	0.015698
2443	0.014893
2444	0.014087
2445	0.013278
2446	0.012466
2447	0.011653
2448	0.010837
2449	0.010019
2450	0.009198
2451	0.008376
2452	0.007551
2453	0.006723
2454	0.005894
2455	0.005062
2456	0.004228
2457	0.003391
2458	0.002552
2459	0.001711
2460	0.000868
2461	0.000023
2462	-0.000825
2463	-0.001675
2464	-0.002528
2465	-0.003383
2466	-0.004240
2467	-0.005099
2468	-0.005961
2469	-0.006825
2470	-0.007691
2471	-0.008559
2472	-0.009430
2473	-0.010303
2474	-0.011178
2475	-0.012056
2476	-0.012936
2477	-0.013818
2478	-0.014703
2479	-0.015589
2480	-0.016478
2481	-0.017370
2482	-0.018263
2483	-0.019159
2484	-0.020057
2485	-0.020958
2486	-0.021861
2487	-0.022766
2488	-0.023673
2489	-0.024583
2490	-0.025495
2491	-0.026409
2492	-0.027325
2493	-0.028244
2494	-0.029165
2495	-0.030089
2496	-0.031014
2497	-0.031942
2498	-0.032873
2499	-0.033805
2500	-0.034740
